# timestamp=1790739585.842117
# sensor_x=3.0
# sensor_y=2.0
# sensor_z=1941.5
x,y,z
3.655146360397338867e+00,2.000001668930053711e-01,1.941500000000000000e+03
3.654948949813842773e+00,2.000001668930053711e-01,1.941516113281250000e+03
3.654357194900512695e+00,2.000001668930053711e-01,1.941532104492187500e+03
3.653371334075927734e+00,2.000001668930053711e-01,1.941548217773437500e+03
3.651991605758666992e+00,2.000001668930053711e-01,1.941564208984375000e+03
3.650219440460205078e+00,2.000001668930053711e-01,1.941580200195312500e+03
3.648055315017700195e+00,2.000001668930053711e-01,1.941596069335937500e+03
3.645501136779785156e+00,2.000001668930053711e-01,1.941612060546875000e+03
3.642557859420776367e+00,2.000001668930053711e-01,1.941627807617187500e+03
3.639227628707885742e+00,2.000001668930053711e-01,1.941643554687500000e+03
3.635512351989746094e+00,2.000001668930053711e-01,1.941659179687500000e+03
3.631414413452148438e+00,2.000001668930053711e-01,1.941674682617187500e+03
3.626935958862304688e+00,2.000001668930053711e-01,1.941690185546875000e+03
3.622079849243164062e+00,2.000001668930053711e-01,1.941705566406250000e+03
3.616849184036254883e+00,2.000001668930053711e-01,1.941720703125000000e+03
3.611246824264526367e+00,2.000001668930053711e-01,1.941735839843750000e+03
3.605276346206665039e+00,2.000001668930053711e-01,1.941750732421875000e+03
3.598941326141357422e+00,2.000001668930053711e-01,1.941765502929687500e+03
3.592245340347290039e+00,2.000001668930053711e-01,1.941780151367187500e+03
3.585192680358886719e+00,2.000001668930053711e-01,1.941794555664062500e+03
3.577787399291992188e+00,2.000001668930053711e-01,1.941808837890625000e+03
3.570034265518188477e+00,2.000001668930053711e-01,1.941822875976562500e+03
3.561937808990478516e+00,2.000001668930053711e-01,1.941836791992187500e+03
3.553502798080444336e+00,2.000001668930053711e-01,1.941850463867187500e+03
3.544734239578247070e+00,2.000001668930053711e-01,1.941864013671875000e+03
3.535637855529785156e+00,2.000001668930053711e-01,1.941877197265625000e+03
3.526218414306640625e+00,2.000001668930053711e-01,1.941890258789062500e+03
3.516482353210449219e+00,2.000001668930053711e-01,1.941903076171875000e+03
3.506434917449951172e+00,2.000001668930053711e-01,1.941915649414062500e+03
3.496082782745361328e+00,2.000001668930053711e-01,1.941927978515625000e+03
3.485431432723999023e+00,2.000001668930053711e-01,1.941939941406250000e+03
3.474487781524658203e+00,2.000001668930053711e-01,1.941951782226562500e+03
3.463258504867553711e+00,2.000001668930053711e-01,1.941963256835937500e+03
3.451750040054321289e+00,2.000001668930053711e-01,1.941974487304687500e+03
3.439969539642333984e+00,2.000001668930053711e-01,1.941985473632812500e+03
3.427923917770385742e+00,2.000001668930053711e-01,1.941996093750000000e+03
3.415620565414428711e+00,2.000001668930053711e-01,1.942006469726562500e+03
3.403066635131835938e+00,2.000001668930053711e-01,1.942016479492187500e+03
3.390270233154296875e+00,2.000001668930053711e-01,1.942026245117187500e+03
3.377238750457763672e+00,2.000001668930053711e-01,1.942035644531250000e+03
3.363979816436767578e+00,2.000001668930053711e-01,1.942044677734375000e+03
3.350501775741577148e+00,2.000001668930053711e-01,1.942053466796875000e+03
3.336812496185302734e+00,2.000001668930053711e-01,1.942061889648437500e+03
3.322920560836791992e+00,2.000001668930053711e-01,1.942070068359375000e+03
3.308833837509155273e+00,2.000001668930053711e-01,1.942077758789062500e+03
3.294561147689819336e+00,2.000001668930053711e-01,1.942085205078125000e+03
3.280111074447631836e+00,2.000001668930053711e-01,1.942092285156250000e+03
3.265492439270019531e+00,2.000001668930053711e-01,1.942098999023437500e+03
3.250713586807250977e+00,2.000001668930053711e-01,1.942105224609375000e+03
3.235784053802490234e+00,2.000001668930053711e-01,1.942111206054687500e+03
3.220712184906005859e+00,2.000001668930053711e-01,1.942116821289062500e+03
3.205507516860961914e+00,2.000001668930053711e-01,1.942122070312500000e+03
3.190178871154785156e+00,2.000001668930053711e-01,1.942126953125000000e+03
3.174736022949218750e+00,2.000001668930053711e-01,1.942131469726562500e+03
3.159187555313110352e+00,2.000001668930053711e-01,1.942135498046875000e+03
3.143543481826782227e+00,2.000001668930053711e-01,1.942139282226562500e+03
3.127812623977661133e+00,2.000001668930053711e-01,1.942142578125000000e+03
3.112004995346069336e+00,2.000001668930053711e-01,1.942145507812500000e+03
3.096129894256591797e+00,2.000001668930053711e-01,1.942148071289062500e+03
3.080196857452392578e+00,2.000001668930053711e-01,1.942150268554687500e+03
3.064215660095214844e+00,2.000001668930053711e-01,1.942151977539062500e+03
3.048195600509643555e+00,2.000001668930053711e-01,1.942153320312500000e+03
3.032146453857421875e+00,2.000001668930053711e-01,1.942154296875000000e+03
3.016077995300292969e+00,2.000001668930053711e-01,1.942154907226562500e+03
3.000000000000000000e+00,2.000001668930053711e-01,1.942155151367187500e+03
2.983922004699707031e+00,2.000001668930053711e-01,1.942154907226562500e+03
2.967853546142578125e+00,2.000001668930053711e-01,1.942154296875000000e+03
2.951804399490356445e+00,2.000001668930053711e-01,1.942153320312500000e+03
2.935784339904785156e+00,2.000001668930053711e-01,1.942151977539062500e+03
2.919803142547607422e+00,2.000001668930053711e-01,1.942150268554687500e+03
2.903870105743408203e+00,2.000001668930053711e-01,1.942148071289062500e+03
2.887995004653930664e+00,2.000001668930053711e-01,1.942145507812500000e+03
2.872187376022338867e+00,2.000001668930053711e-01,1.942142578125000000e+03
2.856456518173217773e+00,2.000001668930053711e-01,1.942139282226562500e+03
2.840812444686889648e+00,2.000001668930053711e-01,1.942135498046875000e+03
2.825263977050781250e+00,2.000001668930053711e-01,1.942131469726562500e+03
2.809821128845214844e+00,2.000001668930053711e-01,1.942126953125000000e+03
2.794492483139038086e+00,2.000001668930053711e-01,1.942122070312500000e+03
2.779287815093994141e+00,2.000001668930053711e-01,1.942116821289062500e+03
2.764215946197509766e+00,2.000001668930053711e-01,1.942111206054687500e+03
2.749286413192749023e+00,2.000001668930053711e-01,1.942105224609375000e+03
2.734507560729980469e+00,2.000001668930053711e-01,1.942098999023437500e+03
2.719888925552368164e+00,2.000001668930053711e-01,1.942092285156250000e+03
2.705438852310180664e+00,2.000001668930053711e-01,1.942085205078125000e+03
2.691166162490844727e+00,2.000001668930053711e-01,1.942077758789062500e+03
2.677079439163208008e+00,2.000001668930053711e-01,1.942070068359375000e+03
2.663187503814697266e+00,2.000001668930053711e-01,1.942061889648437500e+03
2.649498224258422852e+00,2.000001668930053711e-01,1.942053466796875000e+03
2.636020183563232422e+00,2.000001668930053711e-01,1.942044677734375000e+03
2.622761249542236328e+00,2.000001668930053711e-01,1.942035644531250000e+03
2.609729766845703125e+00,2.000001668930053711e-01,1.942026245117187500e+03
2.596933364868164062e+00,2.000001668930053711e-01,1.942016479492187500e+03
2.584379434585571289e+00,2.000001668930053711e-01,1.942006469726562500e+03
2.572076082229614258e+00,2.000001668930053711e-01,1.941996093750000000e+03
2.560030460357666016e+00,2.000001668930053711e-01,1.941985473632812500e+03
2.548249959945678711e+00,2.000001668930053711e-01,1.941974487304687500e+03
2.536741495132446289e+00,2.000001668930053711e-01,1.941963256835937500e+03
2.525512218475341797e+00,2.000001668930053711e-01,1.941951782226562500e+03
2.514568567276000977e+00,2.000001668930053711e-01,1.941939941406250000e+03
2.503917217254638672e+00,2.000001668930053711e-01,1.941927978515625000e+03
2.493565082550048828e+00,2.000001668930053711e-01,1.941915649414062500e+03
2.483517646789550781e+00,2.000001668930053711e-01,1.941903076171875000e+03
2.473781585693359375e+00,2.000001668930053711e-01,1.941890258789062500e+03
2.464362144470214844e+00,2.000001668930053711e-01,1.941877197265625000e+03
2.455265760421752930e+00,2.000001668930053711e-01,1.941864013671875000e+03
2.446497201919555664e+00,2.000001668930053711e-01,1.941850463867187500e+03
2.438062191009521484e+00,2.000001668930053711e-01,1.941836791992187500e+03
2.429965734481811523e+00,2.000001668930053711e-01,1.941822875976562500e+03
2.422212600708007812e+00,2.000001668930053711e-01,1.941808837890625000e+03
2.414807319641113281e+00,2.000001668930053711e-01,1.941794555664062500e+03
2.407754659652709961e+00,2.000001668930053711e-01,1.941780151367187500e+03
2.401058673858642578e+00,2.000001668930053711e-01,1.941765502929687500e+03
2.394723653793334961e+00,2.000001668930053711e-01,1.941750732421875000e+03
2.388753175735473633e+00,2.000001668930053711e-01,1.941735839843750000e+03
2.383150815963745117e+00,2.000001668930053711e-01,1.941720703125000000e+03
2.377920150756835938e+00,2.000001668930053711e-01,1.941705566406250000e+03
2.373064041137695312e+00,2.000001668930053711e-01,1.941690185546875000e+03
2.368585586547851562e+00,2.000001668930053711e-01,1.941674682617187500e+03
2.364487648010253906e+00,2.000001668930053711e-01,1.941659179687500000e+03
2.360772371292114258e+00,2.000001668930053711e-01,1.941643554687500000e+03
2.357442140579223633e+00,2.000001668930053711e-01,1.941627807617187500e+03
2.354498863220214844e+00,2.000001668930053711e-01,1.941612060546875000e+03
2.351944684982299805e+00,2.000001668930053711e-01,1.941596069335937500e+03
2.349780559539794922e+00,2.000001668930053711e-01,1.941580200195312500e+03
2.348008394241333008e+00,2.000001668930053711e-01,1.941564208984375000e+03
2.346628665924072266e+00,2.000001668930053711e-01,1.941548217773437500e+03
2.345642805099487305e+00,2.000001668930053711e-01,1.941532104492187500e+03
2.345051050186157227e+00,2.000001668930053711e-01,1.941516113281250000e+03
2.344853639602661133e+00,2.000001668930053711e-01,1.941500000000000000e+03
2.345051050186157227e+00,2.000001668930053711e-01,1.941483886718750000e+03
2.345642805099487305e+00,2.000001668930053711e-01,1.941467895507812500e+03
2.346628665924072266e+00,2.000001668930053711e-01,1.941451782226562500e+03
2.348008394241333008e+00,2.000001668930053711e-01,1.941435791015625000e+03
2.349780559539794922e+00,2.000001668930053711e-01,1.941419799804687500e+03
2.351944684982299805e+00,2.000001668930053711e-01,1.941403930664062500e+03
2.354498863220214844e+00,2.000001668930053711e-01,1.941387939453125000e+03
2.357442140579223633e+00,2.000001668930053711e-01,1.941372192382812500e+03
2.360772371292114258e+00,2.000001668930053711e-01,1.941356445312500000e+03
2.364487648010253906e+00,2.000001668930053711e-01,1.941340820312500000e+03
2.368585586547851562e+00,2.000001668930053711e-01,1.941325317382812500e+03
2.373064041137695312e+00,2.000001668930053711e-01,1.941309814453125000e+03
2.377920150756835938e+00,2.000001668930053711e-01,1.941294433593750000e+03
2.383150815963745117e+00,2.000001668930053711e-01,1.941279296875000000e+03
2.388753175735473633e+00,2.000001668930053711e-01,1.941264160156250000e+03
2.394723653793334961e+00,2.000001668930053711e-01,1.941249267578125000e+03
2.401058673858642578e+00,2.000001668930053711e-01,1.941234497070312500e+03
2.407754659652709961e+00,2.000001668930053711e-01,1.941219848632812500e+03
2.414807319641113281e+00,2.000001668930053711e-01,1.941205444335937500e+03
2.422212600708007812e+00,2.000001668930053711e-01,1.941191162109375000e+03
2.429965734481811523e+00,2.000001668930053711e-01,1.941177124023437500e+03
2.438062191009521484e+00,2.000001668930053711e-01,1.941163208007812500e+03
2.446497201919555664e+00,2.000001668930053711e-01,1.941149536132812500e+03
2.455265760421752930e+00,2.000001668930053711e-01,1.941135986328125000e+03
2.464362144470214844e+00,2.000001668930053711e-01,1.941122802734375000e+03
2.473781585693359375e+00,2.000001668930053711e-01,1.941109741210937500e+03
2.483517646789550781e+00,2.000001668930053711e-01,1.941096923828125000e+03
2.493565082550048828e+00,2.000001668930053711e-01,1.941084350585937500e+03
2.503917217254638672e+00,2.000001668930053711e-01,1.941072021484375000e+03
2.514568567276000977e+00,2.000001668930053711e-01,1.941060058593750000e+03
2.525512218475341797e+00,2.000001668930053711e-01,1.941048217773437500e+03
2.536741495132446289e+00,2.000001668930053711e-01,1.941036743164062500e+03
2.548249959945678711e+00,2.000001668930053711e-01,1.941025512695312500e+03
2.560030460357666016e+00,2.000001668930053711e-01,1.941014526367187500e+03
2.572076082229614258e+00,2.000001668930053711e-01,1.941003906250000000e+03
2.584379434585571289e+00,2.000001668930053711e-01,1.940993530273437500e+03
2.596933364868164062e+00,2.000001668930053711e-01,1.940983520507812500e+03
2.609729766845703125e+00,2.000001668930053711e-01,1.940973754882812500e+03
2.622761249542236328e+00,2.000001668930053711e-01,1.940964355468750000e+03
2.636020183563232422e+00,2.000001668930053711e-01,1.940955322265625000e+03
2.649498224258422852e+00,2.000001668930053711e-01,1.940946533203125000e+03
2.663187503814697266e+00,2.000001668930053711e-01,1.940938110351562500e+03
2.677079439163208008e+00,2.000001668930053711e-01,1.940929931640625000e+03
2.691166162490844727e+00,2.000001668930053711e-01,1.940922241210937500e+03
2.705438852310180664e+00,2.000001668930053711e-01,1.940914794921875000e+03
2.719888925552368164e+00,2.000001668930053711e-01,1.940907714843750000e+03
2.734507560729980469e+00,2.000001668930053711e-01,1.940901000976562500e+03
2.749286413192749023e+00,2.000001668930053711e-01,1.940894775390625000e+03
2.764215946197509766e+00,2.000001668930053711e-01,1.940888793945312500e+03
2.779287815093994141e+00,2.000001668930053711e-01,1.940883178710937500e+03
2.794492483139038086e+00,2.000001668930053711e-01,1.940877929687500000e+03
2.809821128845214844e+00,2.000001668930053711e-01,1.940873046875000000e+03
2.825263977050781250e+00,2.000001668930053711e-01,1.940868530273437500e+03
2.840812444686889648e+00,2.000001668930053711e-01,1.940864501953125000e+03
2.856456518173217773e+00,2.000001668930053711e-01,1.940860717773437500e+03
2.872187376022338867e+00,2.000001668930053711e-01,1.940857421875000000e+03
2.887995004653930664e+00,2.000001668930053711e-01,1.940854492187500000e+03
2.903870105743408203e+00,2.000001668930053711e-01,1.940851928710937500e+03
2.919803142547607422e+00,2.000001668930053711e-01,1.940849731445312500e+03
2.935784339904785156e+00,2.000001668930053711e-01,1.940848022460937500e+03
2.951804399490356445e+00,2.000001668930053711e-01,1.940846679687500000e+03
2.967853546142578125e+00,2.000001668930053711e-01,1.940845703125000000e+03
2.983922004699707031e+00,2.000001668930053711e-01,1.940845092773437500e+03
3.000000000000000000e+00,2.000001668930053711e-01,1.940844848632812500e+03
3.016077995300292969e+00,2.000001668930053711e-01,1.940845092773437500e+03
3.032146453857421875e+00,2.000001668930053711e-01,1.940845703125000000e+03
3.048195600509643555e+00,2.000001668930053711e-01,1.940846679687500000e+03
3.064215660095214844e+00,2.000001668930053711e-01,1.940848022460937500e+03
3.080196857452392578e+00,2.000001668930053711e-01,1.940849731445312500e+03
3.096129894256591797e+00,2.000001668930053711e-01,1.940851928710937500e+03
3.112004995346069336e+00,2.000001668930053711e-01,1.940854492187500000e+03
3.127812623977661133e+00,2.000001668930053711e-01,1.940857421875000000e+03
3.143543481826782227e+00,2.000001668930053711e-01,1.940860717773437500e+03
3.159187555313110352e+00,2.000001668930053711e-01,1.940864501953125000e+03
3.174736022949218750e+00,2.000001668930053711e-01,1.940868530273437500e+03
3.190178871154785156e+00,2.000001668930053711e-01,1.940873046875000000e+03
3.205507516860961914e+00,2.000001668930053711e-01,1.940877929687500000e+03
3.220712184906005859e+00,2.000001668930053711e-01,1.940883178710937500e+03
3.235784053802490234e+00,2.000001668930053711e-01,1.940888793945312500e+03
3.250713586807250977e+00,2.000001668930053711e-01,1.940894775390625000e+03
3.265492439270019531e+00,2.000001668930053711e-01,1.940901000976562500e+03
3.280111074447631836e+00,2.000001668930053711e-01,1.940907714843750000e+03
3.294561147689819336e+00,2.000001668930053711e-01,1.940914794921875000e+03
3.308833837509155273e+00,2.000001668930053711e-01,1.940922241210937500e+03
3.322920560836791992e+00,2.000001668930053711e-01,1.940929931640625000e+03
3.336812496185302734e+00,2.000001668930053711e-01,1.940938110351562500e+03
3.350501775741577148e+00,2.000001668930053711e-01,1.940946533203125000e+03
3.363979816436767578e+00,2.000001668930053711e-01,1.940955322265625000e+03
3.377238750457763672e+00,2.000001668930053711e-01,1.940964355468750000e+03
3.390270233154296875e+00,2.000001668930053711e-01,1.940973754882812500e+03
3.403066635131835938e+00,2.000001668930053711e-01,1.940983520507812500e+03
3.415620565414428711e+00,2.000001668930053711e-01,1.940993530273437500e+03
3.427923917770385742e+00,2.000001668930053711e-01,1.941003906250000000e+03
3.439969539642333984e+00,2.000001668930053711e-01,1.941014526367187500e+03
3.451750040054321289e+00,2.000001668930053711e-01,1.941025512695312500e+03
3.463258504867553711e+00,2.000001668930053711e-01,1.941036743164062500e+03
3.474487781524658203e+00,2.000001668930053711e-01,1.941048217773437500e+03
3.485431432723999023e+00,2.000001668930053711e-01,1.941060058593750000e+03
3.496082782745361328e+00,2.000001668930053711e-01,1.941072021484375000e+03
3.506434917449951172e+00,2.000001668930053711e-01,1.941084350585937500e+03
3.516482353210449219e+00,2.000001668930053711e-01,1.941096923828125000e+03
3.526218414306640625e+00,2.000001668930053711e-01,1.941109741210937500e+03
3.535637855529785156e+00,2.000001668930053711e-01,1.941122802734375000e+03
3.544734239578247070e+00,2.000001668930053711e-01,1.941135986328125000e+03
3.553502798080444336e+00,2.000001668930053711e-01,1.941149536132812500e+03
3.561937808990478516e+00,2.000001668930053711e-01,1.941163208007812500e+03
3.570034265518188477e+00,2.000001668930053711e-01,1.941177124023437500e+03
3.577787399291992188e+00,2.000001668930053711e-01,1.941191162109375000e+03
3.585192680358886719e+00,2.000001668930053711e-01,1.941205444335937500e+03
3.592245340347290039e+00,2.000001668930053711e-01,1.941219848632812500e+03
3.598941326141357422e+00,2.000001668930053711e-01,1.941234497070312500e+03
3.605276346206665039e+00,2.000001668930053711e-01,1.941249267578125000e+03
3.611246824264526367e+00,2.000001668930053711e-01,1.941264160156250000e+03
3.616849184036254883e+00,2.000001668930053711e-01,1.941279296875000000e+03
3.622079849243164062e+00,2.000001668930053711e-01,1.941294433593750000e+03
3.626935958862304688e+00,2.000001668930053711e-01,1.941309814453125000e+03
3.631414413452148438e+00,2.000001668930053711e-01,1.941325317382812500e+03
3.635512351989746094e+00,2.000001668930053711e-01,1.941340820312500000e+03
3.639227628707885742e+00,2.000001668930053711e-01,1.941356445312500000e+03
3.642557859420776367e+00,2.000001668930053711e-01,1.941372192382812500e+03
3.645501136779785156e+00,2.000001668930053711e-01,1.941387939453125000e+03
3.648055315017700195e+00,2.000001668930053711e-01,1.941403930664062500e+03
3.650219440460205078e+00,2.000001668930053711e-01,1.941419799804687500e+03
3.651991605758666992e+00,2.000001668930053711e-01,1.941435791015625000e+03
3.653371334075927734e+00,2.000001668930053711e-01,1.941451782226562500e+03
3.654357194900512695e+00,2.000001668930053711e-01,1.941467895507812500e+03
3.654948949813842773e+00,2.000001668930053711e-01,1.941483886718750000e+03
3.694647312164306641e+00,2.000000476837158203e-01,1.941500000000000000e+03
3.694438219070434570e+00,2.000000476837158203e-01,1.941517089843750000e+03
3.693810701370239258e+00,2.000000476837158203e-01,1.941534057617187500e+03
3.692765235900878906e+00,2.000000476837158203e-01,1.941551147460937500e+03
3.691302537918090820e+00,2.000000476837158203e-01,1.941568115234375000e+03
3.689423322677612305e+00,2.000000476837158203e-01,1.941585083007812500e+03
3.687129020690917969e+00,2.000000476837158203e-01,1.941601928710937500e+03
3.684420585632324219e+00,2.000000476837158203e-01,1.941618774414062500e+03
3.681299924850463867e+00,2.000000476837158203e-01,1.941635498046875000e+03
3.677768945693969727e+00,2.000000476837158203e-01,1.941652221679687500e+03
3.673829793930053711e+00,2.000000476837158203e-01,1.941668823242187500e+03
3.669484615325927734e+00,2.000000476837158203e-01,1.941685302734375000e+03
3.664736270904541016e+00,2.000000476837158203e-01,1.941701660156250000e+03
3.659587383270263672e+00,2.000000476837158203e-01,1.941717895507812500e+03
3.654041290283203125e+00,2.000000476837158203e-01,1.941734008789062500e+03
3.648101091384887695e+00,2.000000476837158203e-01,1.941750000000000000e+03
3.641770601272583008e+00,2.000000476837158203e-01,1.941765869140625000e+03
3.635053396224975586e+00,2.000000476837158203e-01,1.941781494140625000e+03
3.627954006195068359e+00,2.000000476837158203e-01,1.941796997070312500e+03
3.620476007461547852e+00,2.000000476837158203e-01,1.941812377929687500e+03
3.612624406814575195e+00,2.000000476837158203e-01,1.941827514648437500e+03
3.604403734207153320e+00,2.000000476837158203e-01,1.941842407226562500e+03
3.595818996429443359e+00,2.000000476837158203e-01,1.941857177734375000e+03
3.586875438690185547e+00,2.000000476837158203e-01,1.941871582031250000e+03
3.577578306198120117e+00,2.000000476837158203e-01,1.941885986328125000e+03
3.567933082580566406e+00,2.000000476837158203e-01,1.941900024414062500e+03
3.557946205139160156e+00,2.000000476837158203e-01,1.941913818359375000e+03
3.547622919082641602e+00,2.000000476837158203e-01,1.941927368164062500e+03
3.536969661712646484e+00,2.000000476837158203e-01,1.941940673828125000e+03
3.525993347167968750e+00,2.000000476837158203e-01,1.941953735351562500e+03
3.514699935913085938e+00,2.000000476837158203e-01,1.941966552734375000e+03
3.503096342086791992e+00,2.000000476837158203e-01,1.941979003906250000e+03
3.491189956665039062e+00,2.000000476837158203e-01,1.941991210937500000e+03
3.478987693786621094e+00,2.000000476837158203e-01,1.942003051757812500e+03
3.466496706008911133e+00,2.000000476837158203e-01,1.942014648437500000e+03
3.453724861145019531e+00,2.000000476837158203e-01,1.942026000976562500e+03
3.440679550170898438e+00,2.000000476837158203e-01,1.942036987304687500e+03
3.427369117736816406e+00,2.000000476837158203e-01,1.942047607421875000e+03
3.413800954818725586e+00,2.000000476837158203e-01,1.942057983398437500e+03
3.399983644485473633e+00,2.000000476837158203e-01,1.942067993164062500e+03
3.385925531387329102e+00,2.000000476837158203e-01,1.942077636718750000e+03
3.371634721755981445e+00,2.000000476837158203e-01,1.942086914062500000e+03
3.357120037078857422e+00,2.000000476837158203e-01,1.942095825195312500e+03
3.342390537261962891e+00,2.000000476837158203e-01,1.942104370117187500e+03
3.327454566955566406e+00,2.000000476837158203e-01,1.942112670898437500e+03
3.312321424484252930e+00,2.000000476837158203e-01,1.942120483398437500e+03
3.296999931335449219e+00,2.000000476837158203e-01,1.942127929687500000e+03
3.281499862670898438e+00,2.000000476837158203e-01,1.942135009765625000e+03
3.265830039978027344e+00,2.000000476837158203e-01,1.942141723632812500e+03
3.250000238418579102e+00,2.000000476837158203e-01,1.942148071289062500e+03
3.234019756317138672e+00,2.000000476837158203e-01,1.942154052734375000e+03
3.217898130416870117e+00,2.000000476837158203e-01,1.942159545898437500e+03
3.201645612716674805e+00,2.000000476837158203e-01,1.942164794921875000e+03
3.185271263122558594e+00,2.000000476837158203e-01,1.942169433593750000e+03
3.168785572052001953e+00,2.000000476837158203e-01,1.942173828125000000e+03
3.152198076248168945e+00,2.000000476837158203e-01,1.942177734375000000e+03
3.135519027709960938e+00,2.000000476837158203e-01,1.942181274414062500e+03
3.118758201599121094e+00,2.000000476837158203e-01,1.942184448242187500e+03
3.101925849914550781e+00,2.000000476837158203e-01,1.942187133789062500e+03
3.085032224655151367e+00,2.000000476837158203e-01,1.942189453125000000e+03
3.068087339401245117e+00,2.000000476837158203e-01,1.942191284179687500e+03
3.051101446151733398e+00,2.000000476837158203e-01,1.942192749023437500e+03
3.034084796905517578e+00,2.000000476837158203e-01,1.942193847656250000e+03
3.017047405242919922e+00,2.000000476837158203e-01,1.942194458007812500e+03
3.000000000000000000e+00,2.000000476837158203e-01,1.942194702148437500e+03
2.982952594757080078e+00,2.000000476837158203e-01,1.942194458007812500e+03
2.965915203094482422e+00,2.000000476837158203e-01,1.942193847656250000e+03
2.948898553848266602e+00,2.000000476837158203e-01,1.942192749023437500e+03
2.931912660598754883e+00,2.000000476837158203e-01,1.942191284179687500e+03
2.914967775344848633e+00,2.000000476837158203e-01,1.942189453125000000e+03
2.898074150085449219e+00,2.000000476837158203e-01,1.942187133789062500e+03
2.881241798400878906e+00,2.000000476837158203e-01,1.942184448242187500e+03
2.864480972290039062e+00,2.000000476837158203e-01,1.942181274414062500e+03
2.847801923751831055e+00,2.000000476837158203e-01,1.942177734375000000e+03
2.831214427947998047e+00,2.000000476837158203e-01,1.942173828125000000e+03
2.814728736877441406e+00,2.000000476837158203e-01,1.942169433593750000e+03
2.798354387283325195e+00,2.000000476837158203e-01,1.942164794921875000e+03
2.782101869583129883e+00,2.000000476837158203e-01,1.942159545898437500e+03
2.765980243682861328e+00,2.000000476837158203e-01,1.942154052734375000e+03
2.749999761581420898e+00,2.000000476837158203e-01,1.942148071289062500e+03
2.734169960021972656e+00,2.000000476837158203e-01,1.942141723632812500e+03
2.718500137329101562e+00,2.000000476837158203e-01,1.942135009765625000e+03
2.703000068664550781e+00,2.000000476837158203e-01,1.942127929687500000e+03
2.687678575515747070e+00,2.000000476837158203e-01,1.942120483398437500e+03
2.672545433044433594e+00,2.000000476837158203e-01,1.942112670898437500e+03
2.657609462738037109e+00,2.000000476837158203e-01,1.942104370117187500e+03
2.642879962921142578e+00,2.000000476837158203e-01,1.942095825195312500e+03
2.628365278244018555e+00,2.000000476837158203e-01,1.942086914062500000e+03
2.614074468612670898e+00,2.000000476837158203e-01,1.942077636718750000e+03
2.600016355514526367e+00,2.000000476837158203e-01,1.942067993164062500e+03
2.586199045181274414e+00,2.000000476837158203e-01,1.942057983398437500e+03
2.572630882263183594e+00,2.000000476837158203e-01,1.942047607421875000e+03
2.559320449829101562e+00,2.000000476837158203e-01,1.942036987304687500e+03
2.546275138854980469e+00,2.000000476837158203e-01,1.942026000976562500e+03
2.533503293991088867e+00,2.000000476837158203e-01,1.942014648437500000e+03
2.521012306213378906e+00,2.000000476837158203e-01,1.942003051757812500e+03
2.508810043334960938e+00,2.000000476837158203e-01,1.941991210937500000e+03
2.496903657913208008e+00,2.000000476837158203e-01,1.941979003906250000e+03
2.485300064086914062e+00,2.000000476837158203e-01,1.941966552734375000e+03
2.474006652832031250e+00,2.000000476837158203e-01,1.941953735351562500e+03
2.463030338287353516e+00,2.000000476837158203e-01,1.941940673828125000e+03
2.452377080917358398e+00,2.000000476837158203e-01,1.941927368164062500e+03
2.442053794860839844e+00,2.000000476837158203e-01,1.941913818359375000e+03
2.432066917419433594e+00,2.000000476837158203e-01,1.941900024414062500e+03
2.422421693801879883e+00,2.000000476837158203e-01,1.941885986328125000e+03
2.413124561309814453e+00,2.000000476837158203e-01,1.941871582031250000e+03
2.404181003570556641e+00,2.000000476837158203e-01,1.941857177734375000e+03
2.395596265792846680e+00,2.000000476837158203e-01,1.941842407226562500e+03
2.387375593185424805e+00,2.000000476837158203e-01,1.941827514648437500e+03
2.379523992538452148e+00,2.000000476837158203e-01,1.941812377929687500e+03
2.372045993804931641e+00,2.000000476837158203e-01,1.941796997070312500e+03
2.364946603775024414e+00,2.000000476837158203e-01,1.941781494140625000e+03
2.358229398727416992e+00,2.000000476837158203e-01,1.941765869140625000e+03
2.351898908615112305e+00,2.000000476837158203e-01,1.941750000000000000e+03
2.345958709716796875e+00,2.000000476837158203e-01,1.941734008789062500e+03
2.340412616729736328e+00,2.000000476837158203e-01,1.941717895507812500e+03
2.335263729095458984e+00,2.000000476837158203e-01,1.941701660156250000e+03
2.330515384674072266e+00,2.000000476837158203e-01,1.941685302734375000e+03
2.326170206069946289e+00,2.000000476837158203e-01,1.941668823242187500e+03
2.322231054306030273e+00,2.000000476837158203e-01,1.941652221679687500e+03
2.318700075149536133e+00,2.000000476837158203e-01,1.941635498046875000e+03
2.315579414367675781e+00,2.000000476837158203e-01,1.941618774414062500e+03
2.312870979309082031e+00,2.000000476837158203e-01,1.941601928710937500e+03
2.310576677322387695e+00,2.000000476837158203e-01,1.941585083007812500e+03
2.308697462081909180e+00,2.000000476837158203e-01,1.941568115234375000e+03
2.307234764099121094e+00,2.000000476837158203e-01,1.941551147460937500e+03
2.306189298629760742e+00,2.000000476837158203e-01,1.941534057617187500e+03
2.305561780929565430e+00,2.000000476837158203e-01,1.941517089843750000e+03
2.305352687835693359e+00,2.000000476837158203e-01,1.941500000000000000e+03
2.305561780929565430e+00,2.000000476837158203e-01,1.941482910156250000e+03
2.306189298629760742e+00,2.000000476837158203e-01,1.941465942382812500e+03
2.307234764099121094e+00,2.000000476837158203e-01,1.941448852539062500e+03
2.308697462081909180e+00,2.000000476837158203e-01,1.941431884765625000e+03
2.310576677322387695e+00,2.000000476837158203e-01,1.941414916992187500e+03
2.312870979309082031e+00,2.000000476837158203e-01,1.941398071289062500e+03
2.315579414367675781e+00,2.000000476837158203e-01,1.941381225585937500e+03
2.318700075149536133e+00,2.000000476837158203e-01,1.941364501953125000e+03
2.322231054306030273e+00,2.000000476837158203e-01,1.941347778320312500e+03
2.326170206069946289e+00,2.000000476837158203e-01,1.941331176757812500e+03
2.330515384674072266e+00,2.000000476837158203e-01,1.941314697265625000e+03
2.335263729095458984e+00,2.000000476837158203e-01,1.941298339843750000e+03
2.340412616729736328e+00,2.000000476837158203e-01,1.941282104492187500e+03
2.345958709716796875e+00,2.000000476837158203e-01,1.941265991210937500e+03
2.351898908615112305e+00,2.000000476837158203e-01,1.941250000000000000e+03
2.358229398727416992e+00,2.000000476837158203e-01,1.941234130859375000e+03
2.364946603775024414e+00,2.000000476837158203e-01,1.941218505859375000e+03
2.372045993804931641e+00,2.000000476837158203e-01,1.941203002929687500e+03
2.379523992538452148e+00,2.000000476837158203e-01,1.941187622070312500e+03
2.387375593185424805e+00,2.000000476837158203e-01,1.941172485351562500e+03
2.395596265792846680e+00,2.000000476837158203e-01,1.941157592773437500e+03
2.404181003570556641e+00,2.000000476837158203e-01,1.941142822265625000e+03
2.413124561309814453e+00,2.000000476837158203e-01,1.941128417968750000e+03
2.422421693801879883e+00,2.000000476837158203e-01,1.941114013671875000e+03
2.432066917419433594e+00,2.000000476837158203e-01,1.941099975585937500e+03
2.442053794860839844e+00,2.000000476837158203e-01,1.941086181640625000e+03
2.452377080917358398e+00,2.000000476837158203e-01,1.941072631835937500e+03
2.463030338287353516e+00,2.000000476837158203e-01,1.941059326171875000e+03
2.474006652832031250e+00,2.000000476837158203e-01,1.941046264648437500e+03
2.485300064086914062e+00,2.000000476837158203e-01,1.941033447265625000e+03
2.496903657913208008e+00,2.000000476837158203e-01,1.941020996093750000e+03
2.508810043334960938e+00,2.000000476837158203e-01,1.941008789062500000e+03
2.521012306213378906e+00,2.000000476837158203e-01,1.940996948242187500e+03
2.533503293991088867e+00,2.000000476837158203e-01,1.940985351562500000e+03
2.546275138854980469e+00,2.000000476837158203e-01,1.940973999023437500e+03
2.559320449829101562e+00,2.000000476837158203e-01,1.940963012695312500e+03
2.572630882263183594e+00,2.000000476837158203e-01,1.940952392578125000e+03
2.586199045181274414e+00,2.000000476837158203e-01,1.940942016601562500e+03
2.600016355514526367e+00,2.000000476837158203e-01,1.940932006835937500e+03
2.614074468612670898e+00,2.000000476837158203e-01,1.940922363281250000e+03
2.628365278244018555e+00,2.000000476837158203e-01,1.940913085937500000e+03
2.642879962921142578e+00,2.000000476837158203e-01,1.940904174804687500e+03
2.657609462738037109e+00,2.000000476837158203e-01,1.940895629882812500e+03
2.672545433044433594e+00,2.000000476837158203e-01,1.940887329101562500e+03
2.687678575515747070e+00,2.000000476837158203e-01,1.940879516601562500e+03
2.703000068664550781e+00,2.000000476837158203e-01,1.940872070312500000e+03
2.718500137329101562e+00,2.000000476837158203e-01,1.940864990234375000e+03
2.734169960021972656e+00,2.000000476837158203e-01,1.940858276367187500e+03
2.749999761581420898e+00,2.000000476837158203e-01,1.940851928710937500e+03
2.765980243682861328e+00,2.000000476837158203e-01,1.940845947265625000e+03
2.782101869583129883e+00,2.000000476837158203e-01,1.940840454101562500e+03
2.798354387283325195e+00,2.000000476837158203e-01,1.940835205078125000e+03
2.814728736877441406e+00,2.000000476837158203e-01,1.940830566406250000e+03
2.831214427947998047e+00,2.000000476837158203e-01,1.940826171875000000e+03
2.847801923751831055e+00,2.000000476837158203e-01,1.940822265625000000e+03
2.864480972290039062e+00,2.000000476837158203e-01,1.940818725585937500e+03
2.881241798400878906e+00,2.000000476837158203e-01,1.940815551757812500e+03
2.898074150085449219e+00,2.000000476837158203e-01,1.940812866210937500e+03
2.914967775344848633e+00,2.000000476837158203e-01,1.940810546875000000e+03
2.931912660598754883e+00,2.000000476837158203e-01,1.940808715820312500e+03
2.948898553848266602e+00,2.000000476837158203e-01,1.940807250976562500e+03
2.965915203094482422e+00,2.000000476837158203e-01,1.940806152343750000e+03
2.982952594757080078e+00,2.000000476837158203e-01,1.940805541992187500e+03
3.000000000000000000e+00,2.000000476837158203e-01,1.940805297851562500e+03
3.017047405242919922e+00,2.000000476837158203e-01,1.940805541992187500e+03
3.034084796905517578e+00,2.000000476837158203e-01,1.940806152343750000e+03
3.051101446151733398e+00,2.000000476837158203e-01,1.940807250976562500e+03
3.068087339401245117e+00,2.000000476837158203e-01,1.940808715820312500e+03
3.085032224655151367e+00,2.000000476837158203e-01,1.940810546875000000e+03
3.101925849914550781e+00,2.000000476837158203e-01,1.940812866210937500e+03
3.118758201599121094e+00,2.000000476837158203e-01,1.940815551757812500e+03
3.135519027709960938e+00,2.000000476837158203e-01,1.940818725585937500e+03
3.152198076248168945e+00,2.000000476837158203e-01,1.940822265625000000e+03
3.168785572052001953e+00,2.000000476837158203e-01,1.940826171875000000e+03
3.185271263122558594e+00,2.000000476837158203e-01,1.940830566406250000e+03
3.201645612716674805e+00,2.000000476837158203e-01,1.940835205078125000e+03
3.217898130416870117e+00,2.000000476837158203e-01,1.940840454101562500e+03
3.234019756317138672e+00,2.000000476837158203e-01,1.940845947265625000e+03
3.250000238418579102e+00,2.000000476837158203e-01,1.940851928710937500e+03
3.265830039978027344e+00,2.000000476837158203e-01,1.940858276367187500e+03
3.281499862670898438e+00,2.000000476837158203e-01,1.940864990234375000e+03
3.296999931335449219e+00,2.000000476837158203e-01,1.940872070312500000e+03
3.312321424484252930e+00,2.000000476837158203e-01,1.940879516601562500e+03
3.327454566955566406e+00,2.000000476837158203e-01,1.940887329101562500e+03
3.342390537261962891e+00,2.000000476837158203e-01,1.940895629882812500e+03
3.357120037078857422e+00,2.000000476837158203e-01,1.940904174804687500e+03
3.371634721755981445e+00,2.000000476837158203e-01,1.940913085937500000e+03
3.385925531387329102e+00,2.000000476837158203e-01,1.940922363281250000e+03
3.399983644485473633e+00,2.000000476837158203e-01,1.940932006835937500e+03
3.413800954818725586e+00,2.000000476837158203e-01,1.940942016601562500e+03
3.427369117736816406e+00,2.000000476837158203e-01,1.940952392578125000e+03
3.440679550170898438e+00,2.000000476837158203e-01,1.940963012695312500e+03
3.453724861145019531e+00,2.000000476837158203e-01,1.940973999023437500e+03
3.466496706008911133e+00,2.000000476837158203e-01,1.940985351562500000e+03
3.478987693786621094e+00,2.000000476837158203e-01,1.940996948242187500e+03
3.491189956665039062e+00,2.000000476837158203e-01,1.941008789062500000e+03
3.503096342086791992e+00,2.000000476837158203e-01,1.941020996093750000e+03
3.514699935913085938e+00,2.000000476837158203e-01,1.941033447265625000e+03
3.525993347167968750e+00,2.000000476837158203e-01,1.941046264648437500e+03
3.536969661712646484e+00,2.000000476837158203e-01,1.941059326171875000e+03
3.547622919082641602e+00,2.000000476837158203e-01,1.941072631835937500e+03
3.557946205139160156e+00,2.000000476837158203e-01,1.941086181640625000e+03
3.567933082580566406e+00,2.000000476837158203e-01,1.941099975585937500e+03
3.577578306198120117e+00,2.000000476837158203e-01,1.941114013671875000e+03
3.586875438690185547e+00,2.000000476837158203e-01,1.941128417968750000e+03
3.595818996429443359e+00,2.000000476837158203e-01,1.941142822265625000e+03
3.604403734207153320e+00,2.000000476837158203e-01,1.941157592773437500e+03
3.612624406814575195e+00,2.000000476837158203e-01,1.941172485351562500e+03
3.620476007461547852e+00,2.000000476837158203e-01,1.941187622070312500e+03
3.627954006195068359e+00,2.000000476837158203e-01,1.941203002929687500e+03
3.635053396224975586e+00,2.000000476837158203e-01,1.941218505859375000e+03
3.641770601272583008e+00,2.000000476837158203e-01,1.941234130859375000e+03
3.648101091384887695e+00,2.000000476837158203e-01,1.941250000000000000e+03
3.654041290283203125e+00,2.000000476837158203e-01,1.941265991210937500e+03
3.659587383270263672e+00,2.000000476837158203e-01,1.941282104492187500e+03
3.664736270904541016e+00,2.000000476837158203e-01,1.941298339843750000e+03
3.669484615325927734e+00,2.000000476837158203e-01,1.941314697265625000e+03
3.673829793930053711e+00,2.000000476837158203e-01,1.941331176757812500e+03
3.677768945693969727e+00,2.000000476837158203e-01,1.941347778320312500e+03
3.681299924850463867e+00,2.000000476837158203e-01,1.941364501953125000e+03
3.684420585632324219e+00,2.000000476837158203e-01,1.941381225585937500e+03
3.687129020690917969e+00,2.000000476837158203e-01,1.941398071289062500e+03
3.689423322677612305e+00,2.000000476837158203e-01,1.941414916992187500e+03
3.691302537918090820e+00,2.000000476837158203e-01,1.941431884765625000e+03
3.692765235900878906e+00,2.000000476837158203e-01,1.941448852539062500e+03
3.693810701370239258e+00,2.000000476837158203e-01,1.941465942382812500e+03
3.694438219070434570e+00,2.000000476837158203e-01,1.941482910156250000e+03
3.734739542007446289e+00,2.000000476837158203e-01,1.941500000000000000e+03
3.734518289566040039e+00,2.000000476837158203e-01,1.941518066406250000e+03
3.733854532241821289e+00,2.000000476837158203e-01,1.941536010742187500e+03
3.732748746871948242e+00,2.000000476837158203e-01,1.941554077148437500e+03
3.731201648712158203e+00,2.000000476837158203e-01,1.941572021484375000e+03
3.729213953018188477e+00,2.000000476837158203e-01,1.941589965820312500e+03
3.726787090301513672e+00,2.000000476837158203e-01,1.941607788085937500e+03
3.723922252655029297e+00,2.000000476837158203e-01,1.941625610351562500e+03
3.720621585845947266e+00,2.000000476837158203e-01,1.941643310546875000e+03
3.716886997222900391e+00,2.000000476837158203e-01,1.941661010742187500e+03
3.712720394134521484e+00,2.000000476837158203e-01,1.941678466796875000e+03
3.708124399185180664e+00,2.000000476837158203e-01,1.941695922851562500e+03
3.703101873397827148e+00,2.000000476837158203e-01,1.941713256835937500e+03
3.697655916213989258e+00,2.000000476837158203e-01,1.941730468750000000e+03
3.691789627075195312e+00,2.000000476837158203e-01,1.941747558593750000e+03
3.685506820678710938e+00,2.000000476837158203e-01,1.941764404296875000e+03
3.678810834884643555e+00,2.000000476837158203e-01,1.941781127929687500e+03
3.671705961227416992e+00,2.000000476837158203e-01,1.941797729492187500e+03
3.664196729660034180e+00,2.000000476837158203e-01,1.941814086914062500e+03
3.656287193298339844e+00,2.000000476837158203e-01,1.941830322265625000e+03
3.647982358932495117e+00,2.000000476837158203e-01,1.941846313476562500e+03
3.639287233352661133e+00,2.000000476837158203e-01,1.941862182617187500e+03
3.630207061767578125e+00,2.000000476837158203e-01,1.941877685546875000e+03
3.620747327804565430e+00,2.000000476837158203e-01,1.941893066406250000e+03
3.610913515090942383e+00,2.000000476837158203e-01,1.941908203125000000e+03
3.600711822509765625e+00,2.000000476837158203e-01,1.941923095703125000e+03
3.590148448944091797e+00,2.000000476837158203e-01,1.941937744140625000e+03
3.579229354858398438e+00,2.000000476837158203e-01,1.941952026367187500e+03
3.567961215972900391e+00,2.000000476837158203e-01,1.941966064453125000e+03
3.556351184844970703e+00,2.000000476837158203e-01,1.941979858398437500e+03
3.544405937194824219e+00,2.000000476837158203e-01,1.941993408203125000e+03
3.532133102416992188e+00,2.000000476837158203e-01,1.942006591796875000e+03
3.519539356231689453e+00,2.000000476837158203e-01,1.942019531250000000e+03
3.506632804870605469e+00,2.000000476837158203e-01,1.942032104492187500e+03
3.493420839309692383e+00,2.000000476837158203e-01,1.942044433593750000e+03
3.479911804199218750e+00,2.000000476837158203e-01,1.942056396484375000e+03
3.466113805770874023e+00,2.000000476837158203e-01,1.942067993164062500e+03
3.452034950256347656e+00,2.000000476837158203e-01,1.942079223632812500e+03
3.437683820724487305e+00,2.000000476837158203e-01,1.942090087890625000e+03
3.423069000244140625e+00,2.000000476837158203e-01,1.942100708007812500e+03
3.408199310302734375e+00,2.000000476837158203e-01,1.942110961914062500e+03
3.393083810806274414e+00,2.000000476837158203e-01,1.942120727539062500e+03
3.377731561660766602e+00,2.000000476837158203e-01,1.942130249023437500e+03
3.362151861190795898e+00,2.000000476837158203e-01,1.942139282226562500e+03
3.346353769302368164e+00,2.000000476837158203e-01,1.942147949218750000e+03
3.330347299575805664e+00,2.000000476837158203e-01,1.942156250000000000e+03
3.314141750335693359e+00,2.000000476837158203e-01,1.942164184570312500e+03
3.297746896743774414e+00,2.000000476837158203e-01,1.942171752929687500e+03
3.281172752380371094e+00,2.000000476837158203e-01,1.942178833007812500e+03
3.264429092407226562e+00,2.000000476837158203e-01,1.942185546875000000e+03
3.247526168823242188e+00,2.000000476837158203e-01,1.942191772460937500e+03
3.230474472045898438e+00,2.000000476837158203e-01,1.942197631835937500e+03
3.213283538818359375e+00,2.000000476837158203e-01,1.942203125000000000e+03
3.195964336395263672e+00,2.000000476837158203e-01,1.942208129882812500e+03
3.178527116775512695e+00,2.000000476837158203e-01,1.942212768554687500e+03
3.160982370376586914e+00,2.000000476837158203e-01,1.942216918945312500e+03
3.143340587615966797e+00,2.000000476837158203e-01,1.942220581054687500e+03
3.125612497329711914e+00,2.000000476837158203e-01,1.942223876953125000e+03
3.107808589935302734e+00,2.000000476837158203e-01,1.942226806640625000e+03
3.089940071105957031e+00,2.000000476837158203e-01,1.942229248046875000e+03
3.072016954421997070e+00,2.000000476837158203e-01,1.942231201171875000e+03
3.054050683975219727e+00,2.000000476837158203e-01,1.942232788085937500e+03
3.036051988601684570e+00,2.000000476837158203e-01,1.942233886718750000e+03
3.018031358718872070e+00,2.000000476837158203e-01,1.942234497070312500e+03
3.000000000000000000e+00,2.000000476837158203e-01,1.942234741210937500e+03
2.981968641281127930e+00,2.000000476837158203e-01,1.942234497070312500e+03
2.963948011398315430e+00,2.000000476837158203e-01,1.942233886718750000e+03
2.945949316024780273e+00,2.000000476837158203e-01,1.942232788085937500e+03
2.927983045578002930e+00,2.000000476837158203e-01,1.942231201171875000e+03
2.910059928894042969e+00,2.000000476837158203e-01,1.942229248046875000e+03
2.892191410064697266e+00,2.000000476837158203e-01,1.942226806640625000e+03
2.874387502670288086e+00,2.000000476837158203e-01,1.942223876953125000e+03
2.856659412384033203e+00,2.000000476837158203e-01,1.942220581054687500e+03
2.839017629623413086e+00,2.000000476837158203e-01,1.942216918945312500e+03
2.821472883224487305e+00,2.000000476837158203e-01,1.942212768554687500e+03
2.804035663604736328e+00,2.000000476837158203e-01,1.942208129882812500e+03
2.786716461181640625e+00,2.000000476837158203e-01,1.942203125000000000e+03
2.769525527954101562e+00,2.000000476837158203e-01,1.942197631835937500e+03
2.752473831176757812e+00,2.000000476837158203e-01,1.942191772460937500e+03
2.735570907592773438e+00,2.000000476837158203e-01,1.942185546875000000e+03
2.718827247619628906e+00,2.000000476837158203e-01,1.942178833007812500e+03
2.702253103256225586e+00,2.000000476837158203e-01,1.942171752929687500e+03
2.685858249664306641e+00,2.000000476837158203e-01,1.942164184570312500e+03
2.669652700424194336e+00,2.000000476837158203e-01,1.942156250000000000e+03
2.653646230697631836e+00,2.000000476837158203e-01,1.942147949218750000e+03
2.637848138809204102e+00,2.000000476837158203e-01,1.942139282226562500e+03
2.622268438339233398e+00,2.000000476837158203e-01,1.942130249023437500e+03
2.606916189193725586e+00,2.000000476837158203e-01,1.942120727539062500e+03
2.591800689697265625e+00,2.000000476837158203e-01,1.942110961914062500e+03
2.576930999755859375e+00,2.000000476837158203e-01,1.942100708007812500e+03
2.562316179275512695e+00,2.000000476837158203e-01,1.942090087890625000e+03
2.547965049743652344e+00,2.000000476837158203e-01,1.942079223632812500e+03
2.533886194229125977e+00,2.000000476837158203e-01,1.942067993164062500e+03
2.520088195800781250e+00,2.000000476837158203e-01,1.942056396484375000e+03
2.506579160690307617e+00,2.000000476837158203e-01,1.942044433593750000e+03
2.493367195129394531e+00,2.000000476837158203e-01,1.942032104492187500e+03
2.480460643768310547e+00,2.000000476837158203e-01,1.942019531250000000e+03
2.467866897583007812e+00,2.000000476837158203e-01,1.942006591796875000e+03
2.455594062805175781e+00,2.000000476837158203e-01,1.941993408203125000e+03
2.443648815155029297e+00,2.000000476837158203e-01,1.941979858398437500e+03
2.432038784027099609e+00,2.000000476837158203e-01,1.941966064453125000e+03
2.420770645141601562e+00,2.000000476837158203e-01,1.941952026367187500e+03
2.409851551055908203e+00,2.000000476837158203e-01,1.941937744140625000e+03
2.399288177490234375e+00,2.000000476837158203e-01,1.941923095703125000e+03
2.389086484909057617e+00,2.000000476837158203e-01,1.941908203125000000e+03
2.379252672195434570e+00,2.000000476837158203e-01,1.941893066406250000e+03
2.369792938232421875e+00,2.000000476837158203e-01,1.941877685546875000e+03
2.360712766647338867e+00,2.000000476837158203e-01,1.941862182617187500e+03
2.352017641067504883e+00,2.000000476837158203e-01,1.941846313476562500e+03
2.343712806701660156e+00,2.000000476837158203e-01,1.941830322265625000e+03
2.335803270339965820e+00,2.000000476837158203e-01,1.941814086914062500e+03
2.328294038772583008e+00,2.000000476837158203e-01,1.941797729492187500e+03
2.321189165115356445e+00,2.000000476837158203e-01,1.941781127929687500e+03
2.314493179321289062e+00,2.000000476837158203e-01,1.941764404296875000e+03
2.308210372924804688e+00,2.000000476837158203e-01,1.941747558593750000e+03
2.302344083786010742e+00,2.000000476837158203e-01,1.941730468750000000e+03
2.296898126602172852e+00,2.000000476837158203e-01,1.941713256835937500e+03
2.291875600814819336e+00,2.000000476837158203e-01,1.941695922851562500e+03
2.287279605865478516e+00,2.000000476837158203e-01,1.941678466796875000e+03
2.283113002777099609e+00,2.000000476837158203e-01,1.941661010742187500e+03
2.279378414154052734e+00,2.000000476837158203e-01,1.941643310546875000e+03
2.276077747344970703e+00,2.000000476837158203e-01,1.941625610351562500e+03
2.273212909698486328e+00,2.000000476837158203e-01,1.941607788085937500e+03
2.270786046981811523e+00,2.000000476837158203e-01,1.941589965820312500e+03
2.268798351287841797e+00,2.000000476837158203e-01,1.941572021484375000e+03
2.267251253128051758e+00,2.000000476837158203e-01,1.941554077148437500e+03
2.266145467758178711e+00,2.000000476837158203e-01,1.941536010742187500e+03
2.265481710433959961e+00,2.000000476837158203e-01,1.941518066406250000e+03
2.265260457992553711e+00,2.000000476837158203e-01,1.941500000000000000e+03
2.265481710433959961e+00,2.000000476837158203e-01,1.941481933593750000e+03
2.266145467758178711e+00,2.000000476837158203e-01,1.941463989257812500e+03
2.267251253128051758e+00,2.000000476837158203e-01,1.941445922851562500e+03
2.268798351287841797e+00,2.000000476837158203e-01,1.941427978515625000e+03
2.270786046981811523e+00,2.000000476837158203e-01,1.941410034179687500e+03
2.273212909698486328e+00,2.000000476837158203e-01,1.941392211914062500e+03
2.276077747344970703e+00,2.000000476837158203e-01,1.941374389648437500e+03
2.279378414154052734e+00,2.000000476837158203e-01,1.941356689453125000e+03
2.283113002777099609e+00,2.000000476837158203e-01,1.941338989257812500e+03
2.287279605865478516e+00,2.000000476837158203e-01,1.941321533203125000e+03
2.291875600814819336e+00,2.000000476837158203e-01,1.941304077148437500e+03
2.296898126602172852e+00,2.000000476837158203e-01,1.941286743164062500e+03
2.302344083786010742e+00,2.000000476837158203e-01,1.941269531250000000e+03
2.308210372924804688e+00,2.000000476837158203e-01,1.941252441406250000e+03
2.314493179321289062e+00,2.000000476837158203e-01,1.941235595703125000e+03
2.321189165115356445e+00,2.000000476837158203e-01,1.941218872070312500e+03
2.328294038772583008e+00,2.000000476837158203e-01,1.941202270507812500e+03
2.335803270339965820e+00,2.000000476837158203e-01,1.941185913085937500e+03
2.343712806701660156e+00,2.000000476837158203e-01,1.941169677734375000e+03
2.352017641067504883e+00,2.000000476837158203e-01,1.941153686523437500e+03
2.360712766647338867e+00,2.000000476837158203e-01,1.941137817382812500e+03
2.369792938232421875e+00,2.000000476837158203e-01,1.941122314453125000e+03
2.379252672195434570e+00,2.000000476837158203e-01,1.941106933593750000e+03
2.389086484909057617e+00,2.000000476837158203e-01,1.941091796875000000e+03
2.399288177490234375e+00,2.000000476837158203e-01,1.941076904296875000e+03
2.409851551055908203e+00,2.000000476837158203e-01,1.941062255859375000e+03
2.420770645141601562e+00,2.000000476837158203e-01,1.941047973632812500e+03
2.432038784027099609e+00,2.000000476837158203e-01,1.941033935546875000e+03
2.443648815155029297e+00,2.000000476837158203e-01,1.941020141601562500e+03
2.455594062805175781e+00,2.000000476837158203e-01,1.941006591796875000e+03
2.467866897583007812e+00,2.000000476837158203e-01,1.940993408203125000e+03
2.480460643768310547e+00,2.000000476837158203e-01,1.940980468750000000e+03
2.493367195129394531e+00,2.000000476837158203e-01,1.940967895507812500e+03
2.506579160690307617e+00,2.000000476837158203e-01,1.940955566406250000e+03
2.520088195800781250e+00,2.000000476837158203e-01,1.940943603515625000e+03
2.533886194229125977e+00,2.000000476837158203e-01,1.940932006835937500e+03
2.547965049743652344e+00,2.000000476837158203e-01,1.940920776367187500e+03
2.562316179275512695e+00,2.000000476837158203e-01,1.940909912109375000e+03
2.576930999755859375e+00,2.000000476837158203e-01,1.940899291992187500e+03
2.591800689697265625e+00,2.000000476837158203e-01,1.940889038085937500e+03
2.606916189193725586e+00,2.000000476837158203e-01,1.940879272460937500e+03
2.622268438339233398e+00,2.000000476837158203e-01,1.940869750976562500e+03
2.637848138809204102e+00,2.000000476837158203e-01,1.940860717773437500e+03
2.653646230697631836e+00,2.000000476837158203e-01,1.940852050781250000e+03
2.669652700424194336e+00,2.000000476837158203e-01,1.940843750000000000e+03
2.685858249664306641e+00,2.000000476837158203e-01,1.940835815429687500e+03
2.702253103256225586e+00,2.000000476837158203e-01,1.940828247070312500e+03
2.718827247619628906e+00,2.000000476837158203e-01,1.940821166992187500e+03
2.735570907592773438e+00,2.000000476837158203e-01,1.940814453125000000e+03
2.752473831176757812e+00,2.000000476837158203e-01,1.940808227539062500e+03
2.769525527954101562e+00,2.000000476837158203e-01,1.940802368164062500e+03
2.786716461181640625e+00,2.000000476837158203e-01,1.940796875000000000e+03
2.804035663604736328e+00,2.000000476837158203e-01,1.940791870117187500e+03
2.821472883224487305e+00,2.000000476837158203e-01,1.940787231445312500e+03
2.839017629623413086e+00,2.000000476837158203e-01,1.940783081054687500e+03
2.856659412384033203e+00,2.000000476837158203e-01,1.940779418945312500e+03
2.874387502670288086e+00,2.000000476837158203e-01,1.940776123046875000e+03
2.892191410064697266e+00,2.000000476837158203e-01,1.940773193359375000e+03
2.910059928894042969e+00,2.000000476837158203e-01,1.940770751953125000e+03
2.927983045578002930e+00,2.000000476837158203e-01,1.940768798828125000e+03
2.945949316024780273e+00,2.000000476837158203e-01,1.940767211914062500e+03
2.963948011398315430e+00,2.000000476837158203e-01,1.940766113281250000e+03
2.981968641281127930e+00,2.000000476837158203e-01,1.940765502929687500e+03
3.000000000000000000e+00,2.000000476837158203e-01,1.940765258789062500e+03
3.018031358718872070e+00,2.000000476837158203e-01,1.940765502929687500e+03
3.036051988601684570e+00,2.000000476837158203e-01,1.940766113281250000e+03
3.054050683975219727e+00,2.000000476837158203e-01,1.940767211914062500e+03
3.072016954421997070e+00,2.000000476837158203e-01,1.940768798828125000e+03
3.089940071105957031e+00,2.000000476837158203e-01,1.940770751953125000e+03
3.107808589935302734e+00,2.000000476837158203e-01,1.940773193359375000e+03
3.125612497329711914e+00,2.000000476837158203e-01,1.940776123046875000e+03
3.143340587615966797e+00,2.000000476837158203e-01,1.940779418945312500e+03
3.160982370376586914e+00,2.000000476837158203e-01,1.940783081054687500e+03
3.178527116775512695e+00,2.000000476837158203e-01,1.940787231445312500e+03
3.195964336395263672e+00,2.000000476837158203e-01,1.940791870117187500e+03
3.213283538818359375e+00,2.000000476837158203e-01,1.940796875000000000e+03
3.230474472045898438e+00,2.000000476837158203e-01,1.940802368164062500e+03
3.247526168823242188e+00,2.000000476837158203e-01,1.940808227539062500e+03
3.264429092407226562e+00,2.000000476837158203e-01,1.940814453125000000e+03
3.281172752380371094e+00,2.000000476837158203e-01,1.940821166992187500e+03
3.297746896743774414e+00,2.000000476837158203e-01,1.940828247070312500e+03
3.314141750335693359e+00,2.000000476837158203e-01,1.940835815429687500e+03
3.330347299575805664e+00,2.000000476837158203e-01,1.940843750000000000e+03
3.346353769302368164e+00,2.000000476837158203e-01,1.940852050781250000e+03
3.362151861190795898e+00,2.000000476837158203e-01,1.940860717773437500e+03
3.377731561660766602e+00,2.000000476837158203e-01,1.940869750976562500e+03
3.393083810806274414e+00,2.000000476837158203e-01,1.940879272460937500e+03
3.408199310302734375e+00,2.000000476837158203e-01,1.940889038085937500e+03
3.423069000244140625e+00,2.000000476837158203e-01,1.940899291992187500e+03
3.437683820724487305e+00,2.000000476837158203e-01,1.940909912109375000e+03
3.452034950256347656e+00,2.000000476837158203e-01,1.940920776367187500e+03
3.466113805770874023e+00,2.000000476837158203e-01,1.940932006835937500e+03
3.479911804199218750e+00,2.000000476837158203e-01,1.940943603515625000e+03
3.493420839309692383e+00,2.000000476837158203e-01,1.940955566406250000e+03
3.506632804870605469e+00,2.000000476837158203e-01,1.940967895507812500e+03
3.519539356231689453e+00,2.000000476837158203e-01,1.940980468750000000e+03
3.532133102416992188e+00,2.000000476837158203e-01,1.940993408203125000e+03
3.544405937194824219e+00,2.000000476837158203e-01,1.941006591796875000e+03
3.556351184844970703e+00,2.000000476837158203e-01,1.941020141601562500e+03
3.567961215972900391e+00,2.000000476837158203e-01,1.941033935546875000e+03
3.579229354858398438e+00,2.000000476837158203e-01,1.941047973632812500e+03
3.590148448944091797e+00,2.000000476837158203e-01,1.941062255859375000e+03
3.600711822509765625e+00,2.000000476837158203e-01,1.941076904296875000e+03
3.610913515090942383e+00,2.000000476837158203e-01,1.941091796875000000e+03
3.620747327804565430e+00,2.000000476837158203e-01,1.941106933593750000e+03
3.630207061767578125e+00,2.000000476837158203e-01,1.941122314453125000e+03
3.639287233352661133e+00,2.000000476837158203e-01,1.941137817382812500e+03
3.647982358932495117e+00,2.000000476837158203e-01,1.941153686523437500e+03
3.656287193298339844e+00,2.000000476837158203e-01,1.941169677734375000e+03
3.664196729660034180e+00,2.000000476837158203e-01,1.941185913085937500e+03
3.671705961227416992e+00,2.000000476837158203e-01,1.941202270507812500e+03
3.678810834884643555e+00,2.000000476837158203e-01,1.941218872070312500e+03
3.685506820678710938e+00,2.000000476837158203e-01,1.941235595703125000e+03
3.691789627075195312e+00,2.000000476837158203e-01,1.941252441406250000e+03
3.697655916213989258e+00,2.000000476837158203e-01,1.941269531250000000e+03
3.703101873397827148e+00,2.000000476837158203e-01,1.941286743164062500e+03
3.708124399185180664e+00,2.000000476837158203e-01,1.941304077148437500e+03
3.712720394134521484e+00,2.000000476837158203e-01,1.941321533203125000e+03
3.716886997222900391e+00,2.000000476837158203e-01,1.941338989257812500e+03
3.720621585845947266e+00,2.000000476837158203e-01,1.941356689453125000e+03
3.723922252655029297e+00,2.000000476837158203e-01,1.941374389648437500e+03
3.726787090301513672e+00,2.000000476837158203e-01,1.941392211914062500e+03
3.729213953018188477e+00,2.000000476837158203e-01,1.941410034179687500e+03
3.731201648712158203e+00,2.000000476837158203e-01,1.941427978515625000e+03
3.732748746871948242e+00,2.000000476837158203e-01,1.941445922851562500e+03
3.733854532241821289e+00,2.000000476837158203e-01,1.941463989257812500e+03
3.734518289566040039e+00,2.000000476837158203e-01,1.941481933593750000e+03
3.775466442108154297e+00,2.000001668930053711e-01,1.941500000000000000e+03
3.775232791900634766e+00,2.000001668930053711e-01,1.941519042968750000e+03
3.774532318115234375e+00,2.000001668930053711e-01,1.941538085937500000e+03
3.773365259170532227e+00,2.000001668930053711e-01,1.941557006835937500e+03
3.771732330322265625e+00,2.000001668930053711e-01,1.941576049804687500e+03
3.769634485244750977e+00,2.000001668930053711e-01,1.941594970703125000e+03
3.767073154449462891e+00,2.000001668930053711e-01,1.941613769531250000e+03
3.764049768447875977e+00,2.000001668930053711e-01,1.941632568359375000e+03
3.760565996170043945e+00,2.000001668930053711e-01,1.941651245117187500e+03
3.756624221801757812e+00,2.000001668930053711e-01,1.941669921875000000e+03
3.752226591110229492e+00,2.000001668930053711e-01,1.941688476562500000e+03
3.747375965118408203e+00,2.000001668930053711e-01,1.941706787109375000e+03
3.742074966430664062e+00,2.000001668930053711e-01,1.941725097656250000e+03
3.736327171325683594e+00,2.000001668930053711e-01,1.941743286132812500e+03
3.730135679244995117e+00,2.000001668930053711e-01,1.941761230468750000e+03
3.723504543304443359e+00,2.000001668930053711e-01,1.941779052734375000e+03
3.716437578201293945e+00,2.000001668930053711e-01,1.941796752929687500e+03
3.708938837051391602e+00,2.000001668930053711e-01,1.941814208984375000e+03
3.701013326644897461e+00,2.000001668930053711e-01,1.941831542968750000e+03
3.692665576934814453e+00,2.000001668930053711e-01,1.941848632812500000e+03
3.683900356292724609e+00,2.000001668930053711e-01,1.941865600585937500e+03
3.674723148345947266e+00,2.000001668930053711e-01,1.941882202148437500e+03
3.665139675140380859e+00,2.000001668930053711e-01,1.941898681640625000e+03
3.655155658721923828e+00,2.000001668930053711e-01,1.941914916992187500e+03
3.644776821136474609e+00,2.000001668930053711e-01,1.941930786132812500e+03
3.634009599685668945e+00,2.000001668930053711e-01,1.941946533203125000e+03
3.622860431671142578e+00,2.000001668930053711e-01,1.941961914062500000e+03
3.611336231231689453e+00,2.000001668930053711e-01,1.941977050781250000e+03
3.599443674087524414e+00,2.000001668930053711e-01,1.941991943359375000e+03
3.587190151214599609e+00,2.000001668930053711e-01,1.942006469726562500e+03
3.574582576751708984e+00,2.000001668930053711e-01,1.942020751953125000e+03
3.561629295349121094e+00,2.000001668930053711e-01,1.942034667968750000e+03
3.548337459564208984e+00,2.000001668930053711e-01,1.942048339843750000e+03
3.534715414047241211e+00,2.000001668930053711e-01,1.942061645507812500e+03
3.520771503448486328e+00,2.000001668930053711e-01,1.942074584960937500e+03
3.506513595581054688e+00,2.000001668930053711e-01,1.942087158203125000e+03
3.491950750350952148e+00,2.000001668930053711e-01,1.942099487304687500e+03
3.477091312408447266e+00,2.000001668930053711e-01,1.942111328125000000e+03
3.461944818496704102e+00,2.000001668930053711e-01,1.942122802734375000e+03
3.446519851684570312e+00,2.000001668930053711e-01,1.942134033203125000e+03
3.430825948715209961e+00,2.000001668930053711e-01,1.942144775390625000e+03
3.414872646331787109e+00,2.000001668930053711e-01,1.942155151367187500e+03
3.398669481277465820e+00,2.000001668930053711e-01,1.942165161132812500e+03
3.382225990295410156e+00,2.000001668930053711e-01,1.942174682617187500e+03
3.365552425384521484e+00,2.000001668930053711e-01,1.942183959960937500e+03
3.348658561706542969e+00,2.000001668930053711e-01,1.942192626953125000e+03
3.331554651260375977e+00,2.000001668930053711e-01,1.942201049804687500e+03
3.314250946044921875e+00,2.000001668930053711e-01,1.942208984375000000e+03
3.296758174896240234e+00,2.000001668930053711e-01,1.942216430664062500e+03
3.279086589813232422e+00,2.000001668930053711e-01,1.942223510742187500e+03
3.261246681213378906e+00,2.000001668930053711e-01,1.942230102539062500e+03
3.243249654769897461e+00,2.000001668930053711e-01,1.942236328125000000e+03
3.225106000900268555e+00,2.000001668930053711e-01,1.942242065429687500e+03
3.206826686859130859e+00,2.000001668930053711e-01,1.942247436523437500e+03
3.188422918319702148e+00,2.000001668930053711e-01,1.942252197265625000e+03
3.169905662536621094e+00,2.000001668930053711e-01,1.942256591796875000e+03
3.151285886764526367e+00,2.000001668930053711e-01,1.942260620117187500e+03
3.132575273513793945e+00,2.000001668930053711e-01,1.942264038085937500e+03
3.113784551620483398e+00,2.000001668930053711e-01,1.942267089843750000e+03
3.094925403594970703e+00,2.000001668930053711e-01,1.942269653320312500e+03
3.076009035110473633e+00,2.000001668930053711e-01,1.942271728515625000e+03
3.057046890258789062e+00,2.000001668930053711e-01,1.942273315429687500e+03
3.038050413131713867e+00,2.000001668930053711e-01,1.942274536132812500e+03
3.019030809402465820e+00,2.000001668930053711e-01,1.942275268554687500e+03
3.000000000000000000e+00,2.000001668930053711e-01,1.942275512695312500e+03
2.980969190597534180e+00,2.000001668930053711e-01,1.942275268554687500e+03
2.961949586868286133e+00,2.000001668930053711e-01,1.942274536132812500e+03
2.942953109741210938e+00,2.000001668930053711e-01,1.942273315429687500e+03
2.923990964889526367e+00,2.000001668930053711e-01,1.942271728515625000e+03
2.905074596405029297e+00,2.000001668930053711e-01,1.942269653320312500e+03
2.886215448379516602e+00,2.000001668930053711e-01,1.942267089843750000e+03
2.867424726486206055e+00,2.000001668930053711e-01,1.942264038085937500e+03
2.848714113235473633e+00,2.000001668930053711e-01,1.942260620117187500e+03
2.830094337463378906e+00,2.000001668930053711e-01,1.942256591796875000e+03
2.811577081680297852e+00,2.000001668930053711e-01,1.942252197265625000e+03
2.793173313140869141e+00,2.000001668930053711e-01,1.942247436523437500e+03
2.774893999099731445e+00,2.000001668930053711e-01,1.942242065429687500e+03
2.756750345230102539e+00,2.000001668930053711e-01,1.942236328125000000e+03
2.738753318786621094e+00,2.000001668930053711e-01,1.942230102539062500e+03
2.720913410186767578e+00,2.000001668930053711e-01,1.942223510742187500e+03
2.703241825103759766e+00,2.000001668930053711e-01,1.942216430664062500e+03
2.685749053955078125e+00,2.000001668930053711e-01,1.942208984375000000e+03
2.668445348739624023e+00,2.000001668930053711e-01,1.942201049804687500e+03
2.651341438293457031e+00,2.000001668930053711e-01,1.942192626953125000e+03
2.634447574615478516e+00,2.000001668930053711e-01,1.942183959960937500e+03
2.617774009704589844e+00,2.000001668930053711e-01,1.942174682617187500e+03
2.601330518722534180e+00,2.000001668930053711e-01,1.942165161132812500e+03
2.585127353668212891e+00,2.000001668930053711e-01,1.942155151367187500e+03
2.569174051284790039e+00,2.000001668930053711e-01,1.942144775390625000e+03
2.553480148315429688e+00,2.000001668930053711e-01,1.942134033203125000e+03
2.538055181503295898e+00,2.000001668930053711e-01,1.942122802734375000e+03
2.522908687591552734e+00,2.000001668930053711e-01,1.942111328125000000e+03
2.508049249649047852e+00,2.000001668930053711e-01,1.942099487304687500e+03
2.493486404418945312e+00,2.000001668930053711e-01,1.942087158203125000e+03
2.479228496551513672e+00,2.000001668930053711e-01,1.942074584960937500e+03
2.465284585952758789e+00,2.000001668930053711e-01,1.942061645507812500e+03
2.451662540435791016e+00,2.000001668930053711e-01,1.942048339843750000e+03
2.438370704650878906e+00,2.000001668930053711e-01,1.942034667968750000e+03
2.425417423248291016e+00,2.000001668930053711e-01,1.942020751953125000e+03
2.412809848785400391e+00,2.000001668930053711e-01,1.942006469726562500e+03
2.400556325912475586e+00,2.000001668930053711e-01,1.941991943359375000e+03
2.388663768768310547e+00,2.000001668930053711e-01,1.941977050781250000e+03
2.377139568328857422e+00,2.000001668930053711e-01,1.941961914062500000e+03
2.365990400314331055e+00,2.000001668930053711e-01,1.941946533203125000e+03
2.355223178863525391e+00,2.000001668930053711e-01,1.941930786132812500e+03
2.344844341278076172e+00,2.000001668930053711e-01,1.941914916992187500e+03
2.334860324859619141e+00,2.000001668930053711e-01,1.941898681640625000e+03
2.325276851654052734e+00,2.000001668930053711e-01,1.941882202148437500e+03
2.316099643707275391e+00,2.000001668930053711e-01,1.941865600585937500e+03
2.307334423065185547e+00,2.000001668930053711e-01,1.941848632812500000e+03
2.298986673355102539e+00,2.000001668930053711e-01,1.941831542968750000e+03
2.291061162948608398e+00,2.000001668930053711e-01,1.941814208984375000e+03
2.283562421798706055e+00,2.000001668930053711e-01,1.941796752929687500e+03
2.276495456695556641e+00,2.000001668930053711e-01,1.941779052734375000e+03
2.269864320755004883e+00,2.000001668930053711e-01,1.941761230468750000e+03
2.263672828674316406e+00,2.000001668930053711e-01,1.941743286132812500e+03
2.257925033569335938e+00,2.000001668930053711e-01,1.941725097656250000e+03
2.252624034881591797e+00,2.000001668930053711e-01,1.941706787109375000e+03
2.247773408889770508e+00,2.000001668930053711e-01,1.941688476562500000e+03
2.243375778198242188e+00,2.000001668930053711e-01,1.941669921875000000e+03
2.239434003829956055e+00,2.000001668930053711e-01,1.941651245117187500e+03
2.235950231552124023e+00,2.000001668930053711e-01,1.941632568359375000e+03
2.232926845550537109e+00,2.000001668930053711e-01,1.941613769531250000e+03
2.230365514755249023e+00,2.000001668930053711e-01,1.941594970703125000e+03
2.228267669677734375e+00,2.000001668930053711e-01,1.941576049804687500e+03
2.226634740829467773e+00,2.000001668930053711e-01,1.941557006835937500e+03
2.225467681884765625e+00,2.000001668930053711e-01,1.941538085937500000e+03
2.224767208099365234e+00,2.000001668930053711e-01,1.941519042968750000e+03
2.224533557891845703e+00,2.000001668930053711e-01,1.941500000000000000e+03
2.224767208099365234e+00,2.000001668930053711e-01,1.941480957031250000e+03
2.225467681884765625e+00,2.000001668930053711e-01,1.941461914062500000e+03
2.226634740829467773e+00,2.000001668930053711e-01,1.941442993164062500e+03
2.228267669677734375e+00,2.000001668930053711e-01,1.941423950195312500e+03
2.230365514755249023e+00,2.000001668930053711e-01,1.941405029296875000e+03
2.232926845550537109e+00,2.000001668930053711e-01,1.941386230468750000e+03
2.235950231552124023e+00,2.000001668930053711e-01,1.941367431640625000e+03
2.239434003829956055e+00,2.000001668930053711e-01,1.941348754882812500e+03
2.243375778198242188e+00,2.000001668930053711e-01,1.941330078125000000e+03
2.247773408889770508e+00,2.000001668930053711e-01,1.941311523437500000e+03
2.252624034881591797e+00,2.000001668930053711e-01,1.941293212890625000e+03
2.257925033569335938e+00,2.000001668930053711e-01,1.941274902343750000e+03
2.263672828674316406e+00,2.000001668930053711e-01,1.941256713867187500e+03
2.269864320755004883e+00,2.000001668930053711e-01,1.941238769531250000e+03
2.276495456695556641e+00,2.000001668930053711e-01,1.941220947265625000e+03
2.283562421798706055e+00,2.000001668930053711e-01,1.941203247070312500e+03
2.291061162948608398e+00,2.000001668930053711e-01,1.941185791015625000e+03
2.298986673355102539e+00,2.000001668930053711e-01,1.941168457031250000e+03
2.307334423065185547e+00,2.000001668930053711e-01,1.941151367187500000e+03
2.316099643707275391e+00,2.000001668930053711e-01,1.941134399414062500e+03
2.325276851654052734e+00,2.000001668930053711e-01,1.941117797851562500e+03
2.334860324859619141e+00,2.000001668930053711e-01,1.941101318359375000e+03
2.344844341278076172e+00,2.000001668930053711e-01,1.941085083007812500e+03
2.355223178863525391e+00,2.000001668930053711e-01,1.941069213867187500e+03
2.365990400314331055e+00,2.000001668930053711e-01,1.941053466796875000e+03
2.377139568328857422e+00,2.000001668930053711e-01,1.941038085937500000e+03
2.388663768768310547e+00,2.000001668930053711e-01,1.941022949218750000e+03
2.400556325912475586e+00,2.000001668930053711e-01,1.941008056640625000e+03
2.412809848785400391e+00,2.000001668930053711e-01,1.940993530273437500e+03
2.425417423248291016e+00,2.000001668930053711e-01,1.940979248046875000e+03
2.438370704650878906e+00,2.000001668930053711e-01,1.940965332031250000e+03
2.451662540435791016e+00,2.000001668930053711e-01,1.940951660156250000e+03
2.465284585952758789e+00,2.000001668930053711e-01,1.940938354492187500e+03
2.479228496551513672e+00,2.000001668930053711e-01,1.940925415039062500e+03
2.493486404418945312e+00,2.000001668930053711e-01,1.940912841796875000e+03
2.508049249649047852e+00,2.000001668930053711e-01,1.940900512695312500e+03
2.522908687591552734e+00,2.000001668930053711e-01,1.940888671875000000e+03
2.538055181503295898e+00,2.000001668930053711e-01,1.940877197265625000e+03
2.553480148315429688e+00,2.000001668930053711e-01,1.940865966796875000e+03
2.569174051284790039e+00,2.000001668930053711e-01,1.940855224609375000e+03
2.585127353668212891e+00,2.000001668930053711e-01,1.940844848632812500e+03
2.601330518722534180e+00,2.000001668930053711e-01,1.940834838867187500e+03
2.617774009704589844e+00,2.000001668930053711e-01,1.940825317382812500e+03
2.634447574615478516e+00,2.000001668930053711e-01,1.940816040039062500e+03
2.651341438293457031e+00,2.000001668930053711e-01,1.940807373046875000e+03
2.668445348739624023e+00,2.000001668930053711e-01,1.940798950195312500e+03
2.685749053955078125e+00,2.000001668930053711e-01,1.940791015625000000e+03
2.703241825103759766e+00,2.000001668930053711e-01,1.940783569335937500e+03
2.720913410186767578e+00,2.000001668930053711e-01,1.940776489257812500e+03
2.738753318786621094e+00,2.000001668930053711e-01,1.940769897460937500e+03
2.756750345230102539e+00,2.000001668930053711e-01,1.940763671875000000e+03
2.774893999099731445e+00,2.000001668930053711e-01,1.940757934570312500e+03
2.793173313140869141e+00,2.000001668930053711e-01,1.940752563476562500e+03
2.811577081680297852e+00,2.000001668930053711e-01,1.940747802734375000e+03
2.830094337463378906e+00,2.000001668930053711e-01,1.940743408203125000e+03
2.848714113235473633e+00,2.000001668930053711e-01,1.940739379882812500e+03
2.867424726486206055e+00,2.000001668930053711e-01,1.940735961914062500e+03
2.886215448379516602e+00,2.000001668930053711e-01,1.940732910156250000e+03
2.905074596405029297e+00,2.000001668930053711e-01,1.940730346679687500e+03
2.923990964889526367e+00,2.000001668930053711e-01,1.940728271484375000e+03
2.942953109741210938e+00,2.000001668930053711e-01,1.940726684570312500e+03
2.961949586868286133e+00,2.000001668930053711e-01,1.940725463867187500e+03
2.980969190597534180e+00,2.000001668930053711e-01,1.940724731445312500e+03
3.000000000000000000e+00,2.000001668930053711e-01,1.940724487304687500e+03
3.019030809402465820e+00,2.000001668930053711e-01,1.940724731445312500e+03
3.038050413131713867e+00,2.000001668930053711e-01,1.940725463867187500e+03
3.057046890258789062e+00,2.000001668930053711e-01,1.940726684570312500e+03
3.076009035110473633e+00,2.000001668930053711e-01,1.940728271484375000e+03
3.094925403594970703e+00,2.000001668930053711e-01,1.940730346679687500e+03
3.113784551620483398e+00,2.000001668930053711e-01,1.940732910156250000e+03
3.132575273513793945e+00,2.000001668930053711e-01,1.940735961914062500e+03
3.151285886764526367e+00,2.000001668930053711e-01,1.940739379882812500e+03
3.169905662536621094e+00,2.000001668930053711e-01,1.940743408203125000e+03
3.188422918319702148e+00,2.000001668930053711e-01,1.940747802734375000e+03
3.206826686859130859e+00,2.000001668930053711e-01,1.940752563476562500e+03
3.225106000900268555e+00,2.000001668930053711e-01,1.940757934570312500e+03
3.243249654769897461e+00,2.000001668930053711e-01,1.940763671875000000e+03
3.261246681213378906e+00,2.000001668930053711e-01,1.940769897460937500e+03
3.279086589813232422e+00,2.000001668930053711e-01,1.940776489257812500e+03
3.296758174896240234e+00,2.000001668930053711e-01,1.940783569335937500e+03
3.314250946044921875e+00,2.000001668930053711e-01,1.940791015625000000e+03
3.331554651260375977e+00,2.000001668930053711e-01,1.940798950195312500e+03
3.348658561706542969e+00,2.000001668930053711e-01,1.940807373046875000e+03
3.365552425384521484e+00,2.000001668930053711e-01,1.940816040039062500e+03
3.382225990295410156e+00,2.000001668930053711e-01,1.940825317382812500e+03
3.398669481277465820e+00,2.000001668930053711e-01,1.940834838867187500e+03
3.414872646331787109e+00,2.000001668930053711e-01,1.940844848632812500e+03
3.430825948715209961e+00,2.000001668930053711e-01,1.940855224609375000e+03
3.446519851684570312e+00,2.000001668930053711e-01,1.940865966796875000e+03
3.461944818496704102e+00,2.000001668930053711e-01,1.940877197265625000e+03
3.477091312408447266e+00,2.000001668930053711e-01,1.940888671875000000e+03
3.491950750350952148e+00,2.000001668930053711e-01,1.940900512695312500e+03
3.506513595581054688e+00,2.000001668930053711e-01,1.940912841796875000e+03
3.520771503448486328e+00,2.000001668930053711e-01,1.940925415039062500e+03
3.534715414047241211e+00,2.000001668930053711e-01,1.940938354492187500e+03
3.548337459564208984e+00,2.000001668930053711e-01,1.940951660156250000e+03
3.561629295349121094e+00,2.000001668930053711e-01,1.940965332031250000e+03
3.574582576751708984e+00,2.000001668930053711e-01,1.940979248046875000e+03
3.587190151214599609e+00,2.000001668930053711e-01,1.940993530273437500e+03
3.599443674087524414e+00,2.000001668930053711e-01,1.941008056640625000e+03
3.611336231231689453e+00,2.000001668930053711e-01,1.941022949218750000e+03
3.622860431671142578e+00,2.000001668930053711e-01,1.941038085937500000e+03
3.634009599685668945e+00,2.000001668930053711e-01,1.941053466796875000e+03
3.644776821136474609e+00,2.000001668930053711e-01,1.941069213867187500e+03
3.655155658721923828e+00,2.000001668930053711e-01,1.941085083007812500e+03
3.665139675140380859e+00,2.000001668930053711e-01,1.941101318359375000e+03
3.674723148345947266e+00,2.000001668930053711e-01,1.941117797851562500e+03
3.683900356292724609e+00,2.000001668930053711e-01,1.941134399414062500e+03
3.692665576934814453e+00,2.000001668930053711e-01,1.941151367187500000e+03
3.701013326644897461e+00,2.000001668930053711e-01,1.941168457031250000e+03
3.708938837051391602e+00,2.000001668930053711e-01,1.941185791015625000e+03
3.716437578201293945e+00,2.000001668930053711e-01,1.941203247070312500e+03
3.723504543304443359e+00,2.000001668930053711e-01,1.941220947265625000e+03
3.730135679244995117e+00,2.000001668930053711e-01,1.941238769531250000e+03
3.736327171325683594e+00,2.000001668930053711e-01,1.941256713867187500e+03
3.742074966430664062e+00,2.000001668930053711e-01,1.941274902343750000e+03
3.747375965118408203e+00,2.000001668930053711e-01,1.941293212890625000e+03
3.752226591110229492e+00,2.000001668930053711e-01,1.941311523437500000e+03
3.756624221801757812e+00,2.000001668930053711e-01,1.941330078125000000e+03
3.760565996170043945e+00,2.000001668930053711e-01,1.941348754882812500e+03
3.764049768447875977e+00,2.000001668930053711e-01,1.941367431640625000e+03
3.767073154449462891e+00,2.000001668930053711e-01,1.941386230468750000e+03
3.769634485244750977e+00,2.000001668930053711e-01,1.941405029296875000e+03
3.771732330322265625e+00,2.000001668930053711e-01,1.941423950195312500e+03
3.773365259170532227e+00,2.000001668930053711e-01,1.941442993164062500e+03
3.774532318115234375e+00,2.000001668930053711e-01,1.941461914062500000e+03
3.775232791900634766e+00,2.000001668930053711e-01,1.941480957031250000e+03
3.816874265670776367e+00,1.999999284744262695e-01,1.941500000000000000e+03
3.816628217697143555e+00,1.999999284744262695e-01,1.941520019531250000e+03
3.815890312194824219e+00,1.999999284744262695e-01,1.941540039062500000e+03
3.814660787582397461e+00,1.999999284744262695e-01,1.941560058593750000e+03
3.812940835952758789e+00,1.999999284744262695e-01,1.941580078125000000e+03
3.810730934143066406e+00,1.999999284744262695e-01,1.941599975585937500e+03
3.808032751083374023e+00,1.999999284744262695e-01,1.941619873046875000e+03
3.804847955703735352e+00,1.999999284744262695e-01,1.941639648437500000e+03
3.801178216934204102e+00,1.999999284744262695e-01,1.941659423828125000e+03
3.797025918960571289e+00,1.999999284744262695e-01,1.941678955078125000e+03
3.792393445968627930e+00,1.999999284744262695e-01,1.941698486328125000e+03
3.787283897399902344e+00,1.999999284744262695e-01,1.941717895507812500e+03
3.781699895858764648e+00,1.999999284744262695e-01,1.941737182617187500e+03
3.775645017623901367e+00,1.999999284744262695e-01,1.941756225585937500e+03
3.769123077392578125e+00,1.999999284744262695e-01,1.941775146484375000e+03
3.762137889862060547e+00,1.999999284744262695e-01,1.941793945312500000e+03
3.754693269729614258e+00,1.999999284744262695e-01,1.941812622070312500e+03
3.746794223785400391e+00,1.999999284744262695e-01,1.941831054687500000e+03
3.738445520401000977e+00,1.999999284744262695e-01,1.941849243164062500e+03
3.729651927947998047e+00,1.999999284744262695e-01,1.941867309570312500e+03
3.720418691635131836e+00,1.999999284744262695e-01,1.941885131835937500e+03
3.710751533508300781e+00,1.999999284744262695e-01,1.941902587890625000e+03
3.700656414031982422e+00,1.999999284744262695e-01,1.941919921875000000e+03
3.690139055252075195e+00,1.999999284744262695e-01,1.941937011718750000e+03
3.679206132888793945e+00,1.999999284744262695e-01,1.941953857421875000e+03
3.667863845825195312e+00,1.999999284744262695e-01,1.941970336914062500e+03
3.656119585037231445e+00,1.999999284744262695e-01,1.941986572265625000e+03
3.643979787826538086e+00,1.999999284744262695e-01,1.942002563476562500e+03
3.631452322006225586e+00,1.999999284744262695e-01,1.942018188476562500e+03
3.618544340133666992e+00,1.999999284744262695e-01,1.942033569335937500e+03
3.605263710021972656e+00,1.999999284744262695e-01,1.942048583984375000e+03
3.591618776321411133e+00,1.999999284744262695e-01,1.942063232421875000e+03
3.577617168426513672e+00,1.999999284744262695e-01,1.942077636718750000e+03
3.563267946243286133e+00,1.999999284744262695e-01,1.942091674804687500e+03
3.548579216003417969e+00,1.999999284744262695e-01,1.942105224609375000e+03
3.533560037612915039e+00,1.999999284744262695e-01,1.942118530273437500e+03
3.518219470977783203e+00,1.999999284744262695e-01,1.942131469726562500e+03
3.502566814422607422e+00,1.999999284744262695e-01,1.942143920898437500e+03
3.486611366271972656e+00,1.999999284744262695e-01,1.942156127929687500e+03
3.470362901687622070e+00,1.999999284744262695e-01,1.942167846679687500e+03
3.453830957412719727e+00,1.999999284744262695e-01,1.942179199218750000e+03
3.437025785446166992e+00,1.999999284744262695e-01,1.942190185546875000e+03
3.419957160949707031e+00,1.999999284744262695e-01,1.942200683593750000e+03
3.402635812759399414e+00,1.999999284744262695e-01,1.942210693359375000e+03
3.385071754455566406e+00,1.999999284744262695e-01,1.942220458984375000e+03
3.367275953292846680e+00,1.999999284744262695e-01,1.942229614257812500e+03
3.349258661270141602e+00,1.999999284744262695e-01,1.942238403320312500e+03
3.331031322479248047e+00,1.999999284744262695e-01,1.942246826171875000e+03
3.312604188919067383e+00,1.999999284744262695e-01,1.942254638671875000e+03
3.293988943099975586e+00,1.999999284744262695e-01,1.942262084960937500e+03
3.275196552276611328e+00,1.999999284744262695e-01,1.942269165039062500e+03
3.256238460540771484e+00,1.999999284744262695e-01,1.942275634765625000e+03
3.237126111984252930e+00,1.999999284744262695e-01,1.942281738281250000e+03
3.217870712280273438e+00,1.999999284744262695e-01,1.942287231445312500e+03
3.198484182357788086e+00,1.999999284744262695e-01,1.942292358398437500e+03
3.178978204727172852e+00,1.999999284744262695e-01,1.942296997070312500e+03
3.159364223480224609e+00,1.999999284744262695e-01,1.942301147460937500e+03
3.139654397964477539e+00,1.999999284744262695e-01,1.942304809570312500e+03
3.119860410690307617e+00,1.999999284744262695e-01,1.942307983398437500e+03
3.099994182586669922e+00,1.999999284744262695e-01,1.942310791015625000e+03
3.080067634582519531e+00,1.999999284744262695e-01,1.942312988281250000e+03
3.060092926025390625e+00,1.999999284744262695e-01,1.942314697265625000e+03
3.040082216262817383e+00,1.999999284744262695e-01,1.942315917968750000e+03
3.020047187805175781e+00,1.999999284744262695e-01,1.942316650390625000e+03
3.000000000000000000e+00,1.999999284744262695e-01,1.942316894531250000e+03
2.979952812194824219e+00,1.999999284744262695e-01,1.942316650390625000e+03
2.959917783737182617e+00,1.999999284744262695e-01,1.942315917968750000e+03
2.939907073974609375e+00,1.999999284744262695e-01,1.942314697265625000e+03
2.919932365417480469e+00,1.999999284744262695e-01,1.942312988281250000e+03
2.900005817413330078e+00,1.999999284744262695e-01,1.942310791015625000e+03
2.880139589309692383e+00,1.999999284744262695e-01,1.942307983398437500e+03
2.860345602035522461e+00,1.999999284744262695e-01,1.942304809570312500e+03
2.840635776519775391e+00,1.999999284744262695e-01,1.942301147460937500e+03
2.821021795272827148e+00,1.999999284744262695e-01,1.942296997070312500e+03
2.801515817642211914e+00,1.999999284744262695e-01,1.942292358398437500e+03
2.782129287719726562e+00,1.999999284744262695e-01,1.942287231445312500e+03
2.762873888015747070e+00,1.999999284744262695e-01,1.942281738281250000e+03
2.743761539459228516e+00,1.999999284744262695e-01,1.942275634765625000e+03
2.724803447723388672e+00,1.999999284744262695e-01,1.942269165039062500e+03
2.706011056900024414e+00,1.999999284744262695e-01,1.942262084960937500e+03
2.687395811080932617e+00,1.999999284744262695e-01,1.942254638671875000e+03
2.668968677520751953e+00,1.999999284744262695e-01,1.942246826171875000e+03
2.650741338729858398e+00,1.999999284744262695e-01,1.942238403320312500e+03
2.632724046707153320e+00,1.999999284744262695e-01,1.942229614257812500e+03
2.614928245544433594e+00,1.999999284744262695e-01,1.942220458984375000e+03
2.597364187240600586e+00,1.999999284744262695e-01,1.942210693359375000e+03
2.580042839050292969e+00,1.999999284744262695e-01,1.942200683593750000e+03
2.562974214553833008e+00,1.999999284744262695e-01,1.942190185546875000e+03
2.546169042587280273e+00,1.999999284744262695e-01,1.942179199218750000e+03
2.529637098312377930e+00,1.999999284744262695e-01,1.942167846679687500e+03
2.513388633728027344e+00,1.999999284744262695e-01,1.942156127929687500e+03
2.497433185577392578e+00,1.999999284744262695e-01,1.942143920898437500e+03
2.481780529022216797e+00,1.999999284744262695e-01,1.942131469726562500e+03
2.466439962387084961e+00,1.999999284744262695e-01,1.942118530273437500e+03
2.451420783996582031e+00,1.999999284744262695e-01,1.942105224609375000e+03
2.436732053756713867e+00,1.999999284744262695e-01,1.942091674804687500e+03
2.422382831573486328e+00,1.999999284744262695e-01,1.942077636718750000e+03
2.408381223678588867e+00,1.999999284744262695e-01,1.942063232421875000e+03
2.394736289978027344e+00,1.999999284744262695e-01,1.942048583984375000e+03
2.381455659866333008e+00,1.999999284744262695e-01,1.942033569335937500e+03
2.368547677993774414e+00,1.999999284744262695e-01,1.942018188476562500e+03
2.356020212173461914e+00,1.999999284744262695e-01,1.942002563476562500e+03
2.343880414962768555e+00,1.999999284744262695e-01,1.941986572265625000e+03
2.332136154174804688e+00,1.999999284744262695e-01,1.941970336914062500e+03
2.320793867111206055e+00,1.999999284744262695e-01,1.941953857421875000e+03
2.309860944747924805e+00,1.999999284744262695e-01,1.941937011718750000e+03
2.299343585968017578e+00,1.999999284744262695e-01,1.941919921875000000e+03
2.289248466491699219e+00,1.999999284744262695e-01,1.941902587890625000e+03
2.279581308364868164e+00,1.999999284744262695e-01,1.941885131835937500e+03
2.270348072052001953e+00,1.999999284744262695e-01,1.941867309570312500e+03
2.261554479598999023e+00,1.999999284744262695e-01,1.941849243164062500e+03
2.253205776214599609e+00,1.999999284744262695e-01,1.941831054687500000e+03
2.245306730270385742e+00,1.999999284744262695e-01,1.941812622070312500e+03
2.237862110137939453e+00,1.999999284744262695e-01,1.941793945312500000e+03
2.230876922607421875e+00,1.999999284744262695e-01,1.941775146484375000e+03
2.224354982376098633e+00,1.999999284744262695e-01,1.941756225585937500e+03
2.218300104141235352e+00,1.999999284744262695e-01,1.941737182617187500e+03
2.212716102600097656e+00,1.999999284744262695e-01,1.941717895507812500e+03
2.207606554031372070e+00,1.999999284744262695e-01,1.941698486328125000e+03
2.202974081039428711e+00,1.999999284744262695e-01,1.941678955078125000e+03
2.198821783065795898e+00,1.999999284744262695e-01,1.941659423828125000e+03
2.195152044296264648e+00,1.999999284744262695e-01,1.941639648437500000e+03
2.191967248916625977e+00,1.999999284744262695e-01,1.941619873046875000e+03
2.189269065856933594e+00,1.999999284744262695e-01,1.941599975585937500e+03
2.187059164047241211e+00,1.999999284744262695e-01,1.941580078125000000e+03
2.185339212417602539e+00,1.999999284744262695e-01,1.941560058593750000e+03
2.184109687805175781e+00,1.999999284744262695e-01,1.941540039062500000e+03
2.183371782302856445e+00,1.999999284744262695e-01,1.941520019531250000e+03
2.183125734329223633e+00,1.999999284744262695e-01,1.941500000000000000e+03
2.183371782302856445e+00,1.999999284744262695e-01,1.941479980468750000e+03
2.184109687805175781e+00,1.999999284744262695e-01,1.941459960937500000e+03
2.185339212417602539e+00,1.999999284744262695e-01,1.941439941406250000e+03
2.187059164047241211e+00,1.999999284744262695e-01,1.941419921875000000e+03
2.189269065856933594e+00,1.999999284744262695e-01,1.941400024414062500e+03
2.191967248916625977e+00,1.999999284744262695e-01,1.941380126953125000e+03
2.195152044296264648e+00,1.999999284744262695e-01,1.941360351562500000e+03
2.198821783065795898e+00,1.999999284744262695e-01,1.941340576171875000e+03
2.202974081039428711e+00,1.999999284744262695e-01,1.941321044921875000e+03
2.207606554031372070e+00,1.999999284744262695e-01,1.941301513671875000e+03
2.212716102600097656e+00,1.999999284744262695e-01,1.941282104492187500e+03
2.218300104141235352e+00,1.999999284744262695e-01,1.941262817382812500e+03
2.224354982376098633e+00,1.999999284744262695e-01,1.941243774414062500e+03
2.230876922607421875e+00,1.999999284744262695e-01,1.941224853515625000e+03
2.237862110137939453e+00,1.999999284744262695e-01,1.941206054687500000e+03
2.245306730270385742e+00,1.999999284744262695e-01,1.941187377929687500e+03
2.253205776214599609e+00,1.999999284744262695e-01,1.941168945312500000e+03
2.261554479598999023e+00,1.999999284744262695e-01,1.941150756835937500e+03
2.270348072052001953e+00,1.999999284744262695e-01,1.941132690429687500e+03
2.279581308364868164e+00,1.999999284744262695e-01,1.941114868164062500e+03
2.289248466491699219e+00,1.999999284744262695e-01,1.941097412109375000e+03
2.299343585968017578e+00,1.999999284744262695e-01,1.941080078125000000e+03
2.309860944747924805e+00,1.999999284744262695e-01,1.941062988281250000e+03
2.320793867111206055e+00,1.999999284744262695e-01,1.941046142578125000e+03
2.332136154174804688e+00,1.999999284744262695e-01,1.941029663085937500e+03
2.343880414962768555e+00,1.999999284744262695e-01,1.941013427734375000e+03
2.356020212173461914e+00,1.999999284744262695e-01,1.940997436523437500e+03
2.368547677993774414e+00,1.999999284744262695e-01,1.940981811523437500e+03
2.381455659866333008e+00,1.999999284744262695e-01,1.940966430664062500e+03
2.394736289978027344e+00,1.999999284744262695e-01,1.940951416015625000e+03
2.408381223678588867e+00,1.999999284744262695e-01,1.940936767578125000e+03
2.422382831573486328e+00,1.999999284744262695e-01,1.940922363281250000e+03
2.436732053756713867e+00,1.999999284744262695e-01,1.940908325195312500e+03
2.451420783996582031e+00,1.999999284744262695e-01,1.940894775390625000e+03
2.466439962387084961e+00,1.999999284744262695e-01,1.940881469726562500e+03
2.481780529022216797e+00,1.999999284744262695e-01,1.940868530273437500e+03
2.497433185577392578e+00,1.999999284744262695e-01,1.940856079101562500e+03
2.513388633728027344e+00,1.999999284744262695e-01,1.940843872070312500e+03
2.529637098312377930e+00,1.999999284744262695e-01,1.940832153320312500e+03
2.546169042587280273e+00,1.999999284744262695e-01,1.940820800781250000e+03
2.562974214553833008e+00,1.999999284744262695e-01,1.940809814453125000e+03
2.580042839050292969e+00,1.999999284744262695e-01,1.940799316406250000e+03
2.597364187240600586e+00,1.999999284744262695e-01,1.940789306640625000e+03
2.614928245544433594e+00,1.999999284744262695e-01,1.940779541015625000e+03
2.632724046707153320e+00,1.999999284744262695e-01,1.940770385742187500e+03
2.650741338729858398e+00,1.999999284744262695e-01,1.940761596679687500e+03
2.668968677520751953e+00,1.999999284744262695e-01,1.940753173828125000e+03
2.687395811080932617e+00,1.999999284744262695e-01,1.940745361328125000e+03
2.706011056900024414e+00,1.999999284744262695e-01,1.940737915039062500e+03
2.724803447723388672e+00,1.999999284744262695e-01,1.940730834960937500e+03
2.743761539459228516e+00,1.999999284744262695e-01,1.940724365234375000e+03
2.762873888015747070e+00,1.999999284744262695e-01,1.940718261718750000e+03
2.782129287719726562e+00,1.999999284744262695e-01,1.940712768554687500e+03
2.801515817642211914e+00,1.999999284744262695e-01,1.940707641601562500e+03
2.821021795272827148e+00,1.999999284744262695e-01,1.940703002929687500e+03
2.840635776519775391e+00,1.999999284744262695e-01,1.940698852539062500e+03
2.860345602035522461e+00,1.999999284744262695e-01,1.940695190429687500e+03
2.880139589309692383e+00,1.999999284744262695e-01,1.940692016601562500e+03
2.900005817413330078e+00,1.999999284744262695e-01,1.940689208984375000e+03
2.919932365417480469e+00,1.999999284744262695e-01,1.940687011718750000e+03
2.939907073974609375e+00,1.999999284744262695e-01,1.940685302734375000e+03
2.959917783737182617e+00,1.999999284744262695e-01,1.940684082031250000e+03
2.979952812194824219e+00,1.999999284744262695e-01,1.940683349609375000e+03
3.000000000000000000e+00,1.999999284744262695e-01,1.940683105468750000e+03
3.020047187805175781e+00,1.999999284744262695e-01,1.940683349609375000e+03
3.040082216262817383e+00,1.999999284744262695e-01,1.940684082031250000e+03
3.060092926025390625e+00,1.999999284744262695e-01,1.940685302734375000e+03
3.080067634582519531e+00,1.999999284744262695e-01,1.940687011718750000e+03
3.099994182586669922e+00,1.999999284744262695e-01,1.940689208984375000e+03
3.119860410690307617e+00,1.999999284744262695e-01,1.940692016601562500e+03
3.139654397964477539e+00,1.999999284744262695e-01,1.940695190429687500e+03
3.159364223480224609e+00,1.999999284744262695e-01,1.940698852539062500e+03
3.178978204727172852e+00,1.999999284744262695e-01,1.940703002929687500e+03
3.198484182357788086e+00,1.999999284744262695e-01,1.940707641601562500e+03
3.217870712280273438e+00,1.999999284744262695e-01,1.940712768554687500e+03
3.237126111984252930e+00,1.999999284744262695e-01,1.940718261718750000e+03
3.256238460540771484e+00,1.999999284744262695e-01,1.940724365234375000e+03
3.275196552276611328e+00,1.999999284744262695e-01,1.940730834960937500e+03
3.293988943099975586e+00,1.999999284744262695e-01,1.940737915039062500e+03
3.312604188919067383e+00,1.999999284744262695e-01,1.940745361328125000e+03
3.331031322479248047e+00,1.999999284744262695e-01,1.940753173828125000e+03
3.349258661270141602e+00,1.999999284744262695e-01,1.940761596679687500e+03
3.367275953292846680e+00,1.999999284744262695e-01,1.940770385742187500e+03
3.385071754455566406e+00,1.999999284744262695e-01,1.940779541015625000e+03
3.402635812759399414e+00,1.999999284744262695e-01,1.940789306640625000e+03
3.419957160949707031e+00,1.999999284744262695e-01,1.940799316406250000e+03
3.437025785446166992e+00,1.999999284744262695e-01,1.940809814453125000e+03
3.453830957412719727e+00,1.999999284744262695e-01,1.940820800781250000e+03
3.470362901687622070e+00,1.999999284744262695e-01,1.940832153320312500e+03
3.486611366271972656e+00,1.999999284744262695e-01,1.940843872070312500e+03
3.502566814422607422e+00,1.999999284744262695e-01,1.940856079101562500e+03
3.518219470977783203e+00,1.999999284744262695e-01,1.940868530273437500e+03
3.533560037612915039e+00,1.999999284744262695e-01,1.940881469726562500e+03
3.548579216003417969e+00,1.999999284744262695e-01,1.940894775390625000e+03
3.563267946243286133e+00,1.999999284744262695e-01,1.940908325195312500e+03
3.577617168426513672e+00,1.999999284744262695e-01,1.940922363281250000e+03
3.591618776321411133e+00,1.999999284744262695e-01,1.940936767578125000e+03
3.605263710021972656e+00,1.999999284744262695e-01,1.940951416015625000e+03
3.618544340133666992e+00,1.999999284744262695e-01,1.940966430664062500e+03
3.631452322006225586e+00,1.999999284744262695e-01,1.940981811523437500e+03
3.643979787826538086e+00,1.999999284744262695e-01,1.940997436523437500e+03
3.656119585037231445e+00,1.999999284744262695e-01,1.941013427734375000e+03
3.667863845825195312e+00,1.999999284744262695e-01,1.941029663085937500e+03
3.679206132888793945e+00,1.999999284744262695e-01,1.941046142578125000e+03
3.690139055252075195e+00,1.999999284744262695e-01,1.941062988281250000e+03
3.700656414031982422e+00,1.999999284744262695e-01,1.941080078125000000e+03
3.710751533508300781e+00,1.999999284744262695e-01,1.941097412109375000e+03
3.720418691635131836e+00,1.999999284744262695e-01,1.941114868164062500e+03
3.729651927947998047e+00,1.999999284744262695e-01,1.941132690429687500e+03
3.738445520401000977e+00,1.999999284744262695e-01,1.941150756835937500e+03
3.746794223785400391e+00,1.999999284744262695e-01,1.941168945312500000e+03
3.754693269729614258e+00,1.999999284744262695e-01,1.941187377929687500e+03
3.762137889862060547e+00,1.999999284744262695e-01,1.941206054687500000e+03
3.769123077392578125e+00,1.999999284744262695e-01,1.941224853515625000e+03
3.775645017623901367e+00,1.999999284744262695e-01,1.941243774414062500e+03
3.781699895858764648e+00,1.999999284744262695e-01,1.941262817382812500e+03
3.787283897399902344e+00,1.999999284744262695e-01,1.941282104492187500e+03
3.792393445968627930e+00,1.999999284744262695e-01,1.941301513671875000e+03
3.797025918960571289e+00,1.999999284744262695e-01,1.941321044921875000e+03
3.801178216934204102e+00,1.999999284744262695e-01,1.941340576171875000e+03
3.804847955703735352e+00,1.999999284744262695e-01,1.941360351562500000e+03
3.808032751083374023e+00,1.999999284744262695e-01,1.941380126953125000e+03
3.810730934143066406e+00,1.999999284744262695e-01,1.941400024414062500e+03
3.812940835952758789e+00,1.999999284744262695e-01,1.941419921875000000e+03
3.814660787582397461e+00,1.999999284744262695e-01,1.941439941406250000e+03
3.815890312194824219e+00,1.999999284744262695e-01,1.941459960937500000e+03
3.816628217697143555e+00,1.999999284744262695e-01,1.941479980468750000e+03
3.859011650085449219e+00,1.999999284744262695e-01,1.941500000000000000e+03
3.858752727508544922e+00,1.999999284744262695e-01,1.941521118164062500e+03
3.857976913452148438e+00,1.999999284744262695e-01,1.941542114257812500e+03
3.856683969497680664e+00,1.999999284744262695e-01,1.941563232421875000e+03
3.854875087738037109e+00,1.999999284744262695e-01,1.941584228515625000e+03
3.852551460266113281e+00,1.999999284744262695e-01,1.941605102539062500e+03
3.849714040756225586e+00,1.999999284744262695e-01,1.941626098632812500e+03
3.846364974975585938e+00,1.999999284744262695e-01,1.941646850585937500e+03
3.842505931854248047e+00,1.999999284744262695e-01,1.941667602539062500e+03
3.838139295578002930e+00,1.999999284744262695e-01,1.941688232421875000e+03
3.833268165588378906e+00,1.999999284744262695e-01,1.941708740234375000e+03
3.827894687652587891e+00,1.999999284744262695e-01,1.941729125976562500e+03
3.822022914886474609e+00,1.999999284744262695e-01,1.941749389648437500e+03
3.815655708312988281e+00,1.999999284744262695e-01,1.941769409179687500e+03
3.808797121047973633e+00,1.999999284744262695e-01,1.941789428710937500e+03
3.801451683044433594e+00,1.999999284744262695e-01,1.941809204101562500e+03
3.793623208999633789e+00,1.999999284744262695e-01,1.941828735351562500e+03
3.785316705703735352e+00,1.999999284744262695e-01,1.941848144531250000e+03
3.776537179946899414e+00,1.999999284744262695e-01,1.941867309570312500e+03
3.767289876937866211e+00,1.999999284744262695e-01,1.941886230468750000e+03
3.757580518722534180e+00,1.999999284744262695e-01,1.941904907226562500e+03
3.747414827346801758e+00,1.999999284744262695e-01,1.941923461914062500e+03
3.736798763275146484e+00,1.999999284744262695e-01,1.941941650390625000e+03
3.725739002227783203e+00,1.999999284744262695e-01,1.941959594726562500e+03
3.714241981506347656e+00,1.999999284744262695e-01,1.941977294921875000e+03
3.702314853668212891e+00,1.999999284744262695e-01,1.941994628906250000e+03
3.689964532852172852e+00,1.999999284744262695e-01,1.942011718750000000e+03
3.677198648452758789e+00,1.999999284744262695e-01,1.942028442382812500e+03
3.664024829864501953e+00,1.999999284744262695e-01,1.942044921875000000e+03
3.650451183319091797e+00,1.999999284744262695e-01,1.942061035156250000e+03
3.636485576629638672e+00,1.999999284744262695e-01,1.942076904296875000e+03
3.622136592864990234e+00,1.999999284744262695e-01,1.942092285156250000e+03
3.607412815093994141e+00,1.999999284744262695e-01,1.942107421875000000e+03
3.592323303222656250e+00,1.999999284744262695e-01,1.942122192382812500e+03
3.576876878738403320e+00,1.999999284744262695e-01,1.942136474609375000e+03
3.561082839965820312e+00,1.999999284744262695e-01,1.942150390625000000e+03
3.544951200485229492e+00,1.999999284744262695e-01,1.942164062500000000e+03
3.528491020202636719e+00,1.999999284744262695e-01,1.942177246093750000e+03
3.511712551116943359e+00,1.999999284744262695e-01,1.942189941406250000e+03
3.494625806808471680e+00,1.999999284744262695e-01,1.942202270507812500e+03
3.477241277694702148e+00,1.999999284744262695e-01,1.942214233398437500e+03
3.459568977355957031e+00,1.999999284744262695e-01,1.942225708007812500e+03
3.441620111465454102e+00,1.999999284744262695e-01,1.942236816406250000e+03
3.423405170440673828e+00,1.999999284744262695e-01,1.942247436523437500e+03
3.404935121536254883e+00,1.999999284744262695e-01,1.942257568359375000e+03
3.386221408843994141e+00,1.999999284744262695e-01,1.942267333984375000e+03
3.367274761199951172e+00,1.999999284744262695e-01,1.942276489257812500e+03
3.348106861114501953e+00,1.999999284744262695e-01,1.942285278320312500e+03
3.328729391098022461e+00,1.999999284744262695e-01,1.942293579101562500e+03
3.309154033660888672e+00,1.999999284744262695e-01,1.942301391601562500e+03
3.289392232894897461e+00,1.999999284744262695e-01,1.942308837890625000e+03
3.269456148147583008e+00,1.999999284744262695e-01,1.942315673828125000e+03
3.249357938766479492e+00,1.999999284744262695e-01,1.942322021484375000e+03
3.229109287261962891e+00,1.999999284744262695e-01,1.942327880859375000e+03
3.208722829818725586e+00,1.999999284744262695e-01,1.942333251953125000e+03
3.188210487365722656e+00,1.999999284744262695e-01,1.942338134765625000e+03
3.167584896087646484e+00,1.999999284744262695e-01,1.942342529296875000e+03
3.146858215332031250e+00,1.999999284744262695e-01,1.942346313476562500e+03
3.126043081283569336e+00,1.999999284744262695e-01,1.942349731445312500e+03
3.105152130126953125e+00,1.999999284744262695e-01,1.942352539062500000e+03
3.084197759628295898e+00,1.999999284744262695e-01,1.942354858398437500e+03
3.063192844390869141e+00,1.999999284744262695e-01,1.942356689453125000e+03
3.042149782180786133e+00,1.999999284744262695e-01,1.942358032226562500e+03
3.021081209182739258e+00,1.999999284744262695e-01,1.942358764648437500e+03
3.000000000000000000e+00,1.999999284744262695e-01,1.942359008789062500e+03
2.978918790817260742e+00,1.999999284744262695e-01,1.942358764648437500e+03
2.957850217819213867e+00,1.999999284744262695e-01,1.942358032226562500e+03
2.936807155609130859e+00,1.999999284744262695e-01,1.942356689453125000e+03
2.915802240371704102e+00,1.999999284744262695e-01,1.942354858398437500e+03
2.894847869873046875e+00,1.999999284744262695e-01,1.942352539062500000e+03
2.873956918716430664e+00,1.999999284744262695e-01,1.942349731445312500e+03
2.853141784667968750e+00,1.999999284744262695e-01,1.942346313476562500e+03
2.832415103912353516e+00,1.999999284744262695e-01,1.942342529296875000e+03
2.811789512634277344e+00,1.999999284744262695e-01,1.942338134765625000e+03
2.791277170181274414e+00,1.999999284744262695e-01,1.942333251953125000e+03
2.770890712738037109e+00,1.999999284744262695e-01,1.942327880859375000e+03
2.750642061233520508e+00,1.999999284744262695e-01,1.942322021484375000e+03
2.730543851852416992e+00,1.999999284744262695e-01,1.942315673828125000e+03
2.710607767105102539e+00,1.999999284744262695e-01,1.942308837890625000e+03
2.690845966339111328e+00,1.999999284744262695e-01,1.942301391601562500e+03
2.671270608901977539e+00,1.999999284744262695e-01,1.942293579101562500e+03
2.651893138885498047e+00,1.999999284744262695e-01,1.942285278320312500e+03
2.632725238800048828e+00,1.999999284744262695e-01,1.942276489257812500e+03
2.613778591156005859e+00,1.999999284744262695e-01,1.942267333984375000e+03
2.595064878463745117e+00,1.999999284744262695e-01,1.942257568359375000e+03
2.576594829559326172e+00,1.999999284744262695e-01,1.942247436523437500e+03
2.558379888534545898e+00,1.999999284744262695e-01,1.942236816406250000e+03
2.540431022644042969e+00,1.999999284744262695e-01,1.942225708007812500e+03
2.522758722305297852e+00,1.999999284744262695e-01,1.942214233398437500e+03
2.505374193191528320e+00,1.999999284744262695e-01,1.942202270507812500e+03
2.488287448883056641e+00,1.999999284744262695e-01,1.942189941406250000e+03
2.471508979797363281e+00,1.999999284744262695e-01,1.942177246093750000e+03
2.455048799514770508e+00,1.999999284744262695e-01,1.942164062500000000e+03
2.438917160034179688e+00,1.999999284744262695e-01,1.942150390625000000e+03
2.423123121261596680e+00,1.999999284744262695e-01,1.942136474609375000e+03
2.407676696777343750e+00,1.999999284744262695e-01,1.942122192382812500e+03
2.392587184906005859e+00,1.999999284744262695e-01,1.942107421875000000e+03
2.377863407135009766e+00,1.999999284744262695e-01,1.942092285156250000e+03
2.363514423370361328e+00,1.999999284744262695e-01,1.942076904296875000e+03
2.349548816680908203e+00,1.999999284744262695e-01,1.942061035156250000e+03
2.335975170135498047e+00,1.999999284744262695e-01,1.942044921875000000e+03
2.322801351547241211e+00,1.999999284744262695e-01,1.942028442382812500e+03
2.310035467147827148e+00,1.999999284744262695e-01,1.942011718750000000e+03
2.297685146331787109e+00,1.999999284744262695e-01,1.941994628906250000e+03
2.285758018493652344e+00,1.999999284744262695e-01,1.941977294921875000e+03
2.274260997772216797e+00,1.999999284744262695e-01,1.941959594726562500e+03
2.263201236724853516e+00,1.999999284744262695e-01,1.941941650390625000e+03
2.252585172653198242e+00,1.999999284744262695e-01,1.941923461914062500e+03
2.242419481277465820e+00,1.999999284744262695e-01,1.941904907226562500e+03
2.232710123062133789e+00,1.999999284744262695e-01,1.941886230468750000e+03
2.223462820053100586e+00,1.999999284744262695e-01,1.941867309570312500e+03
2.214683294296264648e+00,1.999999284744262695e-01,1.941848144531250000e+03
2.206376791000366211e+00,1.999999284744262695e-01,1.941828735351562500e+03
2.198548316955566406e+00,1.999999284744262695e-01,1.941809204101562500e+03
2.191202878952026367e+00,1.999999284744262695e-01,1.941789428710937500e+03
2.184344291687011719e+00,1.999999284744262695e-01,1.941769409179687500e+03
2.177977085113525391e+00,1.999999284744262695e-01,1.941749389648437500e+03
2.172105312347412109e+00,1.999999284744262695e-01,1.941729125976562500e+03
2.166731834411621094e+00,1.999999284744262695e-01,1.941708740234375000e+03
2.161860704421997070e+00,1.999999284744262695e-01,1.941688232421875000e+03
2.157494068145751953e+00,1.999999284744262695e-01,1.941667602539062500e+03
2.153635025024414062e+00,1.999999284744262695e-01,1.941646850585937500e+03
2.150285959243774414e+00,1.999999284744262695e-01,1.941626098632812500e+03
2.147448539733886719e+00,1.999999284744262695e-01,1.941605102539062500e+03
2.145124912261962891e+00,1.999999284744262695e-01,1.941584228515625000e+03
2.143316030502319336e+00,1.999999284744262695e-01,1.941563232421875000e+03
2.142023086547851562e+00,1.999999284744262695e-01,1.941542114257812500e+03
2.141247272491455078e+00,1.999999284744262695e-01,1.941521118164062500e+03
2.140988349914550781e+00,1.999999284744262695e-01,1.941500000000000000e+03
2.141247272491455078e+00,1.999999284744262695e-01,1.941478881835937500e+03
2.142023086547851562e+00,1.999999284744262695e-01,1.941457885742187500e+03
2.143316030502319336e+00,1.999999284744262695e-01,1.941436767578125000e+03
2.145124912261962891e+00,1.999999284744262695e-01,1.941415771484375000e+03
2.147448539733886719e+00,1.999999284744262695e-01,1.941394897460937500e+03
2.150285959243774414e+00,1.999999284744262695e-01,1.941373901367187500e+03
2.153635025024414062e+00,1.999999284744262695e-01,1.941353149414062500e+03
2.157494068145751953e+00,1.999999284744262695e-01,1.941332397460937500e+03
2.161860704421997070e+00,1.999999284744262695e-01,1.941311767578125000e+03
2.166731834411621094e+00,1.999999284744262695e-01,1.941291259765625000e+03
2.172105312347412109e+00,1.999999284744262695e-01,1.941270874023437500e+03
2.177977085113525391e+00,1.999999284744262695e-01,1.941250610351562500e+03
2.184344291687011719e+00,1.999999284744262695e-01,1.941230590820312500e+03
2.191202878952026367e+00,1.999999284744262695e-01,1.941210571289062500e+03
2.198548316955566406e+00,1.999999284744262695e-01,1.941190795898437500e+03
2.206376791000366211e+00,1.999999284744262695e-01,1.941171264648437500e+03
2.214683294296264648e+00,1.999999284744262695e-01,1.941151855468750000e+03
2.223462820053100586e+00,1.999999284744262695e-01,1.941132690429687500e+03
2.232710123062133789e+00,1.999999284744262695e-01,1.941113769531250000e+03
2.242419481277465820e+00,1.999999284744262695e-01,1.941095092773437500e+03
2.252585172653198242e+00,1.999999284744262695e-01,1.941076538085937500e+03
2.263201236724853516e+00,1.999999284744262695e-01,1.941058349609375000e+03
2.274260997772216797e+00,1.999999284744262695e-01,1.941040405273437500e+03
2.285758018493652344e+00,1.999999284744262695e-01,1.941022705078125000e+03
2.297685146331787109e+00,1.999999284744262695e-01,1.941005371093750000e+03
2.310035467147827148e+00,1.999999284744262695e-01,1.940988281250000000e+03
2.322801351547241211e+00,1.999999284744262695e-01,1.940971557617187500e+03
2.335975170135498047e+00,1.999999284744262695e-01,1.940955078125000000e+03
2.349548816680908203e+00,1.999999284744262695e-01,1.940938964843750000e+03
2.363514423370361328e+00,1.999999284744262695e-01,1.940923095703125000e+03
2.377863407135009766e+00,1.999999284744262695e-01,1.940907714843750000e+03
2.392587184906005859e+00,1.999999284744262695e-01,1.940892578125000000e+03
2.407676696777343750e+00,1.999999284744262695e-01,1.940877807617187500e+03
2.423123121261596680e+00,1.999999284744262695e-01,1.940863525390625000e+03
2.438917160034179688e+00,1.999999284744262695e-01,1.940849609375000000e+03
2.455048799514770508e+00,1.999999284744262695e-01,1.940835937500000000e+03
2.471508979797363281e+00,1.999999284744262695e-01,1.940822753906250000e+03
2.488287448883056641e+00,1.999999284744262695e-01,1.940810058593750000e+03
2.505374193191528320e+00,1.999999284744262695e-01,1.940797729492187500e+03
2.522758722305297852e+00,1.999999284744262695e-01,1.940785766601562500e+03
2.540431022644042969e+00,1.999999284744262695e-01,1.940774291992187500e+03
2.558379888534545898e+00,1.999999284744262695e-01,1.940763183593750000e+03
2.576594829559326172e+00,1.999999284744262695e-01,1.940752563476562500e+03
2.595064878463745117e+00,1.999999284744262695e-01,1.940742431640625000e+03
2.613778591156005859e+00,1.999999284744262695e-01,1.940732666015625000e+03
2.632725238800048828e+00,1.999999284744262695e-01,1.940723510742187500e+03
2.651893138885498047e+00,1.999999284744262695e-01,1.940714721679687500e+03
2.671270608901977539e+00,1.999999284744262695e-01,1.940706420898437500e+03
2.690845966339111328e+00,1.999999284744262695e-01,1.940698608398437500e+03
2.710607767105102539e+00,1.999999284744262695e-01,1.940691162109375000e+03
2.730543851852416992e+00,1.999999284744262695e-01,1.940684326171875000e+03
2.750642061233520508e+00,1.999999284744262695e-01,1.940677978515625000e+03
2.770890712738037109e+00,1.999999284744262695e-01,1.940672119140625000e+03
2.791277170181274414e+00,1.999999284744262695e-01,1.940666748046875000e+03
2.811789512634277344e+00,1.999999284744262695e-01,1.940661865234375000e+03
2.832415103912353516e+00,1.999999284744262695e-01,1.940657470703125000e+03
2.853141784667968750e+00,1.999999284744262695e-01,1.940653686523437500e+03
2.873956918716430664e+00,1.999999284744262695e-01,1.940650268554687500e+03
2.894847869873046875e+00,1.999999284744262695e-01,1.940647460937500000e+03
2.915802240371704102e+00,1.999999284744262695e-01,1.940645141601562500e+03
2.936807155609130859e+00,1.999999284744262695e-01,1.940643310546875000e+03
2.957850217819213867e+00,1.999999284744262695e-01,1.940641967773437500e+03
2.978918790817260742e+00,1.999999284744262695e-01,1.940641235351562500e+03
3.000000000000000000e+00,1.999999284744262695e-01,1.940640991210937500e+03
3.021081209182739258e+00,1.999999284744262695e-01,1.940641235351562500e+03
3.042149782180786133e+00,1.999999284744262695e-01,1.940641967773437500e+03
3.063192844390869141e+00,1.999999284744262695e-01,1.940643310546875000e+03
3.084197759628295898e+00,1.999999284744262695e-01,1.940645141601562500e+03
3.105152130126953125e+00,1.999999284744262695e-01,1.940647460937500000e+03
3.126043081283569336e+00,1.999999284744262695e-01,1.940650268554687500e+03
3.146858215332031250e+00,1.999999284744262695e-01,1.940653686523437500e+03
3.167584896087646484e+00,1.999999284744262695e-01,1.940657470703125000e+03
3.188210487365722656e+00,1.999999284744262695e-01,1.940661865234375000e+03
3.208722829818725586e+00,1.999999284744262695e-01,1.940666748046875000e+03
3.229109287261962891e+00,1.999999284744262695e-01,1.940672119140625000e+03
3.249357938766479492e+00,1.999999284744262695e-01,1.940677978515625000e+03
3.269456148147583008e+00,1.999999284744262695e-01,1.940684326171875000e+03
3.289392232894897461e+00,1.999999284744262695e-01,1.940691162109375000e+03
3.309154033660888672e+00,1.999999284744262695e-01,1.940698608398437500e+03
3.328729391098022461e+00,1.999999284744262695e-01,1.940706420898437500e+03
3.348106861114501953e+00,1.999999284744262695e-01,1.940714721679687500e+03
3.367274761199951172e+00,1.999999284744262695e-01,1.940723510742187500e+03
3.386221408843994141e+00,1.999999284744262695e-01,1.940732666015625000e+03
3.404935121536254883e+00,1.999999284744262695e-01,1.940742431640625000e+03
3.423405170440673828e+00,1.999999284744262695e-01,1.940752563476562500e+03
3.441620111465454102e+00,1.999999284744262695e-01,1.940763183593750000e+03
3.459568977355957031e+00,1.999999284744262695e-01,1.940774291992187500e+03
3.477241277694702148e+00,1.999999284744262695e-01,1.940785766601562500e+03
3.494625806808471680e+00,1.999999284744262695e-01,1.940797729492187500e+03
3.511712551116943359e+00,1.999999284744262695e-01,1.940810058593750000e+03
3.528491020202636719e+00,1.999999284744262695e-01,1.940822753906250000e+03
3.544951200485229492e+00,1.999999284744262695e-01,1.940835937500000000e+03
3.561082839965820312e+00,1.999999284744262695e-01,1.940849609375000000e+03
3.576876878738403320e+00,1.999999284744262695e-01,1.940863525390625000e+03
3.592323303222656250e+00,1.999999284744262695e-01,1.940877807617187500e+03
3.607412815093994141e+00,1.999999284744262695e-01,1.940892578125000000e+03
3.622136592864990234e+00,1.999999284744262695e-01,1.940907714843750000e+03
3.636485576629638672e+00,1.999999284744262695e-01,1.940923095703125000e+03
3.650451183319091797e+00,1.999999284744262695e-01,1.940938964843750000e+03
3.664024829864501953e+00,1.999999284744262695e-01,1.940955078125000000e+03
3.677198648452758789e+00,1.999999284744262695e-01,1.940971557617187500e+03
3.689964532852172852e+00,1.999999284744262695e-01,1.940988281250000000e+03
3.702314853668212891e+00,1.999999284744262695e-01,1.941005371093750000e+03
3.714241981506347656e+00,1.999999284744262695e-01,1.941022705078125000e+03
3.725739002227783203e+00,1.999999284744262695e-01,1.941040405273437500e+03
3.736798763275146484e+00,1.999999284744262695e-01,1.941058349609375000e+03
3.747414827346801758e+00,1.999999284744262695e-01,1.941076538085937500e+03
3.757580518722534180e+00,1.999999284744262695e-01,1.941095092773437500e+03
3.767289876937866211e+00,1.999999284744262695e-01,1.941113769531250000e+03
3.776537179946899414e+00,1.999999284744262695e-01,1.941132690429687500e+03
3.785316705703735352e+00,1.999999284744262695e-01,1.941151855468750000e+03
3.793623208999633789e+00,1.999999284744262695e-01,1.941171264648437500e+03
3.801451683044433594e+00,1.999999284744262695e-01,1.941190795898437500e+03
3.808797121047973633e+00,1.999999284744262695e-01,1.941210571289062500e+03
3.815655708312988281e+00,1.999999284744262695e-01,1.941230590820312500e+03
3.822022914886474609e+00,1.999999284744262695e-01,1.941250610351562500e+03
3.827894687652587891e+00,1.999999284744262695e-01,1.941270874023437500e+03
3.833268165588378906e+00,1.999999284744262695e-01,1.941291259765625000e+03
3.838139295578002930e+00,1.999999284744262695e-01,1.941311767578125000e+03
3.842505931854248047e+00,1.999999284744262695e-01,1.941332397460937500e+03
3.846364974975585938e+00,1.999999284744262695e-01,1.941353149414062500e+03
3.849714040756225586e+00,1.999999284744262695e-01,1.941373901367187500e+03
3.852551460266113281e+00,1.999999284744262695e-01,1.941394897460937500e+03
3.854875087738037109e+00,1.999999284744262695e-01,1.941415771484375000e+03
3.856683969497680664e+00,1.999999284744262695e-01,1.941436767578125000e+03
3.857976913452148438e+00,1.999999284744262695e-01,1.941457885742187500e+03
3.858752727508544922e+00,1.999999284744262695e-01,1.941478881835937500e+03
3.901929855346679688e+00,2.000000476837158203e-01,1.941500000000000000e+03
3.901658296585083008e+00,2.000000476837158203e-01,1.941522094726562500e+03
3.900843381881713867e+00,2.000000476837158203e-01,1.941544311523437500e+03
3.899486064910888672e+00,2.000000476837158203e-01,1.941566406250000000e+03
3.897586822509765625e+00,2.000000476837158203e-01,1.941588378906250000e+03
3.895146846771240234e+00,2.000000476837158203e-01,1.941610351562500000e+03
3.892167806625366211e+00,2.000000476837158203e-01,1.941632324218750000e+03
3.888651371002197266e+00,2.000000476837158203e-01,1.941654174804687500e+03
3.884599447250366211e+00,2.000000476837158203e-01,1.941675903320312500e+03
3.880014896392822266e+00,2.000000476837158203e-01,1.941697631835937500e+03
3.874900102615356445e+00,2.000000476837158203e-01,1.941719116210937500e+03
3.869258403778076172e+00,2.000000476837158203e-01,1.941740600585937500e+03
3.863092899322509766e+00,2.000000476837158203e-01,1.941761840820312500e+03
3.856407880783081055e+00,2.000000476837158203e-01,1.941782958984375000e+03
3.849206686019897461e+00,2.000000476837158203e-01,1.941803833007812500e+03
3.841494083404541016e+00,2.000000476837158203e-01,1.941824584960937500e+03
3.833274364471435547e+00,2.000000476837158203e-01,1.941845092773437500e+03
3.824553012847900391e+00,2.000000476837158203e-01,1.941865478515625000e+03
3.815334796905517578e+00,2.000000476837158203e-01,1.941885620117187500e+03
3.805625677108764648e+00,2.000000476837158203e-01,1.941905517578125000e+03
3.795431137084960938e+00,2.000000476837158203e-01,1.941925170898437500e+03
3.784757375717163086e+00,2.000000476837158203e-01,1.941944580078125000e+03
3.773611068725585938e+00,2.000000476837158203e-01,1.941963745117187500e+03
3.761998653411865234e+00,2.000000476837158203e-01,1.941982543945312500e+03
3.749927282333374023e+00,2.000000476837158203e-01,1.942001098632812500e+03
3.737404108047485352e+00,2.000000476837158203e-01,1.942019287109375000e+03
3.724436759948730469e+00,2.000000476837158203e-01,1.942037231445312500e+03
3.711033105850219727e+00,2.000000476837158203e-01,1.942054931640625000e+03
3.697201251983642578e+00,2.000000476837158203e-01,1.942072143554687500e+03
3.682949304580688477e+00,2.000000476837158203e-01,1.942089111328125000e+03
3.668285846710205078e+00,2.000000476837158203e-01,1.942105712890625000e+03
3.653220176696777344e+00,2.000000476837158203e-01,1.942121948242187500e+03
3.637760639190673828e+00,2.000000476837158203e-01,1.942137817382812500e+03
3.621917247772216797e+00,2.000000476837158203e-01,1.942153198242187500e+03
3.605699062347412109e+00,2.000000476837158203e-01,1.942168334960937500e+03
3.589116096496582031e+00,2.000000476837158203e-01,1.942182983398437500e+03
3.572178363800048828e+00,2.000000476837158203e-01,1.942197143554687500e+03
3.554895877838134766e+00,2.000000476837158203e-01,1.942211059570312500e+03
3.537278890609741211e+00,2.000000476837158203e-01,1.942224487304687500e+03
3.519338607788085938e+00,2.000000476837158203e-01,1.942237426757812500e+03
3.501085281372070312e+00,2.000000476837158203e-01,1.942249877929687500e+03
3.482530355453491211e+00,2.000000476837158203e-01,1.942261962890625000e+03
3.463684558868408203e+00,2.000000476837158203e-01,1.942273559570312500e+03
3.444559574127197266e+00,2.000000476837158203e-01,1.942284790039062500e+03
3.425166845321655273e+00,2.000000476837158203e-01,1.942295410156250000e+03
3.405517816543579102e+00,2.000000476837158203e-01,1.942305664062500000e+03
3.385624647140502930e+00,2.000000476837158203e-01,1.942315307617187500e+03
3.365499258041381836e+00,2.000000476837158203e-01,1.942324584960937500e+03
3.345153570175170898e+00,2.000000476837158203e-01,1.942333251953125000e+03
3.324599981307983398e+00,2.000000476837158203e-01,1.942341552734375000e+03
3.303851127624511719e+00,2.000000476837158203e-01,1.942349243164062500e+03
3.282918930053710938e+00,2.000000476837158203e-01,1.942356445312500000e+03
3.261816501617431641e+00,2.000000476837158203e-01,1.942363037109375000e+03
3.240556240081787109e+00,2.000000476837158203e-01,1.942369262695312500e+03
3.219151020050048828e+00,2.000000476837158203e-01,1.942374877929687500e+03
3.197613954544067383e+00,2.000000476837158203e-01,1.942380004882812500e+03
3.175957679748535156e+00,2.000000476837158203e-01,1.942384643554687500e+03
3.154195547103881836e+00,2.000000476837158203e-01,1.942388671875000000e+03
3.132340669631958008e+00,2.000000476837158203e-01,1.942392211914062500e+03
3.110405921936035156e+00,2.000000476837158203e-01,1.942395141601562500e+03
3.088404655456542969e+00,2.000000476837158203e-01,1.942397583007812500e+03
3.066349983215332031e+00,2.000000476837158203e-01,1.942399536132812500e+03
3.044255495071411133e+00,2.000000476837158203e-01,1.942400878906250000e+03
3.022134542465209961e+00,2.000000476837158203e-01,1.942401611328125000e+03
3.000000000000000000e+00,2.000000476837158203e-01,1.942401977539062500e+03
2.977865457534790039e+00,2.000000476837158203e-01,1.942401611328125000e+03
2.955744504928588867e+00,2.000000476837158203e-01,1.942400878906250000e+03
2.933650016784667969e+00,2.000000476837158203e-01,1.942399536132812500e+03
2.911595344543457031e+00,2.000000476837158203e-01,1.942397583007812500e+03
2.889594078063964844e+00,2.000000476837158203e-01,1.942395141601562500e+03
2.867659330368041992e+00,2.000000476837158203e-01,1.942392211914062500e+03
2.845804452896118164e+00,2.000000476837158203e-01,1.942388671875000000e+03
2.824042320251464844e+00,2.000000476837158203e-01,1.942384643554687500e+03
2.802386045455932617e+00,2.000000476837158203e-01,1.942380004882812500e+03
2.780848979949951172e+00,2.000000476837158203e-01,1.942374877929687500e+03
2.759443759918212891e+00,2.000000476837158203e-01,1.942369262695312500e+03
2.738183498382568359e+00,2.000000476837158203e-01,1.942363037109375000e+03
2.717081069946289062e+00,2.000000476837158203e-01,1.942356445312500000e+03
2.696148872375488281e+00,2.000000476837158203e-01,1.942349243164062500e+03
2.675400018692016602e+00,2.000000476837158203e-01,1.942341552734375000e+03
2.654846429824829102e+00,2.000000476837158203e-01,1.942333251953125000e+03
2.634500741958618164e+00,2.000000476837158203e-01,1.942324584960937500e+03
2.614375352859497070e+00,2.000000476837158203e-01,1.942315307617187500e+03
2.594482183456420898e+00,2.000000476837158203e-01,1.942305664062500000e+03
2.574833154678344727e+00,2.000000476837158203e-01,1.942295410156250000e+03
2.555440425872802734e+00,2.000000476837158203e-01,1.942284790039062500e+03
2.536315441131591797e+00,2.000000476837158203e-01,1.942273559570312500e+03
2.517469644546508789e+00,2.000000476837158203e-01,1.942261962890625000e+03
2.498914718627929688e+00,2.000000476837158203e-01,1.942249877929687500e+03
2.480661392211914062e+00,2.000000476837158203e-01,1.942237426757812500e+03
2.462721109390258789e+00,2.000000476837158203e-01,1.942224487304687500e+03
2.445104122161865234e+00,2.000000476837158203e-01,1.942211059570312500e+03
2.427821636199951172e+00,2.000000476837158203e-01,1.942197143554687500e+03
2.410883903503417969e+00,2.000000476837158203e-01,1.942182983398437500e+03
2.394300937652587891e+00,2.000000476837158203e-01,1.942168334960937500e+03
2.378082752227783203e+00,2.000000476837158203e-01,1.942153198242187500e+03
2.362239360809326172e+00,2.000000476837158203e-01,1.942137817382812500e+03
2.346779823303222656e+00,2.000000476837158203e-01,1.942121948242187500e+03
2.331714153289794922e+00,2.000000476837158203e-01,1.942105712890625000e+03
2.317050695419311523e+00,2.000000476837158203e-01,1.942089111328125000e+03
2.302798748016357422e+00,2.000000476837158203e-01,1.942072143554687500e+03
2.288966894149780273e+00,2.000000476837158203e-01,1.942054931640625000e+03
2.275563240051269531e+00,2.000000476837158203e-01,1.942037231445312500e+03
2.262595891952514648e+00,2.000000476837158203e-01,1.942019287109375000e+03
2.250072717666625977e+00,2.000000476837158203e-01,1.942001098632812500e+03
2.238001346588134766e+00,2.000000476837158203e-01,1.941982543945312500e+03
2.226388931274414062e+00,2.000000476837158203e-01,1.941963745117187500e+03
2.215242624282836914e+00,2.000000476837158203e-01,1.941944580078125000e+03
2.204568862915039062e+00,2.000000476837158203e-01,1.941925170898437500e+03
2.194374322891235352e+00,2.000000476837158203e-01,1.941905517578125000e+03
2.184665203094482422e+00,2.000000476837158203e-01,1.941885620117187500e+03
2.175446987152099609e+00,2.000000476837158203e-01,1.941865478515625000e+03
2.166725635528564453e+00,2.000000476837158203e-01,1.941845092773437500e+03
2.158505916595458984e+00,2.000000476837158203e-01,1.941824584960937500e+03
2.150793313980102539e+00,2.000000476837158203e-01,1.941803833007812500e+03
2.143592119216918945e+00,2.000000476837158203e-01,1.941782958984375000e+03
2.136907100677490234e+00,2.000000476837158203e-01,1.941761840820312500e+03
2.130741596221923828e+00,2.000000476837158203e-01,1.941740600585937500e+03
2.125099897384643555e+00,2.000000476837158203e-01,1.941719116210937500e+03
2.119985103607177734e+00,2.000000476837158203e-01,1.941697631835937500e+03
2.115400552749633789e+00,2.000000476837158203e-01,1.941675903320312500e+03
2.111348628997802734e+00,2.000000476837158203e-01,1.941654174804687500e+03
2.107832193374633789e+00,2.000000476837158203e-01,1.941632324218750000e+03
2.104853153228759766e+00,2.000000476837158203e-01,1.941610351562500000e+03
2.102413177490234375e+00,2.000000476837158203e-01,1.941588378906250000e+03
2.100513935089111328e+00,2.000000476837158203e-01,1.941566406250000000e+03
2.099156618118286133e+00,2.000000476837158203e-01,1.941544311523437500e+03
2.098341703414916992e+00,2.000000476837158203e-01,1.941522094726562500e+03
2.098070144653320312e+00,2.000000476837158203e-01,1.941500000000000000e+03
2.098341703414916992e+00,2.000000476837158203e-01,1.941477905273437500e+03
2.099156618118286133e+00,2.000000476837158203e-01,1.941455688476562500e+03
2.100513935089111328e+00,2.000000476837158203e-01,1.941433593750000000e+03
2.102413177490234375e+00,2.000000476837158203e-01,1.941411621093750000e+03
2.104853153228759766e+00,2.000000476837158203e-01,1.941389648437500000e+03
2.107832193374633789e+00,2.000000476837158203e-01,1.941367675781250000e+03
2.111348628997802734e+00,2.000000476837158203e-01,1.941345825195312500e+03
2.115400552749633789e+00,2.000000476837158203e-01,1.941324096679687500e+03
2.119985103607177734e+00,2.000000476837158203e-01,1.941302368164062500e+03
2.125099897384643555e+00,2.000000476837158203e-01,1.941280883789062500e+03
2.130741596221923828e+00,2.000000476837158203e-01,1.941259399414062500e+03
2.136907100677490234e+00,2.000000476837158203e-01,1.941238159179687500e+03
2.143592119216918945e+00,2.000000476837158203e-01,1.941217041015625000e+03
2.150793313980102539e+00,2.000000476837158203e-01,1.941196166992187500e+03
2.158505916595458984e+00,2.000000476837158203e-01,1.941175415039062500e+03
2.166725635528564453e+00,2.000000476837158203e-01,1.941154907226562500e+03
2.175446987152099609e+00,2.000000476837158203e-01,1.941134521484375000e+03
2.184665203094482422e+00,2.000000476837158203e-01,1.941114379882812500e+03
2.194374322891235352e+00,2.000000476837158203e-01,1.941094482421875000e+03
2.204568862915039062e+00,2.000000476837158203e-01,1.941074829101562500e+03
2.215242624282836914e+00,2.000000476837158203e-01,1.941055419921875000e+03
2.226388931274414062e+00,2.000000476837158203e-01,1.941036254882812500e+03
2.238001346588134766e+00,2.000000476837158203e-01,1.941017456054687500e+03
2.250072717666625977e+00,2.000000476837158203e-01,1.940998901367187500e+03
2.262595891952514648e+00,2.000000476837158203e-01,1.940980712890625000e+03
2.275563240051269531e+00,2.000000476837158203e-01,1.940962768554687500e+03
2.288966894149780273e+00,2.000000476837158203e-01,1.940945068359375000e+03
2.302798748016357422e+00,2.000000476837158203e-01,1.940927856445312500e+03
2.317050695419311523e+00,2.000000476837158203e-01,1.940910888671875000e+03
2.331714153289794922e+00,2.000000476837158203e-01,1.940894287109375000e+03
2.346779823303222656e+00,2.000000476837158203e-01,1.940878051757812500e+03
2.362239360809326172e+00,2.000000476837158203e-01,1.940862182617187500e+03
2.378082752227783203e+00,2.000000476837158203e-01,1.940846801757812500e+03
2.394300937652587891e+00,2.000000476837158203e-01,1.940831665039062500e+03
2.410883903503417969e+00,2.000000476837158203e-01,1.940817016601562500e+03
2.427821636199951172e+00,2.000000476837158203e-01,1.940802856445312500e+03
2.445104122161865234e+00,2.000000476837158203e-01,1.940788940429687500e+03
2.462721109390258789e+00,2.000000476837158203e-01,1.940775512695312500e+03
2.480661392211914062e+00,2.000000476837158203e-01,1.940762573242187500e+03
2.498914718627929688e+00,2.000000476837158203e-01,1.940750122070312500e+03
2.517469644546508789e+00,2.000000476837158203e-01,1.940738037109375000e+03
2.536315441131591797e+00,2.000000476837158203e-01,1.940726440429687500e+03
2.555440425872802734e+00,2.000000476837158203e-01,1.940715209960937500e+03
2.574833154678344727e+00,2.000000476837158203e-01,1.940704589843750000e+03
2.594482183456420898e+00,2.000000476837158203e-01,1.940694335937500000e+03
2.614375352859497070e+00,2.000000476837158203e-01,1.940684692382812500e+03
2.634500741958618164e+00,2.000000476837158203e-01,1.940675415039062500e+03
2.654846429824829102e+00,2.000000476837158203e-01,1.940666748046875000e+03
2.675400018692016602e+00,2.000000476837158203e-01,1.940658447265625000e+03
2.696148872375488281e+00,2.000000476837158203e-01,1.940650756835937500e+03
2.717081069946289062e+00,2.000000476837158203e-01,1.940643554687500000e+03
2.738183498382568359e+00,2.000000476837158203e-01,1.940636962890625000e+03
2.759443759918212891e+00,2.000000476837158203e-01,1.940630737304687500e+03
2.780848979949951172e+00,2.000000476837158203e-01,1.940625122070312500e+03
2.802386045455932617e+00,2.000000476837158203e-01,1.940619995117187500e+03
2.824042320251464844e+00,2.000000476837158203e-01,1.940615356445312500e+03
2.845804452896118164e+00,2.000000476837158203e-01,1.940611328125000000e+03
2.867659330368041992e+00,2.000000476837158203e-01,1.940607788085937500e+03
2.889594078063964844e+00,2.000000476837158203e-01,1.940604858398437500e+03
2.911595344543457031e+00,2.000000476837158203e-01,1.940602416992187500e+03
2.933650016784667969e+00,2.000000476837158203e-01,1.940600463867187500e+03
2.955744504928588867e+00,2.000000476837158203e-01,1.940599121093750000e+03
2.977865457534790039e+00,2.000000476837158203e-01,1.940598388671875000e+03
3.000000000000000000e+00,2.000000476837158203e-01,1.940598022460937500e+03
3.022134542465209961e+00,2.000000476837158203e-01,1.940598388671875000e+03
3.044255495071411133e+00,2.000000476837158203e-01,1.940599121093750000e+03
3.066349983215332031e+00,2.000000476837158203e-01,1.940600463867187500e+03
3.088404655456542969e+00,2.000000476837158203e-01,1.940602416992187500e+03
3.110405921936035156e+00,2.000000476837158203e-01,1.940604858398437500e+03
3.132340669631958008e+00,2.000000476837158203e-01,1.940607788085937500e+03
3.154195547103881836e+00,2.000000476837158203e-01,1.940611328125000000e+03
3.175957679748535156e+00,2.000000476837158203e-01,1.940615356445312500e+03
3.197613954544067383e+00,2.000000476837158203e-01,1.940619995117187500e+03
3.219151020050048828e+00,2.000000476837158203e-01,1.940625122070312500e+03
3.240556240081787109e+00,2.000000476837158203e-01,1.940630737304687500e+03
3.261816501617431641e+00,2.000000476837158203e-01,1.940636962890625000e+03
3.282918930053710938e+00,2.000000476837158203e-01,1.940643554687500000e+03
3.303851127624511719e+00,2.000000476837158203e-01,1.940650756835937500e+03
3.324599981307983398e+00,2.000000476837158203e-01,1.940658447265625000e+03
3.345153570175170898e+00,2.000000476837158203e-01,1.940666748046875000e+03
3.365499258041381836e+00,2.000000476837158203e-01,1.940675415039062500e+03
3.385624647140502930e+00,2.000000476837158203e-01,1.940684692382812500e+03
3.405517816543579102e+00,2.000000476837158203e-01,1.940694335937500000e+03
3.425166845321655273e+00,2.000000476837158203e-01,1.940704589843750000e+03
3.444559574127197266e+00,2.000000476837158203e-01,1.940715209960937500e+03
3.463684558868408203e+00,2.000000476837158203e-01,1.940726440429687500e+03
3.482530355453491211e+00,2.000000476837158203e-01,1.940738037109375000e+03
3.501085281372070312e+00,2.000000476837158203e-01,1.940750122070312500e+03
3.519338607788085938e+00,2.000000476837158203e-01,1.940762573242187500e+03
3.537278890609741211e+00,2.000000476837158203e-01,1.940775512695312500e+03
3.554895877838134766e+00,2.000000476837158203e-01,1.940788940429687500e+03
3.572178363800048828e+00,2.000000476837158203e-01,1.940802856445312500e+03
3.589116096496582031e+00,2.000000476837158203e-01,1.940817016601562500e+03
3.605699062347412109e+00,2.000000476837158203e-01,1.940831665039062500e+03
3.621917247772216797e+00,2.000000476837158203e-01,1.940846801757812500e+03
3.637760639190673828e+00,2.000000476837158203e-01,1.940862182617187500e+03
3.653220176696777344e+00,2.000000476837158203e-01,1.940878051757812500e+03
3.668285846710205078e+00,2.000000476837158203e-01,1.940894287109375000e+03
3.682949304580688477e+00,2.000000476837158203e-01,1.940910888671875000e+03
3.697201251983642578e+00,2.000000476837158203e-01,1.940927856445312500e+03
3.711033105850219727e+00,2.000000476837158203e-01,1.940945068359375000e+03
3.724436759948730469e+00,2.000000476837158203e-01,1.940962768554687500e+03
3.737404108047485352e+00,2.000000476837158203e-01,1.940980712890625000e+03
3.749927282333374023e+00,2.000000476837158203e-01,1.940998901367187500e+03
3.761998653411865234e+00,2.000000476837158203e-01,1.941017456054687500e+03
3.773611068725585938e+00,2.000000476837158203e-01,1.941036254882812500e+03
3.784757375717163086e+00,2.000000476837158203e-01,1.941055419921875000e+03
3.795431137084960938e+00,2.000000476837158203e-01,1.941074829101562500e+03
3.805625677108764648e+00,2.000000476837158203e-01,1.941094482421875000e+03
3.815334796905517578e+00,2.000000476837158203e-01,1.941114379882812500e+03
3.824553012847900391e+00,2.000000476837158203e-01,1.941134521484375000e+03
3.833274364471435547e+00,2.000000476837158203e-01,1.941154907226562500e+03
3.841494083404541016e+00,2.000000476837158203e-01,1.941175415039062500e+03
3.849206686019897461e+00,2.000000476837158203e-01,1.941196166992187500e+03
3.856407880783081055e+00,2.000000476837158203e-01,1.941217041015625000e+03
3.863092899322509766e+00,2.000000476837158203e-01,1.941238159179687500e+03
3.869258403778076172e+00,2.000000476837158203e-01,1.941259399414062500e+03
3.874900102615356445e+00,2.000000476837158203e-01,1.941280883789062500e+03
3.880014896392822266e+00,2.000000476837158203e-01,1.941302368164062500e+03
3.884599447250366211e+00,2.000000476837158203e-01,1.941324096679687500e+03
3.888651371002197266e+00,2.000000476837158203e-01,1.941345825195312500e+03
3.892167806625366211e+00,2.000000476837158203e-01,1.941367675781250000e+03
3.895146846771240234e+00,2.000000476837158203e-01,1.941389648437500000e+03
3.897586822509765625e+00,2.000000476837158203e-01,1.941411621093750000e+03
3.899486064910888672e+00,2.000000476837158203e-01,1.941433593750000000e+03
3.900843381881713867e+00,2.000000476837158203e-01,1.941455688476562500e+03
3.901658296585083008e+00,2.000000476837158203e-01,1.941477905273437500e+03
3.945683956146240234e+00,1.999999284744262695e-01,1.941500000000000000e+03
3.945399045944213867e+00,1.999999284744262695e-01,1.941523193359375000e+03
3.944544792175292969e+00,1.999999284744262695e-01,1.941546386718750000e+03
3.943121433258056641e+00,1.999999284744262695e-01,1.941569580078125000e+03
3.941130161285400391e+00,1.999999284744262695e-01,1.941592651367187500e+03
3.938571929931640625e+00,1.999999284744262695e-01,1.941615722656250000e+03
3.935448408126831055e+00,1.999999284744262695e-01,1.941638793945312500e+03
3.931761264801025391e+00,1.999999284744262695e-01,1.941661621093750000e+03
3.927512884140014648e+00,1.999999284744262695e-01,1.941684448242187500e+03
3.922705650329589844e+00,1.999999284744262695e-01,1.941707153320312500e+03
3.917342901229858398e+00,1.999999284744262695e-01,1.941729736328125000e+03
3.911427497863769531e+00,1.999999284744262695e-01,1.941752197265625000e+03
3.904963016510009766e+00,1.999999284744262695e-01,1.941774536132812500e+03
3.897953510284423828e+00,1.999999284744262695e-01,1.941796630859375000e+03
3.890403032302856445e+00,1.999999284744262695e-01,1.941818603515625000e+03
3.882316350936889648e+00,1.999999284744262695e-01,1.941840332031250000e+03
3.873697996139526367e+00,1.999999284744262695e-01,1.941861938476562500e+03
3.864553451538085938e+00,1.999999284744262695e-01,1.941883178710937500e+03
3.854888200759887695e+00,1.999999284744262695e-01,1.941904296875000000e+03
3.844707965850830078e+00,1.999999284744262695e-01,1.941925170898437500e+03
3.834018707275390625e+00,1.999999284744262695e-01,1.941945800781250000e+03
3.822827339172363281e+00,1.999999284744262695e-01,1.941966186523437500e+03
3.811140060424804688e+00,1.999999284744262695e-01,1.941986206054687500e+03
3.798964500427246094e+00,1.999999284744262695e-01,1.942005981445312500e+03
3.786307334899902344e+00,1.999999284744262695e-01,1.942025390625000000e+03
3.773176670074462891e+00,1.999999284744262695e-01,1.942044555664062500e+03
3.759580373764038086e+00,1.999999284744262695e-01,1.942063354492187500e+03
3.745526552200317383e+00,1.999999284744262695e-01,1.942081787109375000e+03
3.731023550033569336e+00,1.999999284744262695e-01,1.942099975585937500e+03
3.716080188751220703e+00,1.999999284744262695e-01,1.942117675781250000e+03
3.700705528259277344e+00,1.999999284744262695e-01,1.942135131835937500e+03
3.684908866882324219e+00,1.999999284744262695e-01,1.942152099609375000e+03
3.668699502944946289e+00,1.999999284744262695e-01,1.942168701171875000e+03
3.652087450027465820e+00,1.999999284744262695e-01,1.942184936523437500e+03
3.635082483291625977e+00,1.999999284744262695e-01,1.942200683593750000e+03
3.617695093154907227e+00,1.999999284744262695e-01,1.942216064453125000e+03
3.599935531616210938e+00,1.999999284744262695e-01,1.942231079101562500e+03
3.581814765930175781e+00,1.999999284744262695e-01,1.942245483398437500e+03
3.563343286514282227e+00,1.999999284744262695e-01,1.942259521484375000e+03
3.544532537460327148e+00,1.999999284744262695e-01,1.942273193359375000e+03
3.525393962860107422e+00,1.999999284744262695e-01,1.942286254882812500e+03
3.505938529968261719e+00,1.999999284744262695e-01,1.942298950195312500e+03
3.486178636550903320e+00,1.999999284744262695e-01,1.942311157226562500e+03
3.466125965118408203e+00,1.999999284744262695e-01,1.942322875976562500e+03
3.445792198181152344e+00,1.999999284744262695e-01,1.942333984375000000e+03
3.425190210342407227e+00,1.999999284744262695e-01,1.942344726562500000e+03
3.404331922531127930e+00,1.999999284744262695e-01,1.942354858398437500e+03
3.383230209350585938e+00,1.999999284744262695e-01,1.942364501953125000e+03
3.361897468566894531e+00,1.999999284744262695e-01,1.942373657226562500e+03
3.340346813201904297e+00,1.999999284744262695e-01,1.942382324218750000e+03
3.318591356277465820e+00,1.999999284744262695e-01,1.942390380859375000e+03
3.296643733978271484e+00,1.999999284744262695e-01,1.942397949218750000e+03
3.274517536163330078e+00,1.999999284744262695e-01,1.942404907226562500e+03
3.252225875854492188e+00,1.999999284744262695e-01,1.942411376953125000e+03
3.229782342910766602e+00,1.999999284744262695e-01,1.942417358398437500e+03
3.207200527191162109e+00,1.999999284744262695e-01,1.942422729492187500e+03
3.184493780136108398e+00,1.999999284744262695e-01,1.942427490234375000e+03
3.161675930023193359e+00,1.999999284744262695e-01,1.942431762695312500e+03
3.138760566711425781e+00,1.999999284744262695e-01,1.942435424804687500e+03
3.115761756896972656e+00,1.999999284744262695e-01,1.942438598632812500e+03
3.092693328857421875e+00,1.999999284744262695e-01,1.942441162109375000e+03
3.069568872451782227e+00,1.999999284744262695e-01,1.942443115234375000e+03
3.046402454376220703e+00,1.999999284744262695e-01,1.942444580078125000e+03
3.023208141326904297e+00,1.999999284744262695e-01,1.942445434570312500e+03
3.000000000000000000e+00,1.999999284744262695e-01,1.942445678710937500e+03
2.976791858673095703e+00,1.999999284744262695e-01,1.942445434570312500e+03
2.953597545623779297e+00,1.999999284744262695e-01,1.942444580078125000e+03
2.930431127548217773e+00,1.999999284744262695e-01,1.942443115234375000e+03
2.907306671142578125e+00,1.999999284744262695e-01,1.942441162109375000e+03
2.884238243103027344e+00,1.999999284744262695e-01,1.942438598632812500e+03
2.861239433288574219e+00,1.999999284744262695e-01,1.942435424804687500e+03
2.838324069976806641e+00,1.999999284744262695e-01,1.942431762695312500e+03
2.815506219863891602e+00,1.999999284744262695e-01,1.942427490234375000e+03
2.792799472808837891e+00,1.999999284744262695e-01,1.942422729492187500e+03
2.770217657089233398e+00,1.999999284744262695e-01,1.942417358398437500e+03
2.747774124145507812e+00,1.999999284744262695e-01,1.942411376953125000e+03
2.725482463836669922e+00,1.999999284744262695e-01,1.942404907226562500e+03
2.703356266021728516e+00,1.999999284744262695e-01,1.942397949218750000e+03
2.681408643722534180e+00,1.999999284744262695e-01,1.942390380859375000e+03
2.659653186798095703e+00,1.999999284744262695e-01,1.942382324218750000e+03
2.638102531433105469e+00,1.999999284744262695e-01,1.942373657226562500e+03
2.616769790649414062e+00,1.999999284744262695e-01,1.942364501953125000e+03
2.595668077468872070e+00,1.999999284744262695e-01,1.942354858398437500e+03
2.574809789657592773e+00,1.999999284744262695e-01,1.942344726562500000e+03
2.554207801818847656e+00,1.999999284744262695e-01,1.942333984375000000e+03
2.533874034881591797e+00,1.999999284744262695e-01,1.942322875976562500e+03
2.513821363449096680e+00,1.999999284744262695e-01,1.942311157226562500e+03
2.494061470031738281e+00,1.999999284744262695e-01,1.942298950195312500e+03
2.474606037139892578e+00,1.999999284744262695e-01,1.942286254882812500e+03
2.455467462539672852e+00,1.999999284744262695e-01,1.942273193359375000e+03
2.436656713485717773e+00,1.999999284744262695e-01,1.942259521484375000e+03
2.418185234069824219e+00,1.999999284744262695e-01,1.942245483398437500e+03
2.400064468383789062e+00,1.999999284744262695e-01,1.942231079101562500e+03
2.382304906845092773e+00,1.999999284744262695e-01,1.942216064453125000e+03
2.364917516708374023e+00,1.999999284744262695e-01,1.942200683593750000e+03
2.347912549972534180e+00,1.999999284744262695e-01,1.942184936523437500e+03
2.331300497055053711e+00,1.999999284744262695e-01,1.942168701171875000e+03
2.315091133117675781e+00,1.999999284744262695e-01,1.942152099609375000e+03
2.299294471740722656e+00,1.999999284744262695e-01,1.942135131835937500e+03
2.283919811248779297e+00,1.999999284744262695e-01,1.942117675781250000e+03
2.268976449966430664e+00,1.999999284744262695e-01,1.942099975585937500e+03
2.254473447799682617e+00,1.999999284744262695e-01,1.942081787109375000e+03
2.240419626235961914e+00,1.999999284744262695e-01,1.942063354492187500e+03
2.226823329925537109e+00,1.999999284744262695e-01,1.942044555664062500e+03
2.213692665100097656e+00,1.999999284744262695e-01,1.942025390625000000e+03
2.201035499572753906e+00,1.999999284744262695e-01,1.942005981445312500e+03
2.188859939575195312e+00,1.999999284744262695e-01,1.941986206054687500e+03
2.177172660827636719e+00,1.999999284744262695e-01,1.941966186523437500e+03
2.165981292724609375e+00,1.999999284744262695e-01,1.941945800781250000e+03
2.155292034149169922e+00,1.999999284744262695e-01,1.941925170898437500e+03
2.145111799240112305e+00,1.999999284744262695e-01,1.941904296875000000e+03
2.135446548461914062e+00,1.999999284744262695e-01,1.941883178710937500e+03
2.126302003860473633e+00,1.999999284744262695e-01,1.941861938476562500e+03
2.117683649063110352e+00,1.999999284744262695e-01,1.941840332031250000e+03
2.109596967697143555e+00,1.999999284744262695e-01,1.941818603515625000e+03
2.102046489715576172e+00,1.999999284744262695e-01,1.941796630859375000e+03
2.095036983489990234e+00,1.999999284744262695e-01,1.941774536132812500e+03
2.088572502136230469e+00,1.999999284744262695e-01,1.941752197265625000e+03
2.082657098770141602e+00,1.999999284744262695e-01,1.941729736328125000e+03
2.077294349670410156e+00,1.999999284744262695e-01,1.941707153320312500e+03
2.072487115859985352e+00,1.999999284744262695e-01,1.941684448242187500e+03
2.068238735198974609e+00,1.999999284744262695e-01,1.941661621093750000e+03
2.064551591873168945e+00,1.999999284744262695e-01,1.941638793945312500e+03
2.061428070068359375e+00,1.999999284744262695e-01,1.941615722656250000e+03
2.058869838714599609e+00,1.999999284744262695e-01,1.941592651367187500e+03
2.056878566741943359e+00,1.999999284744262695e-01,1.941569580078125000e+03
2.055455207824707031e+00,1.999999284744262695e-01,1.941546386718750000e+03
2.054600954055786133e+00,1.999999284744262695e-01,1.941523193359375000e+03
2.054316043853759766e+00,1.999999284744262695e-01,1.941500000000000000e+03
2.054600954055786133e+00,1.999999284744262695e-01,1.941476806640625000e+03
2.055455207824707031e+00,1.999999284744262695e-01,1.941453613281250000e+03
2.056878566741943359e+00,1.999999284744262695e-01,1.941430419921875000e+03
2.058869838714599609e+00,1.999999284744262695e-01,1.941407348632812500e+03
2.061428070068359375e+00,1.999999284744262695e-01,1.941384277343750000e+03
2.064551591873168945e+00,1.999999284744262695e-01,1.941361206054687500e+03
2.068238735198974609e+00,1.999999284744262695e-01,1.941338378906250000e+03
2.072487115859985352e+00,1.999999284744262695e-01,1.941315551757812500e+03
2.077294349670410156e+00,1.999999284744262695e-01,1.941292846679687500e+03
2.082657098770141602e+00,1.999999284744262695e-01,1.941270263671875000e+03
2.088572502136230469e+00,1.999999284744262695e-01,1.941247802734375000e+03
2.095036983489990234e+00,1.999999284744262695e-01,1.941225463867187500e+03
2.102046489715576172e+00,1.999999284744262695e-01,1.941203369140625000e+03
2.109596967697143555e+00,1.999999284744262695e-01,1.941181396484375000e+03
2.117683649063110352e+00,1.999999284744262695e-01,1.941159667968750000e+03
2.126302003860473633e+00,1.999999284744262695e-01,1.941138061523437500e+03
2.135446548461914062e+00,1.999999284744262695e-01,1.941116821289062500e+03
2.145111799240112305e+00,1.999999284744262695e-01,1.941095703125000000e+03
2.155292034149169922e+00,1.999999284744262695e-01,1.941074829101562500e+03
2.165981292724609375e+00,1.999999284744262695e-01,1.941054199218750000e+03
2.177172660827636719e+00,1.999999284744262695e-01,1.941033813476562500e+03
2.188859939575195312e+00,1.999999284744262695e-01,1.941013793945312500e+03
2.201035499572753906e+00,1.999999284744262695e-01,1.940994018554687500e+03
2.213692665100097656e+00,1.999999284744262695e-01,1.940974609375000000e+03
2.226823329925537109e+00,1.999999284744262695e-01,1.940955444335937500e+03
2.240419626235961914e+00,1.999999284744262695e-01,1.940936645507812500e+03
2.254473447799682617e+00,1.999999284744262695e-01,1.940918212890625000e+03
2.268976449966430664e+00,1.999999284744262695e-01,1.940900024414062500e+03
2.283919811248779297e+00,1.999999284744262695e-01,1.940882324218750000e+03
2.299294471740722656e+00,1.999999284744262695e-01,1.940864868164062500e+03
2.315091133117675781e+00,1.999999284744262695e-01,1.940847900390625000e+03
2.331300497055053711e+00,1.999999284744262695e-01,1.940831298828125000e+03
2.347912549972534180e+00,1.999999284744262695e-01,1.940815063476562500e+03
2.364917516708374023e+00,1.999999284744262695e-01,1.940799316406250000e+03
2.382304906845092773e+00,1.999999284744262695e-01,1.940783935546875000e+03
2.400064468383789062e+00,1.999999284744262695e-01,1.940768920898437500e+03
2.418185234069824219e+00,1.999999284744262695e-01,1.940754516601562500e+03
2.436656713485717773e+00,1.999999284744262695e-01,1.940740478515625000e+03
2.455467462539672852e+00,1.999999284744262695e-01,1.940726806640625000e+03
2.474606037139892578e+00,1.999999284744262695e-01,1.940713745117187500e+03
2.494061470031738281e+00,1.999999284744262695e-01,1.940701049804687500e+03
2.513821363449096680e+00,1.999999284744262695e-01,1.940688842773437500e+03
2.533874034881591797e+00,1.999999284744262695e-01,1.940677124023437500e+03
2.554207801818847656e+00,1.999999284744262695e-01,1.940666015625000000e+03
2.574809789657592773e+00,1.999999284744262695e-01,1.940655273437500000e+03
2.595668077468872070e+00,1.999999284744262695e-01,1.940645141601562500e+03
2.616769790649414062e+00,1.999999284744262695e-01,1.940635498046875000e+03
2.638102531433105469e+00,1.999999284744262695e-01,1.940626342773437500e+03
2.659653186798095703e+00,1.999999284744262695e-01,1.940617675781250000e+03
2.681408643722534180e+00,1.999999284744262695e-01,1.940609619140625000e+03
2.703356266021728516e+00,1.999999284744262695e-01,1.940602050781250000e+03
2.725482463836669922e+00,1.999999284744262695e-01,1.940595092773437500e+03
2.747774124145507812e+00,1.999999284744262695e-01,1.940588623046875000e+03
2.770217657089233398e+00,1.999999284744262695e-01,1.940582641601562500e+03
2.792799472808837891e+00,1.999999284744262695e-01,1.940577270507812500e+03
2.815506219863891602e+00,1.999999284744262695e-01,1.940572509765625000e+03
2.838324069976806641e+00,1.999999284744262695e-01,1.940568237304687500e+03
2.861239433288574219e+00,1.999999284744262695e-01,1.940564575195312500e+03
2.884238243103027344e+00,1.999999284744262695e-01,1.940561401367187500e+03
2.907306671142578125e+00,1.999999284744262695e-01,1.940558837890625000e+03
2.930431127548217773e+00,1.999999284744262695e-01,1.940556884765625000e+03
2.953597545623779297e+00,1.999999284744262695e-01,1.940555419921875000e+03
2.976791858673095703e+00,1.999999284744262695e-01,1.940554565429687500e+03
3.000000000000000000e+00,1.999999284744262695e-01,1.940554321289062500e+03
3.023208141326904297e+00,1.999999284744262695e-01,1.940554565429687500e+03
3.046402454376220703e+00,1.999999284744262695e-01,1.940555419921875000e+03
3.069568872451782227e+00,1.999999284744262695e-01,1.940556884765625000e+03
3.092693328857421875e+00,1.999999284744262695e-01,1.940558837890625000e+03
3.115761756896972656e+00,1.999999284744262695e-01,1.940561401367187500e+03
3.138760566711425781e+00,1.999999284744262695e-01,1.940564575195312500e+03
3.161675930023193359e+00,1.999999284744262695e-01,1.940568237304687500e+03
3.184493780136108398e+00,1.999999284744262695e-01,1.940572509765625000e+03
3.207200527191162109e+00,1.999999284744262695e-01,1.940577270507812500e+03
3.229782342910766602e+00,1.999999284744262695e-01,1.940582641601562500e+03
3.252225875854492188e+00,1.999999284744262695e-01,1.940588623046875000e+03
3.274517536163330078e+00,1.999999284744262695e-01,1.940595092773437500e+03
3.296643733978271484e+00,1.999999284744262695e-01,1.940602050781250000e+03
3.318591356277465820e+00,1.999999284744262695e-01,1.940609619140625000e+03
3.340346813201904297e+00,1.999999284744262695e-01,1.940617675781250000e+03
3.361897468566894531e+00,1.999999284744262695e-01,1.940626342773437500e+03
3.383230209350585938e+00,1.999999284744262695e-01,1.940635498046875000e+03
3.404331922531127930e+00,1.999999284744262695e-01,1.940645141601562500e+03
3.425190210342407227e+00,1.999999284744262695e-01,1.940655273437500000e+03
3.445792198181152344e+00,1.999999284744262695e-01,1.940666015625000000e+03
3.466125965118408203e+00,1.999999284744262695e-01,1.940677124023437500e+03
3.486178636550903320e+00,1.999999284744262695e-01,1.940688842773437500e+03
3.505938529968261719e+00,1.999999284744262695e-01,1.940701049804687500e+03
3.525393962860107422e+00,1.999999284744262695e-01,1.940713745117187500e+03
3.544532537460327148e+00,1.999999284744262695e-01,1.940726806640625000e+03
3.563343286514282227e+00,1.999999284744262695e-01,1.940740478515625000e+03
3.581814765930175781e+00,1.999999284744262695e-01,1.940754516601562500e+03
3.599935531616210938e+00,1.999999284744262695e-01,1.940768920898437500e+03
3.617695093154907227e+00,1.999999284744262695e-01,1.940783935546875000e+03
3.635082483291625977e+00,1.999999284744262695e-01,1.940799316406250000e+03
3.652087450027465820e+00,1.999999284744262695e-01,1.940815063476562500e+03
3.668699502944946289e+00,1.999999284744262695e-01,1.940831298828125000e+03
3.684908866882324219e+00,1.999999284744262695e-01,1.940847900390625000e+03
3.700705528259277344e+00,1.999999284744262695e-01,1.940864868164062500e+03
3.716080188751220703e+00,1.999999284744262695e-01,1.940882324218750000e+03
3.731023550033569336e+00,1.999999284744262695e-01,1.940900024414062500e+03
3.745526552200317383e+00,1.999999284744262695e-01,1.940918212890625000e+03
3.759580373764038086e+00,1.999999284744262695e-01,1.940936645507812500e+03
3.773176670074462891e+00,1.999999284744262695e-01,1.940955444335937500e+03
3.786307334899902344e+00,1.999999284744262695e-01,1.940974609375000000e+03
3.798964500427246094e+00,1.999999284744262695e-01,1.940994018554687500e+03
3.811140060424804688e+00,1.999999284744262695e-01,1.941013793945312500e+03
3.822827339172363281e+00,1.999999284744262695e-01,1.941033813476562500e+03
3.834018707275390625e+00,1.999999284744262695e-01,1.941054199218750000e+03
3.844707965850830078e+00,1.999999284744262695e-01,1.941074829101562500e+03
3.854888200759887695e+00,1.999999284744262695e-01,1.941095703125000000e+03
3.864553451538085938e+00,1.999999284744262695e-01,1.941116821289062500e+03
3.873697996139526367e+00,1.999999284744262695e-01,1.941138061523437500e+03
3.882316350936889648e+00,1.999999284744262695e-01,1.941159667968750000e+03
3.890403032302856445e+00,1.999999284744262695e-01,1.941181396484375000e+03
3.897953510284423828e+00,1.999999284744262695e-01,1.941203369140625000e+03
3.904963016510009766e+00,1.999999284744262695e-01,1.941225463867187500e+03
3.911427497863769531e+00,1.999999284744262695e-01,1.941247802734375000e+03
3.917342901229858398e+00,1.999999284744262695e-01,1.941270263671875000e+03
3.922705650329589844e+00,1.999999284744262695e-01,1.941292846679687500e+03
3.927512884140014648e+00,1.999999284744262695e-01,1.941315551757812500e+03
3.931761264801025391e+00,1.999999284744262695e-01,1.941338378906250000e+03
3.935448408126831055e+00,1.999999284744262695e-01,1.941361206054687500e+03
3.938571929931640625e+00,1.999999284744262695e-01,1.941384277343750000e+03
3.941130161285400391e+00,1.999999284744262695e-01,1.941407348632812500e+03
3.943121433258056641e+00,1.999999284744262695e-01,1.941430419921875000e+03
3.944544792175292969e+00,1.999999284744262695e-01,1.941453613281250000e+03
3.945399045944213867e+00,1.999999284744262695e-01,1.941476806640625000e+03
3.990331649780273438e+00,2.000001668930053711e-01,1.941500000000000000e+03
3.990033388137817383e+00,2.000001668930053711e-01,1.941524291992187500e+03
3.989138603210449219e+00,2.000001668930053711e-01,1.941548583984375000e+03
3.987648248672485352e+00,2.000001668930053711e-01,1.941572875976562500e+03
3.985562801361083984e+00,2.000001668930053711e-01,1.941597045898437500e+03
3.982883930206298828e+00,2.000001668930053711e-01,1.941621215820312500e+03
3.979612827301025391e+00,2.000001668930053711e-01,1.941645263671875000e+03
3.975751399993896484e+00,2.000001668930053711e-01,1.941669311523437500e+03
3.971302509307861328e+00,2.000001668930053711e-01,1.941693237304687500e+03
3.966268539428710938e+00,2.000001668930053711e-01,1.941717041015625000e+03
3.960652589797973633e+00,2.000001668930053711e-01,1.941740600585937500e+03
3.954457759857177734e+00,2.000001668930053711e-01,1.941764160156250000e+03
3.947688102722167969e+00,2.000001668930053711e-01,1.941787475585937500e+03
3.940347671508789062e+00,2.000001668930053711e-01,1.941810668945312500e+03
3.932440757751464844e+00,2.000001668930053711e-01,1.941833618164062500e+03
3.923972129821777344e+00,2.000001668930053711e-01,1.941856445312500000e+03
3.914947032928466797e+00,2.000001668930053711e-01,1.941879028320312500e+03
3.905370712280273438e+00,2.000001668930053711e-01,1.941901367187500000e+03
3.895249128341674805e+00,2.000001668930053711e-01,1.941923461914062500e+03
3.884588241577148438e+00,2.000001668930053711e-01,1.941945312500000000e+03
3.873394489288330078e+00,2.000001668930053711e-01,1.941966796875000000e+03
3.861674547195434570e+00,2.000001668930053711e-01,1.941988159179687500e+03
3.849435806274414062e+00,2.000001668930053711e-01,1.942009155273437500e+03
3.836685180664062500e+00,2.000001668930053711e-01,1.942029785156250000e+03
3.823430538177490234e+00,2.000001668930053711e-01,1.942050170898437500e+03
3.809679985046386719e+00,2.000001668930053711e-01,1.942070190429687500e+03
3.795441627502441406e+00,2.000001668930053711e-01,1.942089965820312500e+03
3.780724287033081055e+00,2.000001668930053711e-01,1.942109252929687500e+03
3.765536785125732422e+00,2.000001668930053711e-01,1.942128295898437500e+03
3.749887943267822266e+00,2.000001668930053711e-01,1.942146850585937500e+03
3.733787298202514648e+00,2.000001668930053711e-01,1.942165039062500000e+03
3.717244625091552734e+00,2.000001668930053711e-01,1.942182861328125000e+03
3.700270175933837891e+00,2.000001668930053711e-01,1.942200317382812500e+03
3.682873725891113281e+00,2.000001668930053711e-01,1.942217285156250000e+03
3.665066003799438477e+00,2.000001668930053711e-01,1.942233764648437500e+03
3.646857738494873047e+00,2.000001668930053711e-01,1.942249877929687500e+03
3.628259658813476562e+00,2.000001668930053711e-01,1.942265502929687500e+03
3.609283208847045898e+00,2.000001668930053711e-01,1.942280761718750000e+03
3.589939832687377930e+00,2.000001668930053711e-01,1.942295410156250000e+03
3.570240974426269531e+00,2.000001668930053711e-01,1.942309692382812500e+03
3.550198793411254883e+00,2.000001668930053711e-01,1.942323486328125000e+03
3.529824972152709961e+00,2.000001668930053711e-01,1.942336669921875000e+03
3.509132146835327148e+00,2.000001668930053711e-01,1.942349487304687500e+03
3.488132715225219727e+00,2.000001668930053711e-01,1.942361694335937500e+03
3.466839075088500977e+00,2.000001668930053711e-01,1.942373413085937500e+03
3.445264339447021484e+00,2.000001668930053711e-01,1.942384643554687500e+03
3.423421382904052734e+00,2.000001668930053711e-01,1.942395263671875000e+03
3.401323318481445312e+00,2.000001668930053711e-01,1.942405395507812500e+03
3.378983497619628906e+00,2.000001668930053711e-01,1.942414916992187500e+03
3.356415510177612305e+00,2.000001668930053711e-01,1.942423950195312500e+03
3.333632707595825195e+00,2.000001668930053711e-01,1.942432495117187500e+03
3.310648918151855469e+00,2.000001668930053711e-01,1.942440307617187500e+03
3.287477970123291016e+00,2.000001668930053711e-01,1.942447631835937500e+03
3.264134168624877930e+00,2.000001668930053711e-01,1.942454467773437500e+03
3.240630865097045898e+00,2.000001668930053711e-01,1.942460693359375000e+03
3.216982841491699219e+00,2.000001668930053711e-01,1.942466308593750000e+03
3.193204164505004883e+00,2.000001668930053711e-01,1.942471313476562500e+03
3.169308900833129883e+00,2.000001668930053711e-01,1.942475708007812500e+03
3.145311832427978516e+00,2.000001668930053711e-01,1.942479614257812500e+03
3.121227264404296875e+00,2.000001668930053711e-01,1.942482910156250000e+03
3.097069501876831055e+00,2.000001668930053711e-01,1.942485595703125000e+03
3.072853326797485352e+00,2.000001668930053711e-01,1.942487670898437500e+03
3.048593282699584961e+00,2.000001668930053711e-01,1.942489135742187500e+03
3.024303913116455078e+00,2.000001668930053711e-01,1.942489990234375000e+03
3.000000000000000000e+00,2.000001668930053711e-01,1.942490356445312500e+03
2.975696086883544922e+00,2.000001668930053711e-01,1.942489990234375000e+03
2.951406717300415039e+00,2.000001668930053711e-01,1.942489135742187500e+03
2.927146673202514648e+00,2.000001668930053711e-01,1.942487670898437500e+03
2.902930498123168945e+00,2.000001668930053711e-01,1.942485595703125000e+03
2.878772735595703125e+00,2.000001668930053711e-01,1.942482910156250000e+03
2.854688167572021484e+00,2.000001668930053711e-01,1.942479614257812500e+03
2.830691099166870117e+00,2.000001668930053711e-01,1.942475708007812500e+03
2.806795835494995117e+00,2.000001668930053711e-01,1.942471313476562500e+03
2.783017158508300781e+00,2.000001668930053711e-01,1.942466308593750000e+03
2.759369134902954102e+00,2.000001668930053711e-01,1.942460693359375000e+03
2.735865831375122070e+00,2.000001668930053711e-01,1.942454467773437500e+03
2.712522029876708984e+00,2.000001668930053711e-01,1.942447631835937500e+03
2.689351081848144531e+00,2.000001668930053711e-01,1.942440307617187500e+03
2.666367292404174805e+00,2.000001668930053711e-01,1.942432495117187500e+03
2.643584489822387695e+00,2.000001668930053711e-01,1.942423950195312500e+03
2.621016502380371094e+00,2.000001668930053711e-01,1.942414916992187500e+03
2.598676681518554688e+00,2.000001668930053711e-01,1.942405395507812500e+03
2.576578617095947266e+00,2.000001668930053711e-01,1.942395263671875000e+03
2.554735660552978516e+00,2.000001668930053711e-01,1.942384643554687500e+03
2.533160924911499023e+00,2.000001668930053711e-01,1.942373413085937500e+03
2.511867284774780273e+00,2.000001668930053711e-01,1.942361694335937500e+03
2.490867853164672852e+00,2.000001668930053711e-01,1.942349487304687500e+03
2.470175027847290039e+00,2.000001668930053711e-01,1.942336669921875000e+03
2.449801206588745117e+00,2.000001668930053711e-01,1.942323486328125000e+03
2.429759025573730469e+00,2.000001668930053711e-01,1.942309692382812500e+03
2.410060167312622070e+00,2.000001668930053711e-01,1.942295410156250000e+03
2.390716791152954102e+00,2.000001668930053711e-01,1.942280761718750000e+03
2.371740341186523438e+00,2.000001668930053711e-01,1.942265502929687500e+03
2.353142261505126953e+00,2.000001668930053711e-01,1.942249877929687500e+03
2.334933996200561523e+00,2.000001668930053711e-01,1.942233764648437500e+03
2.317126274108886719e+00,2.000001668930053711e-01,1.942217285156250000e+03
2.299729824066162109e+00,2.000001668930053711e-01,1.942200317382812500e+03
2.282755374908447266e+00,2.000001668930053711e-01,1.942182861328125000e+03
2.266212701797485352e+00,2.000001668930053711e-01,1.942165039062500000e+03
2.250112056732177734e+00,2.000001668930053711e-01,1.942146850585937500e+03
2.234463214874267578e+00,2.000001668930053711e-01,1.942128295898437500e+03
2.219275712966918945e+00,2.000001668930053711e-01,1.942109252929687500e+03
2.204558372497558594e+00,2.000001668930053711e-01,1.942089965820312500e+03
2.190320014953613281e+00,2.000001668930053711e-01,1.942070190429687500e+03
2.176569461822509766e+00,2.000001668930053711e-01,1.942050170898437500e+03
2.163314819335937500e+00,2.000001668930053711e-01,1.942029785156250000e+03
2.150564193725585938e+00,2.000001668930053711e-01,1.942009155273437500e+03
2.138325452804565430e+00,2.000001668930053711e-01,1.941988159179687500e+03
2.126605510711669922e+00,2.000001668930053711e-01,1.941966796875000000e+03
2.115411758422851562e+00,2.000001668930053711e-01,1.941945312500000000e+03
2.104750871658325195e+00,2.000001668930053711e-01,1.941923461914062500e+03
2.094629287719726562e+00,2.000001668930053711e-01,1.941901367187500000e+03
2.085052967071533203e+00,2.000001668930053711e-01,1.941879028320312500e+03
2.076027870178222656e+00,2.000001668930053711e-01,1.941856445312500000e+03
2.067559242248535156e+00,2.000001668930053711e-01,1.941833618164062500e+03
2.059652328491210938e+00,2.000001668930053711e-01,1.941810668945312500e+03
2.052311897277832031e+00,2.000001668930053711e-01,1.941787475585937500e+03
2.045542240142822266e+00,2.000001668930053711e-01,1.941764160156250000e+03
2.039347410202026367e+00,2.000001668930053711e-01,1.941740600585937500e+03
2.033731460571289062e+00,2.000001668930053711e-01,1.941717041015625000e+03
2.028697490692138672e+00,2.000001668930053711e-01,1.941693237304687500e+03
2.024248600006103516e+00,2.000001668930053711e-01,1.941669311523437500e+03
2.020387172698974609e+00,2.000001668930053711e-01,1.941645263671875000e+03
2.017116069793701172e+00,2.000001668930053711e-01,1.941621215820312500e+03
2.014437198638916016e+00,2.000001668930053711e-01,1.941597045898437500e+03
2.012351751327514648e+00,2.000001668930053711e-01,1.941572875976562500e+03
2.010861396789550781e+00,2.000001668930053711e-01,1.941548583984375000e+03
2.009966611862182617e+00,2.000001668930053711e-01,1.941524291992187500e+03
2.009668350219726562e+00,2.000001668930053711e-01,1.941500000000000000e+03
2.009966611862182617e+00,2.000001668930053711e-01,1.941475708007812500e+03
2.010861396789550781e+00,2.000001668930053711e-01,1.941451416015625000e+03
2.012351751327514648e+00,2.000001668930053711e-01,1.941427124023437500e+03
2.014437198638916016e+00,2.000001668930053711e-01,1.941402954101562500e+03
2.017116069793701172e+00,2.000001668930053711e-01,1.941378784179687500e+03
2.020387172698974609e+00,2.000001668930053711e-01,1.941354736328125000e+03
2.024248600006103516e+00,2.000001668930053711e-01,1.941330688476562500e+03
2.028697490692138672e+00,2.000001668930053711e-01,1.941306762695312500e+03
2.033731460571289062e+00,2.000001668930053711e-01,1.941282958984375000e+03
2.039347410202026367e+00,2.000001668930053711e-01,1.941259399414062500e+03
2.045542240142822266e+00,2.000001668930053711e-01,1.941235839843750000e+03
2.052311897277832031e+00,2.000001668930053711e-01,1.941212524414062500e+03
2.059652328491210938e+00,2.000001668930053711e-01,1.941189331054687500e+03
2.067559242248535156e+00,2.000001668930053711e-01,1.941166381835937500e+03
2.076027870178222656e+00,2.000001668930053711e-01,1.941143554687500000e+03
2.085052967071533203e+00,2.000001668930053711e-01,1.941120971679687500e+03
2.094629287719726562e+00,2.000001668930053711e-01,1.941098632812500000e+03
2.104750871658325195e+00,2.000001668930053711e-01,1.941076538085937500e+03
2.115411758422851562e+00,2.000001668930053711e-01,1.941054687500000000e+03
2.126605510711669922e+00,2.000001668930053711e-01,1.941033203125000000e+03
2.138325452804565430e+00,2.000001668930053711e-01,1.941011840820312500e+03
2.150564193725585938e+00,2.000001668930053711e-01,1.940990844726562500e+03
2.163314819335937500e+00,2.000001668930053711e-01,1.940970214843750000e+03
2.176569461822509766e+00,2.000001668930053711e-01,1.940949829101562500e+03
2.190320014953613281e+00,2.000001668930053711e-01,1.940929809570312500e+03
2.204558372497558594e+00,2.000001668930053711e-01,1.940910034179687500e+03
2.219275712966918945e+00,2.000001668930053711e-01,1.940890747070312500e+03
2.234463214874267578e+00,2.000001668930053711e-01,1.940871704101562500e+03
2.250112056732177734e+00,2.000001668930053711e-01,1.940853149414062500e+03
2.266212701797485352e+00,2.000001668930053711e-01,1.940834960937500000e+03
2.282755374908447266e+00,2.000001668930053711e-01,1.940817138671875000e+03
2.299729824066162109e+00,2.000001668930053711e-01,1.940799682617187500e+03
2.317126274108886719e+00,2.000001668930053711e-01,1.940782714843750000e+03
2.334933996200561523e+00,2.000001668930053711e-01,1.940766235351562500e+03
2.353142261505126953e+00,2.000001668930053711e-01,1.940750122070312500e+03
2.371740341186523438e+00,2.000001668930053711e-01,1.940734497070312500e+03
2.390716791152954102e+00,2.000001668930053711e-01,1.940719238281250000e+03
2.410060167312622070e+00,2.000001668930053711e-01,1.940704589843750000e+03
2.429759025573730469e+00,2.000001668930053711e-01,1.940690307617187500e+03
2.449801206588745117e+00,2.000001668930053711e-01,1.940676513671875000e+03
2.470175027847290039e+00,2.000001668930053711e-01,1.940663330078125000e+03
2.490867853164672852e+00,2.000001668930053711e-01,1.940650512695312500e+03
2.511867284774780273e+00,2.000001668930053711e-01,1.940638305664062500e+03
2.533160924911499023e+00,2.000001668930053711e-01,1.940626586914062500e+03
2.554735660552978516e+00,2.000001668930053711e-01,1.940615356445312500e+03
2.576578617095947266e+00,2.000001668930053711e-01,1.940604736328125000e+03
2.598676681518554688e+00,2.000001668930053711e-01,1.940594604492187500e+03
2.621016502380371094e+00,2.000001668930053711e-01,1.940585083007812500e+03
2.643584489822387695e+00,2.000001668930053711e-01,1.940576049804687500e+03
2.666367292404174805e+00,2.000001668930053711e-01,1.940567504882812500e+03
2.689351081848144531e+00,2.000001668930053711e-01,1.940559692382812500e+03
2.712522029876708984e+00,2.000001668930053711e-01,1.940552368164062500e+03
2.735865831375122070e+00,2.000001668930053711e-01,1.940545532226562500e+03
2.759369134902954102e+00,2.000001668930053711e-01,1.940539306640625000e+03
2.783017158508300781e+00,2.000001668930053711e-01,1.940533691406250000e+03
2.806795835494995117e+00,2.000001668930053711e-01,1.940528686523437500e+03
2.830691099166870117e+00,2.000001668930053711e-01,1.940524291992187500e+03
2.854688167572021484e+00,2.000001668930053711e-01,1.940520385742187500e+03
2.878772735595703125e+00,2.000001668930053711e-01,1.940517089843750000e+03
2.902930498123168945e+00,2.000001668930053711e-01,1.940514404296875000e+03
2.927146673202514648e+00,2.000001668930053711e-01,1.940512329101562500e+03
2.951406717300415039e+00,2.000001668930053711e-01,1.940510864257812500e+03
2.975696086883544922e+00,2.000001668930053711e-01,1.940510009765625000e+03
3.000000000000000000e+00,2.000001668930053711e-01,1.940509643554687500e+03
3.024303913116455078e+00,2.000001668930053711e-01,1.940510009765625000e+03
3.048593282699584961e+00,2.000001668930053711e-01,1.940510864257812500e+03
3.072853326797485352e+00,2.000001668930053711e-01,1.940512329101562500e+03
3.097069501876831055e+00,2.000001668930053711e-01,1.940514404296875000e+03
3.121227264404296875e+00,2.000001668930053711e-01,1.940517089843750000e+03
3.145311832427978516e+00,2.000001668930053711e-01,1.940520385742187500e+03
3.169308900833129883e+00,2.000001668930053711e-01,1.940524291992187500e+03
3.193204164505004883e+00,2.000001668930053711e-01,1.940528686523437500e+03
3.216982841491699219e+00,2.000001668930053711e-01,1.940533691406250000e+03
3.240630865097045898e+00,2.000001668930053711e-01,1.940539306640625000e+03
3.264134168624877930e+00,2.000001668930053711e-01,1.940545532226562500e+03
3.287477970123291016e+00,2.000001668930053711e-01,1.940552368164062500e+03
3.310648918151855469e+00,2.000001668930053711e-01,1.940559692382812500e+03
3.333632707595825195e+00,2.000001668930053711e-01,1.940567504882812500e+03
3.356415510177612305e+00,2.000001668930053711e-01,1.940576049804687500e+03
3.378983497619628906e+00,2.000001668930053711e-01,1.940585083007812500e+03
3.401323318481445312e+00,2.000001668930053711e-01,1.940594604492187500e+03
3.423421382904052734e+00,2.000001668930053711e-01,1.940604736328125000e+03
3.445264339447021484e+00,2.000001668930053711e-01,1.940615356445312500e+03
3.466839075088500977e+00,2.000001668930053711e-01,1.940626586914062500e+03
3.488132715225219727e+00,2.000001668930053711e-01,1.940638305664062500e+03
3.509132146835327148e+00,2.000001668930053711e-01,1.940650512695312500e+03
3.529824972152709961e+00,2.000001668930053711e-01,1.940663330078125000e+03
3.550198793411254883e+00,2.000001668930053711e-01,1.940676513671875000e+03
3.570240974426269531e+00,2.000001668930053711e-01,1.940690307617187500e+03
3.589939832687377930e+00,2.000001668930053711e-01,1.940704589843750000e+03
3.609283208847045898e+00,2.000001668930053711e-01,1.940719238281250000e+03
3.628259658813476562e+00,2.000001668930053711e-01,1.940734497070312500e+03
3.646857738494873047e+00,2.000001668930053711e-01,1.940750122070312500e+03
3.665066003799438477e+00,2.000001668930053711e-01,1.940766235351562500e+03
3.682873725891113281e+00,2.000001668930053711e-01,1.940782714843750000e+03
3.700270175933837891e+00,2.000001668930053711e-01,1.940799682617187500e+03
3.717244625091552734e+00,2.000001668930053711e-01,1.940817138671875000e+03
3.733787298202514648e+00,2.000001668930053711e-01,1.940834960937500000e+03
3.749887943267822266e+00,2.000001668930053711e-01,1.940853149414062500e+03
3.765536785125732422e+00,2.000001668930053711e-01,1.940871704101562500e+03
3.780724287033081055e+00,2.000001668930053711e-01,1.940890747070312500e+03
3.795441627502441406e+00,2.000001668930053711e-01,1.940910034179687500e+03
3.809679985046386719e+00,2.000001668930053711e-01,1.940929809570312500e+03
3.823430538177490234e+00,2.000001668930053711e-01,1.940949829101562500e+03
3.836685180664062500e+00,2.000001668930053711e-01,1.940970214843750000e+03
3.849435806274414062e+00,2.000001668930053711e-01,1.940990844726562500e+03
3.861674547195434570e+00,2.000001668930053711e-01,1.941011840820312500e+03
3.873394489288330078e+00,2.000001668930053711e-01,1.941033203125000000e+03
3.884588241577148438e+00,2.000001668930053711e-01,1.941054687500000000e+03
3.895249128341674805e+00,2.000001668930053711e-01,1.941076538085937500e+03
3.905370712280273438e+00,2.000001668930053711e-01,1.941098632812500000e+03
3.914947032928466797e+00,2.000001668930053711e-01,1.941120971679687500e+03
3.923972129821777344e+00,2.000001668930053711e-01,1.941143554687500000e+03
3.932440757751464844e+00,2.000001668930053711e-01,1.941166381835937500e+03
3.940347671508789062e+00,2.000001668930053711e-01,1.941189331054687500e+03
3.947688102722167969e+00,2.000001668930053711e-01,1.941212524414062500e+03
3.954457759857177734e+00,2.000001668930053711e-01,1.941235839843750000e+03
3.960652589797973633e+00,2.000001668930053711e-01,1.941259399414062500e+03
3.966268539428710938e+00,2.000001668930053711e-01,1.941282958984375000e+03
3.971302509307861328e+00,2.000001668930053711e-01,1.941306762695312500e+03
3.975751399993896484e+00,2.000001668930053711e-01,1.941330688476562500e+03
3.979612827301025391e+00,2.000001668930053711e-01,1.941354736328125000e+03
3.982883930206298828e+00,2.000001668930053711e-01,1.941378784179687500e+03
3.985562801361083984e+00,2.000001668930053711e-01,1.941402954101562500e+03
3.987648248672485352e+00,2.000001668930053711e-01,1.941427124023437500e+03
3.989138603210449219e+00,2.000001668930053711e-01,1.941451416015625000e+03
3.990033388137817383e+00,2.000001668930053711e-01,1.941475708007812500e+03
4.035934448242187500e+00,2.000001668930053711e-01,1.941500000000000000e+03
4.035622596740722656e+00,2.000001668930053711e-01,1.941525390625000000e+03
4.034687042236328125e+00,2.000001668930053711e-01,1.941550781250000000e+03
4.033127784729003906e+00,2.000001668930053711e-01,1.941576171875000000e+03
4.030946731567382812e+00,2.000001668930053711e-01,1.941601562500000000e+03
4.028143882751464844e+00,2.000001668930053711e-01,1.941626831054687500e+03
4.024722099304199219e+00,2.000001668930053711e-01,1.941651977539062500e+03
4.020683288574218750e+00,2.000001668930053711e-01,1.941677124023437500e+03
4.016029357910156250e+00,2.000001668930053711e-01,1.941702148437500000e+03
4.010763645172119141e+00,2.000001668930053711e-01,1.941726928710937500e+03
4.004889011383056641e+00,2.000001668930053711e-01,1.941751708984375000e+03
3.998409271240234375e+00,2.000001668930053711e-01,1.941776245117187500e+03
3.991327762603759766e+00,2.000001668930053711e-01,1.941800659179687500e+03
3.983649253845214844e+00,2.000001668930053711e-01,1.941824951171875000e+03
3.975378274917602539e+00,2.000001668930053711e-01,1.941848999023437500e+03
3.966519594192504883e+00,2.000001668930053711e-01,1.941872802734375000e+03
3.957078933715820312e+00,2.000001668930053711e-01,1.941896484375000000e+03
3.947061538696289062e+00,2.000001668930053711e-01,1.941919799804687500e+03
3.936473846435546875e+00,2.000001668930053711e-01,1.941942871093750000e+03
3.925322055816650391e+00,2.000001668930053711e-01,1.941965820312500000e+03
3.913612842559814453e+00,2.000001668930053711e-01,1.941988281250000000e+03
3.901353359222412109e+00,2.000001668930053711e-01,1.942010620117187500e+03
3.888550758361816406e+00,2.000001668930053711e-01,1.942032592773437500e+03
3.875213146209716797e+00,2.000001668930053711e-01,1.942054199218750000e+03
3.861348152160644531e+00,2.000001668930053711e-01,1.942075561523437500e+03
3.846964597702026367e+00,2.000001668930053711e-01,1.942096557617187500e+03
3.832070589065551758e+00,2.000001668930053711e-01,1.942117065429687500e+03
3.816675424575805664e+00,2.000001668930053711e-01,1.942137329101562500e+03
3.800788402557373047e+00,2.000001668930053711e-01,1.942157226562500000e+03
3.784419059753417969e+00,2.000001668930053711e-01,1.942176635742187500e+03
3.767576932907104492e+00,2.000001668930053711e-01,1.942195678710937500e+03
3.750272750854492188e+00,2.000001668930053711e-01,1.942214355468750000e+03
3.732516527175903320e+00,2.000001668930053711e-01,1.942232543945312500e+03
3.714318990707397461e+00,2.000001668930053711e-01,1.942250244140625000e+03
3.695691108703613281e+00,2.000001668930053711e-01,1.942267578125000000e+03
3.676644325256347656e+00,2.000001668930053711e-01,1.942284423828125000e+03
3.657190084457397461e+00,2.000001668930053711e-01,1.942300781250000000e+03
3.637339830398559570e+00,2.000001668930053711e-01,1.942316650390625000e+03
3.617105484008789062e+00,2.000001668930053711e-01,1.942332031250000000e+03
3.596499681472778320e+00,2.000001668930053711e-01,1.942346923828125000e+03
3.575534343719482422e+00,2.000001668930053711e-01,1.942361328125000000e+03
3.554222583770751953e+00,2.000001668930053711e-01,1.942375244140625000e+03
3.532577037811279297e+00,2.000001668930053711e-01,1.942388549804687500e+03
3.510610342025756836e+00,2.000001668930053711e-01,1.942401367187500000e+03
3.488336324691772461e+00,2.000001668930053711e-01,1.942413574218750000e+03
3.465767860412597656e+00,2.000001668930053711e-01,1.942425292968750000e+03
3.442919254302978516e+00,2.000001668930053711e-01,1.942436523437500000e+03
3.419803619384765625e+00,2.000001668930053711e-01,1.942447021484375000e+03
3.396435022354125977e+00,2.000001668930053711e-01,1.942457031250000000e+03
3.372827768325805664e+00,2.000001668930053711e-01,1.942466552734375000e+03
3.348995923995971680e+00,2.000001668930053711e-01,1.942475341796875000e+03
3.324953794479370117e+00,2.000001668930053711e-01,1.942483642578125000e+03
3.300715923309326172e+00,2.000001668930053711e-01,1.942491333007812500e+03
3.276297092437744141e+00,2.000001668930053711e-01,1.942498413085937500e+03
3.251711606979370117e+00,2.000001668930053711e-01,1.942504882812500000e+03
3.226974487304687500e+00,2.000001668930053711e-01,1.942510742187500000e+03
3.202100753784179688e+00,2.000001668930053711e-01,1.942515991210937500e+03
3.177105426788330078e+00,2.000001668930053711e-01,1.942520629882812500e+03
3.152003288269042969e+00,2.000001668930053711e-01,1.942524780273437500e+03
3.126809358596801758e+00,2.000001668930053711e-01,1.942528198242187500e+03
3.101539373397827148e+00,2.000001668930053711e-01,1.942531005859375000e+03
3.076208114624023438e+00,2.000001668930053711e-01,1.942533081054687500e+03
3.050830841064453125e+00,2.000001668930053711e-01,1.942534667968750000e+03
3.025423049926757812e+00,2.000001668930053711e-01,1.942535644531250000e+03
3.000000000000000000e+00,2.000001668930053711e-01,1.942535888671875000e+03
2.974576950073242188e+00,2.000001668930053711e-01,1.942535644531250000e+03
2.949169158935546875e+00,2.000001668930053711e-01,1.942534667968750000e+03
2.923791885375976562e+00,2.000001668930053711e-01,1.942533081054687500e+03
2.898460626602172852e+00,2.000001668930053711e-01,1.942531005859375000e+03
2.873190641403198242e+00,2.000001668930053711e-01,1.942528198242187500e+03
2.847996711730957031e+00,2.000001668930053711e-01,1.942524780273437500e+03
2.822894573211669922e+00,2.000001668930053711e-01,1.942520629882812500e+03
2.797899246215820312e+00,2.000001668930053711e-01,1.942515991210937500e+03
2.773025512695312500e+00,2.000001668930053711e-01,1.942510742187500000e+03
2.748288393020629883e+00,2.000001668930053711e-01,1.942504882812500000e+03
2.723702907562255859e+00,2.000001668930053711e-01,1.942498413085937500e+03
2.699284076690673828e+00,2.000001668930053711e-01,1.942491333007812500e+03
2.675046205520629883e+00,2.000001668930053711e-01,1.942483642578125000e+03
2.651004076004028320e+00,2.000001668930053711e-01,1.942475341796875000e+03
2.627172231674194336e+00,2.000001668930053711e-01,1.942466552734375000e+03
2.603564977645874023e+00,2.000001668930053711e-01,1.942457031250000000e+03
2.580196380615234375e+00,2.000001668930053711e-01,1.942447021484375000e+03
2.557080745697021484e+00,2.000001668930053711e-01,1.942436523437500000e+03
2.534232139587402344e+00,2.000001668930053711e-01,1.942425292968750000e+03
2.511663675308227539e+00,2.000001668930053711e-01,1.942413574218750000e+03
2.489389657974243164e+00,2.000001668930053711e-01,1.942401367187500000e+03
2.467422962188720703e+00,2.000001668930053711e-01,1.942388549804687500e+03
2.445777416229248047e+00,2.000001668930053711e-01,1.942375244140625000e+03
2.424465656280517578e+00,2.000001668930053711e-01,1.942361328125000000e+03
2.403500318527221680e+00,2.000001668930053711e-01,1.942346923828125000e+03
2.382894515991210938e+00,2.000001668930053711e-01,1.942332031250000000e+03
2.362660169601440430e+00,2.000001668930053711e-01,1.942316650390625000e+03
2.342809915542602539e+00,2.000001668930053711e-01,1.942300781250000000e+03
2.323355674743652344e+00,2.000001668930053711e-01,1.942284423828125000e+03
2.304308891296386719e+00,2.000001668930053711e-01,1.942267578125000000e+03
2.285681009292602539e+00,2.000001668930053711e-01,1.942250244140625000e+03
2.267483472824096680e+00,2.000001668930053711e-01,1.942232543945312500e+03
2.249727249145507812e+00,2.000001668930053711e-01,1.942214355468750000e+03
2.232423067092895508e+00,2.000001668930053711e-01,1.942195678710937500e+03
2.215580940246582031e+00,2.000001668930053711e-01,1.942176635742187500e+03
2.199211597442626953e+00,2.000001668930053711e-01,1.942157226562500000e+03
2.183324575424194336e+00,2.000001668930053711e-01,1.942137329101562500e+03
2.167929410934448242e+00,2.000001668930053711e-01,1.942117065429687500e+03
2.153035402297973633e+00,2.000001668930053711e-01,1.942096557617187500e+03
2.138651847839355469e+00,2.000001668930053711e-01,1.942075561523437500e+03
2.124786853790283203e+00,2.000001668930053711e-01,1.942054199218750000e+03
2.111449241638183594e+00,2.000001668930053711e-01,1.942032592773437500e+03
2.098646640777587891e+00,2.000001668930053711e-01,1.942010620117187500e+03
2.086387157440185547e+00,2.000001668930053711e-01,1.941988281250000000e+03
2.074677944183349609e+00,2.000001668930053711e-01,1.941965820312500000e+03
2.063526153564453125e+00,2.000001668930053711e-01,1.941942871093750000e+03
2.052938461303710938e+00,2.000001668930053711e-01,1.941919799804687500e+03
2.042921066284179688e+00,2.000001668930053711e-01,1.941896484375000000e+03
2.033480405807495117e+00,2.000001668930053711e-01,1.941872802734375000e+03
2.024621725082397461e+00,2.000001668930053711e-01,1.941848999023437500e+03
2.016350746154785156e+00,2.000001668930053711e-01,1.941824951171875000e+03
2.008672237396240234e+00,2.000001668930053711e-01,1.941800659179687500e+03
2.001590728759765625e+00,2.000001668930053711e-01,1.941776245117187500e+03
1.995110988616943359e+00,2.000001668930053711e-01,1.941751708984375000e+03
1.989236235618591309e+00,2.000001668930053711e-01,1.941726928710937500e+03
1.983970522880554199e+00,2.000001668930053711e-01,1.941702148437500000e+03
1.979316711425781250e+00,2.000001668930053711e-01,1.941677124023437500e+03
1.975277662277221680e+00,2.000001668930053711e-01,1.941651977539062500e+03
1.971855998039245605e+00,2.000001668930053711e-01,1.941626831054687500e+03
1.969053506851196289e+00,2.000001668930053711e-01,1.941601562500000000e+03
1.966872215270996094e+00,2.000001668930053711e-01,1.941576171875000000e+03
1.965313076972961426e+00,2.000001668930053711e-01,1.941550781250000000e+03
1.964377284049987793e+00,2.000001668930053711e-01,1.941525390625000000e+03
1.964065313339233398e+00,2.000001668930053711e-01,1.941500000000000000e+03
1.964377284049987793e+00,2.000001668930053711e-01,1.941474609375000000e+03
1.965313076972961426e+00,2.000001668930053711e-01,1.941449218750000000e+03
1.966872215270996094e+00,2.000001668930053711e-01,1.941423828125000000e+03
1.969053506851196289e+00,2.000001668930053711e-01,1.941398437500000000e+03
1.971855998039245605e+00,2.000001668930053711e-01,1.941373168945312500e+03
1.975277662277221680e+00,2.000001668930053711e-01,1.941348022460937500e+03
1.979316711425781250e+00,2.000001668930053711e-01,1.941322875976562500e+03
1.983970522880554199e+00,2.000001668930053711e-01,1.941297851562500000e+03
1.989236235618591309e+00,2.000001668930053711e-01,1.941273071289062500e+03
1.995110988616943359e+00,2.000001668930053711e-01,1.941248291015625000e+03
2.001590728759765625e+00,2.000001668930053711e-01,1.941223754882812500e+03
2.008672237396240234e+00,2.000001668930053711e-01,1.941199340820312500e+03
2.016350746154785156e+00,2.000001668930053711e-01,1.941175048828125000e+03
2.024621725082397461e+00,2.000001668930053711e-01,1.941151000976562500e+03
2.033480405807495117e+00,2.000001668930053711e-01,1.941127197265625000e+03
2.042921066284179688e+00,2.000001668930053711e-01,1.941103515625000000e+03
2.052938461303710938e+00,2.000001668930053711e-01,1.941080200195312500e+03
2.063526153564453125e+00,2.000001668930053711e-01,1.941057128906250000e+03
2.074677944183349609e+00,2.000001668930053711e-01,1.941034179687500000e+03
2.086387157440185547e+00,2.000001668930053711e-01,1.941011718750000000e+03
2.098646640777587891e+00,2.000001668930053711e-01,1.940989379882812500e+03
2.111449241638183594e+00,2.000001668930053711e-01,1.940967407226562500e+03
2.124786853790283203e+00,2.000001668930053711e-01,1.940945800781250000e+03
2.138651847839355469e+00,2.000001668930053711e-01,1.940924438476562500e+03
2.153035402297973633e+00,2.000001668930053711e-01,1.940903442382812500e+03
2.167929410934448242e+00,2.000001668930053711e-01,1.940882934570312500e+03
2.183324575424194336e+00,2.000001668930053711e-01,1.940862670898437500e+03
2.199211597442626953e+00,2.000001668930053711e-01,1.940842773437500000e+03
2.215580940246582031e+00,2.000001668930053711e-01,1.940823364257812500e+03
2.232423067092895508e+00,2.000001668930053711e-01,1.940804321289062500e+03
2.249727249145507812e+00,2.000001668930053711e-01,1.940785644531250000e+03
2.267483472824096680e+00,2.000001668930053711e-01,1.940767456054687500e+03
2.285681009292602539e+00,2.000001668930053711e-01,1.940749755859375000e+03
2.304308891296386719e+00,2.000001668930053711e-01,1.940732421875000000e+03
2.323355674743652344e+00,2.000001668930053711e-01,1.940715576171875000e+03
2.342809915542602539e+00,2.000001668930053711e-01,1.940699218750000000e+03
2.362660169601440430e+00,2.000001668930053711e-01,1.940683349609375000e+03
2.382894515991210938e+00,2.000001668930053711e-01,1.940667968750000000e+03
2.403500318527221680e+00,2.000001668930053711e-01,1.940653076171875000e+03
2.424465656280517578e+00,2.000001668930053711e-01,1.940638671875000000e+03
2.445777416229248047e+00,2.000001668930053711e-01,1.940624755859375000e+03
2.467422962188720703e+00,2.000001668930053711e-01,1.940611450195312500e+03
2.489389657974243164e+00,2.000001668930053711e-01,1.940598632812500000e+03
2.511663675308227539e+00,2.000001668930053711e-01,1.940586425781250000e+03
2.534232139587402344e+00,2.000001668930053711e-01,1.940574707031250000e+03
2.557080745697021484e+00,2.000001668930053711e-01,1.940563476562500000e+03
2.580196380615234375e+00,2.000001668930053711e-01,1.940552978515625000e+03
2.603564977645874023e+00,2.000001668930053711e-01,1.940542968750000000e+03
2.627172231674194336e+00,2.000001668930053711e-01,1.940533447265625000e+03
2.651004076004028320e+00,2.000001668930053711e-01,1.940524658203125000e+03
2.675046205520629883e+00,2.000001668930053711e-01,1.940516357421875000e+03
2.699284076690673828e+00,2.000001668930053711e-01,1.940508666992187500e+03
2.723702907562255859e+00,2.000001668930053711e-01,1.940501586914062500e+03
2.748288393020629883e+00,2.000001668930053711e-01,1.940495117187500000e+03
2.773025512695312500e+00,2.000001668930053711e-01,1.940489257812500000e+03
2.797899246215820312e+00,2.000001668930053711e-01,1.940484008789062500e+03
2.822894573211669922e+00,2.000001668930053711e-01,1.940479370117187500e+03
2.847996711730957031e+00,2.000001668930053711e-01,1.940475219726562500e+03
2.873190641403198242e+00,2.000001668930053711e-01,1.940471801757812500e+03
2.898460626602172852e+00,2.000001668930053711e-01,1.940468994140625000e+03
2.923791885375976562e+00,2.000001668930053711e-01,1.940466918945312500e+03
2.949169158935546875e+00,2.000001668930053711e-01,1.940465332031250000e+03
2.974576950073242188e+00,2.000001668930053711e-01,1.940464355468750000e+03
3.000000000000000000e+00,2.000001668930053711e-01,1.940464111328125000e+03
3.025423049926757812e+00,2.000001668930053711e-01,1.940464355468750000e+03
3.050830841064453125e+00,2.000001668930053711e-01,1.940465332031250000e+03
3.076208114624023438e+00,2.000001668930053711e-01,1.940466918945312500e+03
3.101539373397827148e+00,2.000001668930053711e-01,1.940468994140625000e+03
3.126809358596801758e+00,2.000001668930053711e-01,1.940471801757812500e+03
3.152003288269042969e+00,2.000001668930053711e-01,1.940475219726562500e+03
3.177105426788330078e+00,2.000001668930053711e-01,1.940479370117187500e+03
3.202100753784179688e+00,2.000001668930053711e-01,1.940484008789062500e+03
3.226974487304687500e+00,2.000001668930053711e-01,1.940489257812500000e+03
3.251711606979370117e+00,2.000001668930053711e-01,1.940495117187500000e+03
3.276297092437744141e+00,2.000001668930053711e-01,1.940501586914062500e+03
3.300715923309326172e+00,2.000001668930053711e-01,1.940508666992187500e+03
3.324953794479370117e+00,2.000001668930053711e-01,1.940516357421875000e+03
3.348995923995971680e+00,2.000001668930053711e-01,1.940524658203125000e+03
3.372827768325805664e+00,2.000001668930053711e-01,1.940533447265625000e+03
3.396435022354125977e+00,2.000001668930053711e-01,1.940542968750000000e+03
3.419803619384765625e+00,2.000001668930053711e-01,1.940552978515625000e+03
3.442919254302978516e+00,2.000001668930053711e-01,1.940563476562500000e+03
3.465767860412597656e+00,2.000001668930053711e-01,1.940574707031250000e+03
3.488336324691772461e+00,2.000001668930053711e-01,1.940586425781250000e+03
3.510610342025756836e+00,2.000001668930053711e-01,1.940598632812500000e+03
3.532577037811279297e+00,2.000001668930053711e-01,1.940611450195312500e+03
3.554222583770751953e+00,2.000001668930053711e-01,1.940624755859375000e+03
3.575534343719482422e+00,2.000001668930053711e-01,1.940638671875000000e+03
3.596499681472778320e+00,2.000001668930053711e-01,1.940653076171875000e+03
3.617105484008789062e+00,2.000001668930053711e-01,1.940667968750000000e+03
3.637339830398559570e+00,2.000001668930053711e-01,1.940683349609375000e+03
3.657190084457397461e+00,2.000001668930053711e-01,1.940699218750000000e+03
3.676644325256347656e+00,2.000001668930053711e-01,1.940715576171875000e+03
3.695691108703613281e+00,2.000001668930053711e-01,1.940732421875000000e+03
3.714318990707397461e+00,2.000001668930053711e-01,1.940749755859375000e+03
3.732516527175903320e+00,2.000001668930053711e-01,1.940767456054687500e+03
3.750272750854492188e+00,2.000001668930053711e-01,1.940785644531250000e+03
3.767576932907104492e+00,2.000001668930053711e-01,1.940804321289062500e+03
3.784419059753417969e+00,2.000001668930053711e-01,1.940823364257812500e+03
3.800788402557373047e+00,2.000001668930053711e-01,1.940842773437500000e+03
3.816675424575805664e+00,2.000001668930053711e-01,1.940862670898437500e+03
3.832070589065551758e+00,2.000001668930053711e-01,1.940882934570312500e+03
3.846964597702026367e+00,2.000001668930053711e-01,1.940903442382812500e+03
3.861348152160644531e+00,2.000001668930053711e-01,1.940924438476562500e+03
3.875213146209716797e+00,2.000001668930053711e-01,1.940945800781250000e+03
3.888550758361816406e+00,2.000001668930053711e-01,1.940967407226562500e+03
3.901353359222412109e+00,2.000001668930053711e-01,1.940989379882812500e+03
3.913612842559814453e+00,2.000001668930053711e-01,1.941011718750000000e+03
3.925322055816650391e+00,2.000001668930053711e-01,1.941034179687500000e+03
3.936473846435546875e+00,2.000001668930053711e-01,1.941057128906250000e+03
3.947061538696289062e+00,2.000001668930053711e-01,1.941080200195312500e+03
3.957078933715820312e+00,2.000001668930053711e-01,1.941103515625000000e+03
3.966519594192504883e+00,2.000001668930053711e-01,1.941127197265625000e+03
3.975378274917602539e+00,2.000001668930053711e-01,1.941151000976562500e+03
3.983649253845214844e+00,2.000001668930053711e-01,1.941175048828125000e+03
3.991327762603759766e+00,2.000001668930053711e-01,1.941199340820312500e+03
3.998409271240234375e+00,2.000001668930053711e-01,1.941223754882812500e+03
4.004889011383056641e+00,2.000001668930053711e-01,1.941248291015625000e+03
4.010763645172119141e+00,2.000001668930053711e-01,1.941273071289062500e+03
4.016029357910156250e+00,2.000001668930053711e-01,1.941297851562500000e+03
4.020683288574218750e+00,2.000001668930053711e-01,1.941322875976562500e+03
4.024722099304199219e+00,2.000001668930053711e-01,1.941348022460937500e+03
4.028143882751464844e+00,2.000001668930053711e-01,1.941373168945312500e+03
4.030946731567382812e+00,2.000001668930053711e-01,1.941398437500000000e+03
4.033127784729003906e+00,2.000001668930053711e-01,1.941423828125000000e+03
4.034687042236328125e+00,2.000001668930053711e-01,1.941449218750000000e+03
4.035622596740722656e+00,2.000001668930053711e-01,1.941474609375000000e+03
4.082559585571289062e+00,1.999999284744262695e-01,1.941500000000000000e+03
4.082233428955078125e+00,1.999999284744262695e-01,1.941526611328125000e+03
4.081255435943603516e+00,1.999999284744262695e-01,1.941553100585937500e+03
4.079626083374023438e+00,1.999999284744262695e-01,1.941579589843750000e+03
4.077346801757812500e+00,1.999999284744262695e-01,1.941606079101562500e+03
4.074418067932128906e+00,1.999999284744262695e-01,1.941632568359375000e+03
4.070842266082763672e+00,1.999999284744262695e-01,1.941658813476562500e+03
4.066621780395507812e+00,1.999999284744262695e-01,1.941685058593750000e+03
4.061758518218994141e+00,1.999999284744262695e-01,1.941711181640625000e+03
4.056255340576171875e+00,1.999999284744262695e-01,1.941737182617187500e+03
4.050116539001464844e+00,1.999999284744262695e-01,1.941763061523437500e+03
4.043344974517822266e+00,1.999999284744262695e-01,1.941788696289062500e+03
4.035944938659667969e+00,1.999999284744262695e-01,1.941814208984375000e+03
4.027920722961425781e+00,1.999999284744262695e-01,1.941839599609375000e+03
4.019277572631835938e+00,1.999999284744262695e-01,1.941864746093750000e+03
4.010020256042480469e+00,1.999999284744262695e-01,1.941889648437500000e+03
4.000154495239257812e+00,1.999999284744262695e-01,1.941914306640625000e+03
3.989686489105224609e+00,1.999999284744262695e-01,1.941938720703125000e+03
3.978622198104858398e+00,1.999999284744262695e-01,1.941962890625000000e+03
3.966968536376953125e+00,1.999999284744262695e-01,1.941986694335937500e+03
3.954732179641723633e+00,1.999999284744262695e-01,1.942010375976562500e+03
3.941920757293701172e+00,1.999999284744262695e-01,1.942033569335937500e+03
3.928542137145996094e+00,1.999999284744262695e-01,1.942056518554687500e+03
3.914604187011718750e+00,1.999999284744262695e-01,1.942079223632812500e+03
3.900115251541137695e+00,1.999999284744262695e-01,1.942101440429687500e+03
3.885084152221679688e+00,1.999999284744262695e-01,1.942123291015625000e+03
3.869519948959350586e+00,1.999999284744262695e-01,1.942144897460937500e+03
3.853431940078735352e+00,1.999999284744262695e-01,1.942166015625000000e+03
3.836829662322998047e+00,1.999999284744262695e-01,1.942186767578125000e+03
3.819723606109619141e+00,1.999999284744262695e-01,1.942207153320312500e+03
3.802123546600341797e+00,1.999999284744262695e-01,1.942227050781250000e+03
3.784040451049804688e+00,1.999999284744262695e-01,1.942246459960937500e+03
3.765485286712646484e+00,1.999999284744262695e-01,1.942265502929687500e+03
3.746468544006347656e+00,1.999999284744262695e-01,1.942284057617187500e+03
3.727002620697021484e+00,1.999999284744262695e-01,1.942302124023437500e+03
3.707098484039306641e+00,1.999999284744262695e-01,1.942319702148437500e+03
3.686768531799316406e+00,1.999999284744262695e-01,1.942336791992187500e+03
3.666024684906005859e+00,1.999999284744262695e-01,1.942353393554687500e+03
3.644879817962646484e+00,1.999999284744262695e-01,1.942369506835937500e+03
3.623346567153930664e+00,1.999999284744262695e-01,1.942385131835937500e+03
3.601437807083129883e+00,1.999999284744262695e-01,1.942400146484375000e+03
3.579166650772094727e+00,1.999999284744262695e-01,1.942414550781250000e+03
3.556546688079833984e+00,1.999999284744262695e-01,1.942428588867187500e+03
3.533591747283935547e+00,1.999999284744262695e-01,1.942441894531250000e+03
3.510314941406250000e+00,1.999999284744262695e-01,1.942454711914062500e+03
3.486731052398681641e+00,1.999999284744262695e-01,1.942466918945312500e+03
3.462853908538818359e+00,1.999999284744262695e-01,1.942478637695312500e+03
3.438697814941406250e+00,1.999999284744262695e-01,1.942489746093750000e+03
3.414277553558349609e+00,1.999999284744262695e-01,1.942500122070312500e+03
3.389607906341552734e+00,1.999999284744262695e-01,1.942510009765625000e+03
3.364703416824340820e+00,1.999999284744262695e-01,1.942519287109375000e+03
3.339579105377197266e+00,1.999999284744262695e-01,1.942527954101562500e+03
3.314250469207763672e+00,1.999999284744262695e-01,1.942535888671875000e+03
3.288732528686523438e+00,1.999999284744262695e-01,1.942543334960937500e+03
3.263040542602539062e+00,1.999999284744262695e-01,1.942550170898437500e+03
3.237190246582031250e+00,1.999999284744262695e-01,1.942556274414062500e+03
3.211196899414062500e+00,1.999999284744262695e-01,1.942561767578125000e+03
3.185076475143432617e+00,1.999999284744262695e-01,1.942566650390625000e+03
3.158844470977783203e+00,1.999999284744262695e-01,1.942570800781250000e+03
3.132516860961914062e+00,1.999999284744262695e-01,1.942574462890625000e+03
3.106109380722045898e+00,1.999999284744262695e-01,1.942577392578125000e+03
3.079638004302978516e+00,1.999999284744262695e-01,1.942579589843750000e+03
3.053118705749511719e+00,1.999999284744262695e-01,1.942581298828125000e+03
3.026567220687866211e+00,1.999999284744262695e-01,1.942582275390625000e+03
3.000000000000000000e+00,1.999999284744262695e-01,1.942582519531250000e+03
2.973432779312133789e+00,1.999999284744262695e-01,1.942582275390625000e+03
2.946881294250488281e+00,1.999999284744262695e-01,1.942581298828125000e+03
2.920361995697021484e+00,1.999999284744262695e-01,1.942579589843750000e+03
2.893890619277954102e+00,1.999999284744262695e-01,1.942577392578125000e+03
2.867483139038085938e+00,1.999999284744262695e-01,1.942574462890625000e+03
2.841155529022216797e+00,1.999999284744262695e-01,1.942570800781250000e+03
2.814923524856567383e+00,1.999999284744262695e-01,1.942566650390625000e+03
2.788803100585937500e+00,1.999999284744262695e-01,1.942561767578125000e+03
2.762809753417968750e+00,1.999999284744262695e-01,1.942556274414062500e+03
2.736959457397460938e+00,1.999999284744262695e-01,1.942550170898437500e+03
2.711267471313476562e+00,1.999999284744262695e-01,1.942543334960937500e+03
2.685749530792236328e+00,1.999999284744262695e-01,1.942535888671875000e+03
2.660420894622802734e+00,1.999999284744262695e-01,1.942527954101562500e+03
2.635296583175659180e+00,1.999999284744262695e-01,1.942519287109375000e+03
2.610392093658447266e+00,1.999999284744262695e-01,1.942510009765625000e+03
2.585722446441650391e+00,1.999999284744262695e-01,1.942500122070312500e+03
2.561302185058593750e+00,1.999999284744262695e-01,1.942489746093750000e+03
2.537146091461181641e+00,1.999999284744262695e-01,1.942478637695312500e+03
2.513268947601318359e+00,1.999999284744262695e-01,1.942466918945312500e+03
2.489685058593750000e+00,1.999999284744262695e-01,1.942454711914062500e+03
2.466408252716064453e+00,1.999999284744262695e-01,1.942441894531250000e+03
2.443453311920166016e+00,1.999999284744262695e-01,1.942428588867187500e+03
2.420833349227905273e+00,1.999999284744262695e-01,1.942414550781250000e+03
2.398562192916870117e+00,1.999999284744262695e-01,1.942400146484375000e+03
2.376653432846069336e+00,1.999999284744262695e-01,1.942385131835937500e+03
2.355120182037353516e+00,1.999999284744262695e-01,1.942369506835937500e+03
2.333975315093994141e+00,1.999999284744262695e-01,1.942353393554687500e+03
2.313231468200683594e+00,1.999999284744262695e-01,1.942336791992187500e+03
2.292901515960693359e+00,1.999999284744262695e-01,1.942319702148437500e+03
2.272997379302978516e+00,1.999999284744262695e-01,1.942302124023437500e+03
2.253531455993652344e+00,1.999999284744262695e-01,1.942284057617187500e+03
2.234514713287353516e+00,1.999999284744262695e-01,1.942265502929687500e+03
2.215959548950195312e+00,1.999999284744262695e-01,1.942246459960937500e+03
2.197876453399658203e+00,1.999999284744262695e-01,1.942227050781250000e+03
2.180276393890380859e+00,1.999999284744262695e-01,1.942207153320312500e+03
2.163170337677001953e+00,1.999999284744262695e-01,1.942186767578125000e+03
2.146568059921264648e+00,1.999999284744262695e-01,1.942166015625000000e+03
2.130480051040649414e+00,1.999999284744262695e-01,1.942144897460937500e+03
2.114915847778320312e+00,1.999999284744262695e-01,1.942123291015625000e+03
2.099884748458862305e+00,1.999999284744262695e-01,1.942101440429687500e+03
2.085395812988281250e+00,1.999999284744262695e-01,1.942079223632812500e+03
2.071457862854003906e+00,1.999999284744262695e-01,1.942056518554687500e+03
2.058079242706298828e+00,1.999999284744262695e-01,1.942033569335937500e+03
2.045267820358276367e+00,1.999999284744262695e-01,1.942010375976562500e+03
2.033031463623046875e+00,1.999999284744262695e-01,1.941986694335937500e+03
2.021377801895141602e+00,1.999999284744262695e-01,1.941962890625000000e+03
2.010313510894775391e+00,1.999999284744262695e-01,1.941938720703125000e+03
1.999845385551452637e+00,1.999999284744262695e-01,1.941914306640625000e+03
1.989979863166809082e+00,1.999999284744262695e-01,1.941889648437500000e+03
1.980722546577453613e+00,1.999999284744262695e-01,1.941864746093750000e+03
1.972079277038574219e+00,1.999999284744262695e-01,1.941839599609375000e+03
1.964055180549621582e+00,1.999999284744262695e-01,1.941814208984375000e+03
1.956655144691467285e+00,1.999999284744262695e-01,1.941788696289062500e+03
1.949883460998535156e+00,1.999999284744262695e-01,1.941763061523437500e+03
1.943744421005249023e+00,1.999999284744262695e-01,1.941737182617187500e+03
1.938241600990295410e+00,1.999999284744262695e-01,1.941711181640625000e+03
1.933378338813781738e+00,1.999999284744262695e-01,1.941685058593750000e+03
1.929157614707946777e+00,1.999999284744262695e-01,1.941658813476562500e+03
1.925581932067871094e+00,1.999999284744262695e-01,1.941632568359375000e+03
1.922653436660766602e+00,1.999999284744262695e-01,1.941606079101562500e+03
1.920373797416687012e+00,1.999999284744262695e-01,1.941579589843750000e+03
1.918744444847106934e+00,1.999999284744262695e-01,1.941553100585937500e+03
1.917766571044921875e+00,1.999999284744262695e-01,1.941526611328125000e+03
1.917440533638000488e+00,1.999999284744262695e-01,1.941500000000000000e+03
1.917766571044921875e+00,1.999999284744262695e-01,1.941473388671875000e+03
1.918744444847106934e+00,1.999999284744262695e-01,1.941446899414062500e+03
1.920373797416687012e+00,1.999999284744262695e-01,1.941420410156250000e+03
1.922653436660766602e+00,1.999999284744262695e-01,1.941393920898437500e+03
1.925581932067871094e+00,1.999999284744262695e-01,1.941367431640625000e+03
1.929157614707946777e+00,1.999999284744262695e-01,1.941341186523437500e+03
1.933378338813781738e+00,1.999999284744262695e-01,1.941314941406250000e+03
1.938241600990295410e+00,1.999999284744262695e-01,1.941288818359375000e+03
1.943744421005249023e+00,1.999999284744262695e-01,1.941262817382812500e+03
1.949883460998535156e+00,1.999999284744262695e-01,1.941236938476562500e+03
1.956655144691467285e+00,1.999999284744262695e-01,1.941211303710937500e+03
1.964055180549621582e+00,1.999999284744262695e-01,1.941185791015625000e+03
1.972079277038574219e+00,1.999999284744262695e-01,1.941160400390625000e+03
1.980722546577453613e+00,1.999999284744262695e-01,1.941135253906250000e+03
1.989979863166809082e+00,1.999999284744262695e-01,1.941110351562500000e+03
1.999845385551452637e+00,1.999999284744262695e-01,1.941085693359375000e+03
2.010313510894775391e+00,1.999999284744262695e-01,1.941061279296875000e+03
2.021377801895141602e+00,1.999999284744262695e-01,1.941037109375000000e+03
2.033031463623046875e+00,1.999999284744262695e-01,1.941013305664062500e+03
2.045267820358276367e+00,1.999999284744262695e-01,1.940989624023437500e+03
2.058079242706298828e+00,1.999999284744262695e-01,1.940966430664062500e+03
2.071457862854003906e+00,1.999999284744262695e-01,1.940943481445312500e+03
2.085395812988281250e+00,1.999999284744262695e-01,1.940920776367187500e+03
2.099884748458862305e+00,1.999999284744262695e-01,1.940898559570312500e+03
2.114915847778320312e+00,1.999999284744262695e-01,1.940876708984375000e+03
2.130480051040649414e+00,1.999999284744262695e-01,1.940855102539062500e+03
2.146568059921264648e+00,1.999999284744262695e-01,1.940833984375000000e+03
2.163170337677001953e+00,1.999999284744262695e-01,1.940813232421875000e+03
2.180276393890380859e+00,1.999999284744262695e-01,1.940792846679687500e+03
2.197876453399658203e+00,1.999999284744262695e-01,1.940772949218750000e+03
2.215959548950195312e+00,1.999999284744262695e-01,1.940753540039062500e+03
2.234514713287353516e+00,1.999999284744262695e-01,1.940734497070312500e+03
2.253531455993652344e+00,1.999999284744262695e-01,1.940715942382812500e+03
2.272997379302978516e+00,1.999999284744262695e-01,1.940697875976562500e+03
2.292901515960693359e+00,1.999999284744262695e-01,1.940680297851562500e+03
2.313231468200683594e+00,1.999999284744262695e-01,1.940663208007812500e+03
2.333975315093994141e+00,1.999999284744262695e-01,1.940646606445312500e+03
2.355120182037353516e+00,1.999999284744262695e-01,1.940630493164062500e+03
2.376653432846069336e+00,1.999999284744262695e-01,1.940614868164062500e+03
2.398562192916870117e+00,1.999999284744262695e-01,1.940599853515625000e+03
2.420833349227905273e+00,1.999999284744262695e-01,1.940585449218750000e+03
2.443453311920166016e+00,1.999999284744262695e-01,1.940571411132812500e+03
2.466408252716064453e+00,1.999999284744262695e-01,1.940558105468750000e+03
2.489685058593750000e+00,1.999999284744262695e-01,1.940545288085937500e+03
2.513268947601318359e+00,1.999999284744262695e-01,1.940533081054687500e+03
2.537146091461181641e+00,1.999999284744262695e-01,1.940521362304687500e+03
2.561302185058593750e+00,1.999999284744262695e-01,1.940510253906250000e+03
2.585722446441650391e+00,1.999999284744262695e-01,1.940499877929687500e+03
2.610392093658447266e+00,1.999999284744262695e-01,1.940489990234375000e+03
2.635296583175659180e+00,1.999999284744262695e-01,1.940480712890625000e+03
2.660420894622802734e+00,1.999999284744262695e-01,1.940472045898437500e+03
2.685749530792236328e+00,1.999999284744262695e-01,1.940464111328125000e+03
2.711267471313476562e+00,1.999999284744262695e-01,1.940456665039062500e+03
2.736959457397460938e+00,1.999999284744262695e-01,1.940449829101562500e+03
2.762809753417968750e+00,1.999999284744262695e-01,1.940443725585937500e+03
2.788803100585937500e+00,1.999999284744262695e-01,1.940438232421875000e+03
2.814923524856567383e+00,1.999999284744262695e-01,1.940433349609375000e+03
2.841155529022216797e+00,1.999999284744262695e-01,1.940429199218750000e+03
2.867483139038085938e+00,1.999999284744262695e-01,1.940425537109375000e+03
2.893890619277954102e+00,1.999999284744262695e-01,1.940422607421875000e+03
2.920361995697021484e+00,1.999999284744262695e-01,1.940420410156250000e+03
2.946881294250488281e+00,1.999999284744262695e-01,1.940418701171875000e+03
2.973432779312133789e+00,1.999999284744262695e-01,1.940417724609375000e+03
3.000000000000000000e+00,1.999999284744262695e-01,1.940417480468750000e+03
3.026567220687866211e+00,1.999999284744262695e-01,1.940417724609375000e+03
3.053118705749511719e+00,1.999999284744262695e-01,1.940418701171875000e+03
3.079638004302978516e+00,1.999999284744262695e-01,1.940420410156250000e+03
3.106109380722045898e+00,1.999999284744262695e-01,1.940422607421875000e+03
3.132516860961914062e+00,1.999999284744262695e-01,1.940425537109375000e+03
3.158844470977783203e+00,1.999999284744262695e-01,1.940429199218750000e+03
3.185076475143432617e+00,1.999999284744262695e-01,1.940433349609375000e+03
3.211196899414062500e+00,1.999999284744262695e-01,1.940438232421875000e+03
3.237190246582031250e+00,1.999999284744262695e-01,1.940443725585937500e+03
3.263040542602539062e+00,1.999999284744262695e-01,1.940449829101562500e+03
3.288732528686523438e+00,1.999999284744262695e-01,1.940456665039062500e+03
3.314250469207763672e+00,1.999999284744262695e-01,1.940464111328125000e+03
3.339579105377197266e+00,1.999999284744262695e-01,1.940472045898437500e+03
3.364703416824340820e+00,1.999999284744262695e-01,1.940480712890625000e+03
3.389607906341552734e+00,1.999999284744262695e-01,1.940489990234375000e+03
3.414277553558349609e+00,1.999999284744262695e-01,1.940499877929687500e+03
3.438697814941406250e+00,1.999999284744262695e-01,1.940510253906250000e+03
3.462853908538818359e+00,1.999999284744262695e-01,1.940521362304687500e+03
3.486731052398681641e+00,1.999999284744262695e-01,1.940533081054687500e+03
3.510314941406250000e+00,1.999999284744262695e-01,1.940545288085937500e+03
3.533591747283935547e+00,1.999999284744262695e-01,1.940558105468750000e+03
3.556546688079833984e+00,1.999999284744262695e-01,1.940571411132812500e+03
3.579166650772094727e+00,1.999999284744262695e-01,1.940585449218750000e+03
3.601437807083129883e+00,1.999999284744262695e-01,1.940599853515625000e+03
3.623346567153930664e+00,1.999999284744262695e-01,1.940614868164062500e+03
3.644879817962646484e+00,1.999999284744262695e-01,1.940630493164062500e+03
3.666024684906005859e+00,1.999999284744262695e-01,1.940646606445312500e+03
3.686768531799316406e+00,1.999999284744262695e-01,1.940663208007812500e+03
3.707098484039306641e+00,1.999999284744262695e-01,1.940680297851562500e+03
3.727002620697021484e+00,1.999999284744262695e-01,1.940697875976562500e+03
3.746468544006347656e+00,1.999999284744262695e-01,1.940715942382812500e+03
3.765485286712646484e+00,1.999999284744262695e-01,1.940734497070312500e+03
3.784040451049804688e+00,1.999999284744262695e-01,1.940753540039062500e+03
3.802123546600341797e+00,1.999999284744262695e-01,1.940772949218750000e+03
3.819723606109619141e+00,1.999999284744262695e-01,1.940792846679687500e+03
3.836829662322998047e+00,1.999999284744262695e-01,1.940813232421875000e+03
3.853431940078735352e+00,1.999999284744262695e-01,1.940833984375000000e+03
3.869519948959350586e+00,1.999999284744262695e-01,1.940855102539062500e+03
3.885084152221679688e+00,1.999999284744262695e-01,1.940876708984375000e+03
3.900115251541137695e+00,1.999999284744262695e-01,1.940898559570312500e+03
3.914604187011718750e+00,1.999999284744262695e-01,1.940920776367187500e+03
3.928542137145996094e+00,1.999999284744262695e-01,1.940943481445312500e+03
3.941920757293701172e+00,1.999999284744262695e-01,1.940966430664062500e+03
3.954732179641723633e+00,1.999999284744262695e-01,1.940989624023437500e+03
3.966968536376953125e+00,1.999999284744262695e-01,1.941013305664062500e+03
3.978622198104858398e+00,1.999999284744262695e-01,1.941037109375000000e+03
3.989686489105224609e+00,1.999999284744262695e-01,1.941061279296875000e+03
4.000154495239257812e+00,1.999999284744262695e-01,1.941085693359375000e+03
4.010020256042480469e+00,1.999999284744262695e-01,1.941110351562500000e+03
4.019277572631835938e+00,1.999999284744262695e-01,1.941135253906250000e+03
4.027920722961425781e+00,1.999999284744262695e-01,1.941160400390625000e+03
4.035944938659667969e+00,1.999999284744262695e-01,1.941185791015625000e+03
4.043344974517822266e+00,1.999999284744262695e-01,1.941211303710937500e+03
4.050116539001464844e+00,1.999999284744262695e-01,1.941236938476562500e+03
4.056255340576171875e+00,1.999999284744262695e-01,1.941262817382812500e+03
4.061758518218994141e+00,1.999999284744262695e-01,1.941288818359375000e+03
4.066621780395507812e+00,1.999999284744262695e-01,1.941314941406250000e+03
4.070842266082763672e+00,1.999999284744262695e-01,1.941341186523437500e+03
4.074418067932128906e+00,1.999999284744262695e-01,1.941367431640625000e+03
4.077346801757812500e+00,1.999999284744262695e-01,1.941393920898437500e+03
4.079626083374023438e+00,1.999999284744262695e-01,1.941420410156250000e+03
4.081255435943603516e+00,1.999999284744262695e-01,1.941446899414062500e+03
4.082233428955078125e+00,1.999999284744262695e-01,1.941473388671875000e+03
4.130275726318359375e+00,2.000000476837158203e-01,1.941500000000000000e+03
4.129935264587402344e+00,2.000000476837158203e-01,1.941527709960937500e+03
4.128914356231689453e+00,2.000000476837158203e-01,1.941555419921875000e+03
4.127213001251220703e+00,2.000000476837158203e-01,1.941583129882812500e+03
4.124833106994628906e+00,2.000000476837158203e-01,1.941610839843750000e+03
4.121775627136230469e+00,2.000000476837158203e-01,1.941638305664062500e+03
4.118041992187500000e+00,2.000000476837158203e-01,1.941665893554687500e+03
4.113635540008544922e+00,2.000000476837158203e-01,1.941693237304687500e+03
4.108557701110839844e+00,2.000000476837158203e-01,1.941720458984375000e+03
4.102812290191650391e+00,2.000000476837158203e-01,1.941747680664062500e+03
4.096402645111083984e+00,2.000000476837158203e-01,1.941774658203125000e+03
4.089332580566406250e+00,2.000000476837158203e-01,1.941801513671875000e+03
4.081606388092041016e+00,2.000000476837158203e-01,1.941828125000000000e+03
4.073228836059570312e+00,2.000000476837158203e-01,1.941854492187500000e+03
4.064204216003417969e+00,2.000000476837158203e-01,1.941880737304687500e+03
4.054539203643798828e+00,2.000000476837158203e-01,1.941906738281250000e+03
4.044238567352294922e+00,2.000000476837158203e-01,1.941932495117187500e+03
4.033308982849121094e+00,2.000000476837158203e-01,1.941958007812500000e+03
4.021757125854492188e+00,2.000000476837158203e-01,1.941983276367187500e+03
4.009589672088623047e+00,2.000000476837158203e-01,1.942008178710937500e+03
3.996814250946044922e+00,2.000000476837158203e-01,1.942032836914062500e+03
3.983438253402709961e+00,2.000000476837158203e-01,1.942057128906250000e+03
3.969469785690307617e+00,2.000000476837158203e-01,1.942081054687500000e+03
3.954917430877685547e+00,2.000000476837158203e-01,1.942104736328125000e+03
3.939790010452270508e+00,2.000000476837158203e-01,1.942127929687500000e+03
3.924096345901489258e+00,2.000000476837158203e-01,1.942150878906250000e+03
3.907845973968505859e+00,2.000000476837158203e-01,1.942173339843750000e+03
3.891048908233642578e+00,2.000000476837158203e-01,1.942195434570312500e+03
3.873714923858642578e+00,2.000000476837158203e-01,1.942217041015625000e+03
3.855854749679565430e+00,2.000000476837158203e-01,1.942238281250000000e+03
3.837479114532470703e+00,2.000000476837158203e-01,1.942259033203125000e+03
3.818598747253417969e+00,2.000000476837158203e-01,1.942279418945312500e+03
3.799225568771362305e+00,2.000000476837158203e-01,1.942299194335937500e+03
3.779371023178100586e+00,2.000000476837158203e-01,1.942318603515625000e+03
3.759046792984008789e+00,2.000000476837158203e-01,1.942337524414062500e+03
3.738265514373779297e+00,2.000000476837158203e-01,1.942355834960937500e+03
3.717039346694946289e+00,2.000000476837158203e-01,1.942373657226562500e+03
3.695381164550781250e+00,2.000000476837158203e-01,1.942390991210937500e+03
3.673304557800292969e+00,2.000000476837158203e-01,1.942407836914062500e+03
3.650821924209594727e+00,2.000000476837158203e-01,1.942424072265625000e+03
3.627947568893432617e+00,2.000000476837158203e-01,1.942439819335937500e+03
3.604694843292236328e+00,2.000000476837158203e-01,1.942454956054687500e+03
3.581077814102172852e+00,2.000000476837158203e-01,1.942469482421875000e+03
3.557110786437988281e+00,2.000000476837158203e-01,1.942483398437500000e+03
3.532808303833007812e+00,2.000000476837158203e-01,1.942496826171875000e+03
3.508184671401977539e+00,2.000000476837158203e-01,1.942509643554687500e+03
3.483255147933959961e+00,2.000000476837158203e-01,1.942521728515625000e+03
3.458034515380859375e+00,2.000000476837158203e-01,1.942533325195312500e+03
3.432537794113159180e+00,2.000000476837158203e-01,1.942544189453125000e+03
3.406780719757080078e+00,2.000000476837158203e-01,1.942554565429687500e+03
3.380778312683105469e+00,2.000000476837158203e-01,1.942564208984375000e+03
3.354546785354614258e+00,2.000000476837158203e-01,1.942573242187500000e+03
3.328101634979248047e+00,2.000000476837158203e-01,1.942581665039062500e+03
3.301458835601806641e+00,2.000000476837158203e-01,1.942589355468750000e+03
3.274634599685668945e+00,2.000000476837158203e-01,1.942596435546875000e+03
3.247644901275634766e+00,2.000000476837158203e-01,1.942602783203125000e+03
3.220505952835083008e+00,2.000000476837158203e-01,1.942608520507812500e+03
3.193233966827392578e+00,2.000000476837158203e-01,1.942613647460937500e+03
3.165845870971679688e+00,2.000000476837158203e-01,1.942618041992187500e+03
3.138357877731323242e+00,2.000000476837158203e-01,1.942621826171875000e+03
3.110786437988281250e+00,2.000000476837158203e-01,1.942624877929687500e+03
3.083148241043090820e+00,2.000000476837158203e-01,1.942627197265625000e+03
3.055459976196289062e+00,2.000000476837158203e-01,1.942628906250000000e+03
3.027738332748413086e+00,2.000000476837158203e-01,1.942629882812500000e+03
3.000000000000000000e+00,2.000000476837158203e-01,1.942630249023437500e+03
2.972261667251586914e+00,2.000000476837158203e-01,1.942629882812500000e+03
2.944540023803710938e+00,2.000000476837158203e-01,1.942628906250000000e+03
2.916851758956909180e+00,2.000000476837158203e-01,1.942627197265625000e+03
2.889213562011718750e+00,2.000000476837158203e-01,1.942624877929687500e+03
2.861642122268676758e+00,2.000000476837158203e-01,1.942621826171875000e+03
2.834154129028320312e+00,2.000000476837158203e-01,1.942618041992187500e+03
2.806766033172607422e+00,2.000000476837158203e-01,1.942613647460937500e+03
2.779494047164916992e+00,2.000000476837158203e-01,1.942608520507812500e+03
2.752355098724365234e+00,2.000000476837158203e-01,1.942602783203125000e+03
2.725365400314331055e+00,2.000000476837158203e-01,1.942596435546875000e+03
2.698541164398193359e+00,2.000000476837158203e-01,1.942589355468750000e+03
2.671898365020751953e+00,2.000000476837158203e-01,1.942581665039062500e+03
2.645453214645385742e+00,2.000000476837158203e-01,1.942573242187500000e+03
2.619221687316894531e+00,2.000000476837158203e-01,1.942564208984375000e+03
2.593219280242919922e+00,2.000000476837158203e-01,1.942554565429687500e+03
2.567462205886840820e+00,2.000000476837158203e-01,1.942544189453125000e+03
2.541965484619140625e+00,2.000000476837158203e-01,1.942533325195312500e+03
2.516744852066040039e+00,2.000000476837158203e-01,1.942521728515625000e+03
2.491815328598022461e+00,2.000000476837158203e-01,1.942509643554687500e+03
2.467191696166992188e+00,2.000000476837158203e-01,1.942496826171875000e+03
2.442889213562011719e+00,2.000000476837158203e-01,1.942483398437500000e+03
2.418922185897827148e+00,2.000000476837158203e-01,1.942469482421875000e+03
2.395305156707763672e+00,2.000000476837158203e-01,1.942454956054687500e+03
2.372052431106567383e+00,2.000000476837158203e-01,1.942439819335937500e+03
2.349178075790405273e+00,2.000000476837158203e-01,1.942424072265625000e+03
2.326695442199707031e+00,2.000000476837158203e-01,1.942407836914062500e+03
2.304618835449218750e+00,2.000000476837158203e-01,1.942390991210937500e+03
2.282960653305053711e+00,2.000000476837158203e-01,1.942373657226562500e+03
2.261734485626220703e+00,2.000000476837158203e-01,1.942355834960937500e+03
2.240953207015991211e+00,2.000000476837158203e-01,1.942337524414062500e+03
2.220628976821899414e+00,2.000000476837158203e-01,1.942318603515625000e+03
2.200774431228637695e+00,2.000000476837158203e-01,1.942299194335937500e+03
2.181401252746582031e+00,2.000000476837158203e-01,1.942279418945312500e+03
2.162520885467529297e+00,2.000000476837158203e-01,1.942259033203125000e+03
2.144145250320434570e+00,2.000000476837158203e-01,1.942238281250000000e+03
2.126285076141357422e+00,2.000000476837158203e-01,1.942217041015625000e+03
2.108951091766357422e+00,2.000000476837158203e-01,1.942195434570312500e+03
2.092154026031494141e+00,2.000000476837158203e-01,1.942173339843750000e+03
2.075903654098510742e+00,2.000000476837158203e-01,1.942150878906250000e+03
2.060209989547729492e+00,2.000000476837158203e-01,1.942127929687500000e+03
2.045082569122314453e+00,2.000000476837158203e-01,1.942104736328125000e+03
2.030530214309692383e+00,2.000000476837158203e-01,1.942081054687500000e+03
2.016561746597290039e+00,2.000000476837158203e-01,1.942057128906250000e+03
2.003185749053955078e+00,2.000000476837158203e-01,1.942032836914062500e+03
1.990410208702087402e+00,2.000000476837158203e-01,1.942008178710937500e+03
1.978242874145507812e+00,2.000000476837158203e-01,1.941983276367187500e+03
1.966690897941589355e+00,2.000000476837158203e-01,1.941958007812500000e+03
1.955761432647705078e+00,2.000000476837158203e-01,1.941932495117187500e+03
1.945460915565490723e+00,2.000000476837158203e-01,1.941906738281250000e+03
1.935795664787292480e+00,2.000000476837158203e-01,1.941880737304687500e+03
1.926771402359008789e+00,2.000000476837158203e-01,1.941854492187500000e+03
1.918393611907958984e+00,2.000000476837158203e-01,1.941828125000000000e+03
1.910667419433593750e+00,2.000000476837158203e-01,1.941801513671875000e+03
1.903597235679626465e+00,2.000000476837158203e-01,1.941774658203125000e+03
1.897187590599060059e+00,2.000000476837158203e-01,1.941747680664062500e+03
1.891442179679870605e+00,2.000000476837158203e-01,1.941720458984375000e+03
1.886364579200744629e+00,2.000000476837158203e-01,1.941693237304687500e+03
1.881957769393920898e+00,2.000000476837158203e-01,1.941665893554687500e+03
1.878224492073059082e+00,2.000000476837158203e-01,1.941638305664062500e+03
1.875166893005371094e+00,2.000000476837158203e-01,1.941610839843750000e+03
1.872786879539489746e+00,2.000000476837158203e-01,1.941583129882812500e+03
1.871085643768310547e+00,2.000000476837158203e-01,1.941555419921875000e+03
1.870064735412597656e+00,2.000000476837158203e-01,1.941527709960937500e+03
1.869724273681640625e+00,2.000000476837158203e-01,1.941500000000000000e+03
1.870064735412597656e+00,2.000000476837158203e-01,1.941472290039062500e+03
1.871085643768310547e+00,2.000000476837158203e-01,1.941444580078125000e+03
1.872786879539489746e+00,2.000000476837158203e-01,1.941416870117187500e+03
1.875166893005371094e+00,2.000000476837158203e-01,1.941389160156250000e+03
1.878224492073059082e+00,2.000000476837158203e-01,1.941361694335937500e+03
1.881957769393920898e+00,2.000000476837158203e-01,1.941334106445312500e+03
1.886364579200744629e+00,2.000000476837158203e-01,1.941306762695312500e+03
1.891442179679870605e+00,2.000000476837158203e-01,1.941279541015625000e+03
1.897187590599060059e+00,2.000000476837158203e-01,1.941252319335937500e+03
1.903597235679626465e+00,2.000000476837158203e-01,1.941225341796875000e+03
1.910667419433593750e+00,2.000000476837158203e-01,1.941198486328125000e+03
1.918393611907958984e+00,2.000000476837158203e-01,1.941171875000000000e+03
1.926771402359008789e+00,2.000000476837158203e-01,1.941145507812500000e+03
1.935795664787292480e+00,2.000000476837158203e-01,1.941119262695312500e+03
1.945460915565490723e+00,2.000000476837158203e-01,1.941093261718750000e+03
1.955761432647705078e+00,2.000000476837158203e-01,1.941067504882812500e+03
1.966690897941589355e+00,2.000000476837158203e-01,1.941041992187500000e+03
1.978242874145507812e+00,2.000000476837158203e-01,1.941016723632812500e+03
1.990410208702087402e+00,2.000000476837158203e-01,1.940991821289062500e+03
2.003185749053955078e+00,2.000000476837158203e-01,1.940967163085937500e+03
2.016561746597290039e+00,2.000000476837158203e-01,1.940942871093750000e+03
2.030530214309692383e+00,2.000000476837158203e-01,1.940918945312500000e+03
2.045082569122314453e+00,2.000000476837158203e-01,1.940895263671875000e+03
2.060209989547729492e+00,2.000000476837158203e-01,1.940872070312500000e+03
2.075903654098510742e+00,2.000000476837158203e-01,1.940849121093750000e+03
2.092154026031494141e+00,2.000000476837158203e-01,1.940826660156250000e+03
2.108951091766357422e+00,2.000000476837158203e-01,1.940804565429687500e+03
2.126285076141357422e+00,2.000000476837158203e-01,1.940782958984375000e+03
2.144145250320434570e+00,2.000000476837158203e-01,1.940761718750000000e+03
2.162520885467529297e+00,2.000000476837158203e-01,1.940740966796875000e+03
2.181401252746582031e+00,2.000000476837158203e-01,1.940720581054687500e+03
2.200774431228637695e+00,2.000000476837158203e-01,1.940700805664062500e+03
2.220628976821899414e+00,2.000000476837158203e-01,1.940681396484375000e+03
2.240953207015991211e+00,2.000000476837158203e-01,1.940662475585937500e+03
2.261734485626220703e+00,2.000000476837158203e-01,1.940644165039062500e+03
2.282960653305053711e+00,2.000000476837158203e-01,1.940626342773437500e+03
2.304618835449218750e+00,2.000000476837158203e-01,1.940609008789062500e+03
2.326695442199707031e+00,2.000000476837158203e-01,1.940592163085937500e+03
2.349178075790405273e+00,2.000000476837158203e-01,1.940575927734375000e+03
2.372052431106567383e+00,2.000000476837158203e-01,1.940560180664062500e+03
2.395305156707763672e+00,2.000000476837158203e-01,1.940545043945312500e+03
2.418922185897827148e+00,2.000000476837158203e-01,1.940530517578125000e+03
2.442889213562011719e+00,2.000000476837158203e-01,1.940516601562500000e+03
2.467191696166992188e+00,2.000000476837158203e-01,1.940503173828125000e+03
2.491815328598022461e+00,2.000000476837158203e-01,1.940490356445312500e+03
2.516744852066040039e+00,2.000000476837158203e-01,1.940478271484375000e+03
2.541965484619140625e+00,2.000000476837158203e-01,1.940466674804687500e+03
2.567462205886840820e+00,2.000000476837158203e-01,1.940455810546875000e+03
2.593219280242919922e+00,2.000000476837158203e-01,1.940445434570312500e+03
2.619221687316894531e+00,2.000000476837158203e-01,1.940435791015625000e+03
2.645453214645385742e+00,2.000000476837158203e-01,1.940426757812500000e+03
2.671898365020751953e+00,2.000000476837158203e-01,1.940418334960937500e+03
2.698541164398193359e+00,2.000000476837158203e-01,1.940410644531250000e+03
2.725365400314331055e+00,2.000000476837158203e-01,1.940403564453125000e+03
2.752355098724365234e+00,2.000000476837158203e-01,1.940397216796875000e+03
2.779494047164916992e+00,2.000000476837158203e-01,1.940391479492187500e+03
2.806766033172607422e+00,2.000000476837158203e-01,1.940386352539062500e+03
2.834154129028320312e+00,2.000000476837158203e-01,1.940381958007812500e+03
2.861642122268676758e+00,2.000000476837158203e-01,1.940378173828125000e+03
2.889213562011718750e+00,2.000000476837158203e-01,1.940375122070312500e+03
2.916851758956909180e+00,2.000000476837158203e-01,1.940372802734375000e+03
2.944540023803710938e+00,2.000000476837158203e-01,1.940371093750000000e+03
2.972261667251586914e+00,2.000000476837158203e-01,1.940370117187500000e+03
3.000000000000000000e+00,2.000000476837158203e-01,1.940369750976562500e+03
3.027738332748413086e+00,2.000000476837158203e-01,1.940370117187500000e+03
3.055459976196289062e+00,2.000000476837158203e-01,1.940371093750000000e+03
3.083148241043090820e+00,2.000000476837158203e-01,1.940372802734375000e+03
3.110786437988281250e+00,2.000000476837158203e-01,1.940375122070312500e+03
3.138357877731323242e+00,2.000000476837158203e-01,1.940378173828125000e+03
3.165845870971679688e+00,2.000000476837158203e-01,1.940381958007812500e+03
3.193233966827392578e+00,2.000000476837158203e-01,1.940386352539062500e+03
3.220505952835083008e+00,2.000000476837158203e-01,1.940391479492187500e+03
3.247644901275634766e+00,2.000000476837158203e-01,1.940397216796875000e+03
3.274634599685668945e+00,2.000000476837158203e-01,1.940403564453125000e+03
3.301458835601806641e+00,2.000000476837158203e-01,1.940410644531250000e+03
3.328101634979248047e+00,2.000000476837158203e-01,1.940418334960937500e+03
3.354546785354614258e+00,2.000000476837158203e-01,1.940426757812500000e+03
3.380778312683105469e+00,2.000000476837158203e-01,1.940435791015625000e+03
3.406780719757080078e+00,2.000000476837158203e-01,1.940445434570312500e+03
3.432537794113159180e+00,2.000000476837158203e-01,1.940455810546875000e+03
3.458034515380859375e+00,2.000000476837158203e-01,1.940466674804687500e+03
3.483255147933959961e+00,2.000000476837158203e-01,1.940478271484375000e+03
3.508184671401977539e+00,2.000000476837158203e-01,1.940490356445312500e+03
3.532808303833007812e+00,2.000000476837158203e-01,1.940503173828125000e+03
3.557110786437988281e+00,2.000000476837158203e-01,1.940516601562500000e+03
3.581077814102172852e+00,2.000000476837158203e-01,1.940530517578125000e+03
3.604694843292236328e+00,2.000000476837158203e-01,1.940545043945312500e+03
3.627947568893432617e+00,2.000000476837158203e-01,1.940560180664062500e+03
3.650821924209594727e+00,2.000000476837158203e-01,1.940575927734375000e+03
3.673304557800292969e+00,2.000000476837158203e-01,1.940592163085937500e+03
3.695381164550781250e+00,2.000000476837158203e-01,1.940609008789062500e+03
3.717039346694946289e+00,2.000000476837158203e-01,1.940626342773437500e+03
3.738265514373779297e+00,2.000000476837158203e-01,1.940644165039062500e+03
3.759046792984008789e+00,2.000000476837158203e-01,1.940662475585937500e+03
3.779371023178100586e+00,2.000000476837158203e-01,1.940681396484375000e+03
3.799225568771362305e+00,2.000000476837158203e-01,1.940700805664062500e+03
3.818598747253417969e+00,2.000000476837158203e-01,1.940720581054687500e+03
3.837479114532470703e+00,2.000000476837158203e-01,1.940740966796875000e+03
3.855854749679565430e+00,2.000000476837158203e-01,1.940761718750000000e+03
3.873714923858642578e+00,2.000000476837158203e-01,1.940782958984375000e+03
3.891048908233642578e+00,2.000000476837158203e-01,1.940804565429687500e+03
3.907845973968505859e+00,2.000000476837158203e-01,1.940826660156250000e+03
3.924096345901489258e+00,2.000000476837158203e-01,1.940849121093750000e+03
3.939790010452270508e+00,2.000000476837158203e-01,1.940872070312500000e+03
3.954917430877685547e+00,2.000000476837158203e-01,1.940895263671875000e+03
3.969469785690307617e+00,2.000000476837158203e-01,1.940918945312500000e+03
3.983438253402709961e+00,2.000000476837158203e-01,1.940942871093750000e+03
3.996814250946044922e+00,2.000000476837158203e-01,1.940967163085937500e+03
4.009589672088623047e+00,2.000000476837158203e-01,1.940991821289062500e+03
4.021757125854492188e+00,2.000000476837158203e-01,1.941016723632812500e+03
4.033308982849121094e+00,2.000000476837158203e-01,1.941041992187500000e+03
4.044238567352294922e+00,2.000000476837158203e-01,1.941067504882812500e+03
4.054539203643798828e+00,2.000000476837158203e-01,1.941093261718750000e+03
4.064204216003417969e+00,2.000000476837158203e-01,1.941119262695312500e+03
4.073228836059570312e+00,2.000000476837158203e-01,1.941145507812500000e+03
4.081606388092041016e+00,2.000000476837158203e-01,1.941171875000000000e+03
4.089332580566406250e+00,2.000000476837158203e-01,1.941198486328125000e+03
4.096402645111083984e+00,2.000000476837158203e-01,1.941225341796875000e+03
4.102812290191650391e+00,2.000000476837158203e-01,1.941252319335937500e+03
4.108557701110839844e+00,2.000000476837158203e-01,1.941279541015625000e+03
4.113635540008544922e+00,2.000000476837158203e-01,1.941306762695312500e+03
4.118041992187500000e+00,2.000000476837158203e-01,1.941334106445312500e+03
4.121775627136230469e+00,2.000000476837158203e-01,1.941361694335937500e+03
4.124833106994628906e+00,2.000000476837158203e-01,1.941389160156250000e+03
4.127213001251220703e+00,2.000000476837158203e-01,1.941416870117187500e+03
4.128914356231689453e+00,2.000000476837158203e-01,1.941444580078125000e+03
4.129935264587402344e+00,2.000000476837158203e-01,1.941472290039062500e+03
4.179159164428710938e+00,2.000000476837158203e-01,1.941500000000000000e+03
4.178804397583007812e+00,2.000000476837158203e-01,1.941528930664062500e+03
4.177739143371582031e+00,2.000000476837158203e-01,1.941557861328125000e+03
4.175964355468750000e+00,2.000000476837158203e-01,1.941586791992187500e+03
4.173480987548828125e+00,2.000000476837158203e-01,1.941615600585937500e+03
4.170291423797607422e+00,2.000000476837158203e-01,1.941644287109375000e+03
4.166396617889404297e+00,2.000000476837158203e-01,1.941672973632812500e+03
4.161799430847167969e+00,2.000000476837158203e-01,1.941701538085937500e+03
4.156501770019531250e+00,2.000000476837158203e-01,1.941730102539062500e+03
4.150508403778076172e+00,2.000000476837158203e-01,1.941758300781250000e+03
4.143821239471435547e+00,2.000000476837158203e-01,1.941786499023437500e+03
4.136445522308349609e+00,2.000000476837158203e-01,1.941814453125000000e+03
4.128385066986083984e+00,2.000000476837158203e-01,1.941842285156250000e+03
4.119645118713378906e+00,2.000000476837158203e-01,1.941869873046875000e+03
4.110230445861816406e+00,2.000000476837158203e-01,1.941897216796875000e+03
4.100147247314453125e+00,2.000000476837158203e-01,1.941924316406250000e+03
4.089401245117187500e+00,2.000000476837158203e-01,1.941951293945312500e+03
4.077999114990234375e+00,2.000000476837158203e-01,1.941977783203125000e+03
4.065947532653808594e+00,2.000000476837158203e-01,1.942004150390625000e+03
4.053253650665283203e+00,2.000000476837158203e-01,1.942030151367187500e+03
4.039925575256347656e+00,2.000000476837158203e-01,1.942055908203125000e+03
4.025970935821533203e+00,2.000000476837158203e-01,1.942081176757812500e+03
4.011398792266845703e+00,2.000000476837158203e-01,1.942106201171875000e+03
3.996216773986816406e+00,2.000000476837158203e-01,1.942130859375000000e+03
3.980435132980346680e+00,2.000000476837158203e-01,1.942155151367187500e+03
3.964062690734863281e+00,2.000000476837158203e-01,1.942178955078125000e+03
3.947109699249267578e+00,2.000000476837158203e-01,1.942202392578125000e+03
3.929585933685302734e+00,2.000000476837158203e-01,1.942225463867187500e+03
3.911502361297607422e+00,2.000000476837158203e-01,1.942248046875000000e+03
3.892869949340820312e+00,2.000000476837158203e-01,1.942270141601562500e+03
3.873699426651000977e+00,2.000000476837158203e-01,1.942291870117187500e+03
3.854002714157104492e+00,2.000000476837158203e-01,1.942313110351562500e+03
3.833791494369506836e+00,2.000000476837158203e-01,1.942333740234375000e+03
3.813077926635742188e+00,2.000000476837158203e-01,1.942354003906250000e+03
3.791874885559082031e+00,2.000000476837158203e-01,1.942373657226562500e+03
3.770194768905639648e+00,2.000000476837158203e-01,1.942392822265625000e+03
3.748050689697265625e+00,2.000000476837158203e-01,1.942411499023437500e+03
3.725455999374389648e+00,2.000000476837158203e-01,1.942429565429687500e+03
3.702424287796020508e+00,2.000000476837158203e-01,1.942447143554687500e+03
3.678969621658325195e+00,2.000000476837158203e-01,1.942464111328125000e+03
3.655105829238891602e+00,2.000000476837158203e-01,1.942480468750000000e+03
3.630847454071044922e+00,2.000000476837158203e-01,1.942496215820312500e+03
3.606209039688110352e+00,2.000000476837158203e-01,1.942511352539062500e+03
3.581205368041992188e+00,2.000000476837158203e-01,1.942526000976562500e+03
3.555851936340332031e+00,2.000000476837158203e-01,1.942539916992187500e+03
3.530163288116455078e+00,2.000000476837158203e-01,1.942553222656250000e+03
3.504155635833740234e+00,2.000000476837158203e-01,1.942565917968750000e+03
3.477843999862670898e+00,2.000000476837158203e-01,1.942578002929687500e+03
3.451244831085205078e+00,2.000000476837158203e-01,1.942589355468750000e+03
3.424373626708984375e+00,2.000000476837158203e-01,1.942600097656250000e+03
3.397246837615966797e+00,2.000000476837158203e-01,1.942610229492187500e+03
3.369880676269531250e+00,2.000000476837158203e-01,1.942619628906250000e+03
3.342291831970214844e+00,2.000000476837158203e-01,1.942628417968750000e+03
3.314496755599975586e+00,2.000000476837158203e-01,1.942636474609375000e+03
3.286512374877929688e+00,2.000000476837158203e-01,1.942643798828125000e+03
3.258355140686035156e+00,2.000000476837158203e-01,1.942650512695312500e+03
3.230042457580566406e+00,2.000000476837158203e-01,1.942656494140625000e+03
3.201591253280639648e+00,2.000000476837158203e-01,1.942661743164062500e+03
3.173018693923950195e+00,2.000000476837158203e-01,1.942666381835937500e+03
3.144341707229614258e+00,2.000000476837158203e-01,1.942670288085937500e+03
3.115577697753906250e+00,2.000000476837158203e-01,1.942673461914062500e+03
3.086744308471679688e+00,2.000000476837158203e-01,1.942676025390625000e+03
3.057858705520629883e+00,2.000000476837158203e-01,1.942677734375000000e+03
3.028938055038452148e+00,2.000000476837158203e-01,1.942678833007812500e+03
3.000000000000000000e+00,2.000000476837158203e-01,1.942679199218750000e+03
2.971061944961547852e+00,2.000000476837158203e-01,1.942678833007812500e+03
2.942141294479370117e+00,2.000000476837158203e-01,1.942677734375000000e+03
2.913255691528320312e+00,2.000000476837158203e-01,1.942676025390625000e+03
2.884422302246093750e+00,2.000000476837158203e-01,1.942673461914062500e+03
2.855658292770385742e+00,2.000000476837158203e-01,1.942670288085937500e+03
2.826981306076049805e+00,2.000000476837158203e-01,1.942666381835937500e+03
2.798408746719360352e+00,2.000000476837158203e-01,1.942661743164062500e+03
2.769957542419433594e+00,2.000000476837158203e-01,1.942656494140625000e+03
2.741644859313964844e+00,2.000000476837158203e-01,1.942650512695312500e+03
2.713487625122070312e+00,2.000000476837158203e-01,1.942643798828125000e+03
2.685503244400024414e+00,2.000000476837158203e-01,1.942636474609375000e+03
2.657708168029785156e+00,2.000000476837158203e-01,1.942628417968750000e+03
2.630119323730468750e+00,2.000000476837158203e-01,1.942619628906250000e+03
2.602753162384033203e+00,2.000000476837158203e-01,1.942610229492187500e+03
2.575626373291015625e+00,2.000000476837158203e-01,1.942600097656250000e+03
2.548755168914794922e+00,2.000000476837158203e-01,1.942589355468750000e+03
2.522156000137329102e+00,2.000000476837158203e-01,1.942578002929687500e+03
2.495844364166259766e+00,2.000000476837158203e-01,1.942565917968750000e+03
2.469836711883544922e+00,2.000000476837158203e-01,1.942553222656250000e+03
2.444148063659667969e+00,2.000000476837158203e-01,1.942539916992187500e+03
2.418794631958007812e+00,2.000000476837158203e-01,1.942526000976562500e+03
2.393790960311889648e+00,2.000000476837158203e-01,1.942511352539062500e+03
2.369152545928955078e+00,2.000000476837158203e-01,1.942496215820312500e+03
2.344894170761108398e+00,2.000000476837158203e-01,1.942480468750000000e+03
2.321030378341674805e+00,2.000000476837158203e-01,1.942464111328125000e+03
2.297575712203979492e+00,2.000000476837158203e-01,1.942447143554687500e+03
2.274544000625610352e+00,2.000000476837158203e-01,1.942429565429687500e+03
2.251949310302734375e+00,2.000000476837158203e-01,1.942411499023437500e+03
2.229805231094360352e+00,2.000000476837158203e-01,1.942392822265625000e+03
2.208125114440917969e+00,2.000000476837158203e-01,1.942373657226562500e+03
2.186922073364257812e+00,2.000000476837158203e-01,1.942354003906250000e+03
2.166208505630493164e+00,2.000000476837158203e-01,1.942333740234375000e+03
2.145997285842895508e+00,2.000000476837158203e-01,1.942313110351562500e+03
2.126300573348999023e+00,2.000000476837158203e-01,1.942291870117187500e+03
2.107130050659179688e+00,2.000000476837158203e-01,1.942270141601562500e+03
2.088497638702392578e+00,2.000000476837158203e-01,1.942248046875000000e+03
2.070414066314697266e+00,2.000000476837158203e-01,1.942225463867187500e+03
2.052890300750732422e+00,2.000000476837158203e-01,1.942202392578125000e+03
2.035937309265136719e+00,2.000000476837158203e-01,1.942178955078125000e+03
2.019564867019653320e+00,2.000000476837158203e-01,1.942155151367187500e+03
2.003783226013183594e+00,2.000000476837158203e-01,1.942130859375000000e+03
1.988601326942443848e+00,2.000000476837158203e-01,1.942106201171875000e+03
1.974028944969177246e+00,2.000000476837158203e-01,1.942081176757812500e+03
1.960074424743652344e+00,2.000000476837158203e-01,1.942055908203125000e+03
1.946746349334716797e+00,2.000000476837158203e-01,1.942030151367187500e+03
1.934052705764770508e+00,2.000000476837158203e-01,1.942004150390625000e+03
1.922001004219055176e+00,2.000000476837158203e-01,1.941977783203125000e+03
1.910598874092102051e+00,2.000000476837158203e-01,1.941951293945312500e+03
1.899852871894836426e+00,2.000000476837158203e-01,1.941924316406250000e+03
1.889769673347473145e+00,2.000000476837158203e-01,1.941897216796875000e+03
1.880355000495910645e+00,2.000000476837158203e-01,1.941869873046875000e+03
1.871615052223205566e+00,2.000000476837158203e-01,1.941842285156250000e+03
1.863554596900939941e+00,2.000000476837158203e-01,1.941814453125000000e+03
1.856178760528564453e+00,2.000000476837158203e-01,1.941786499023437500e+03
1.849491715431213379e+00,2.000000476837158203e-01,1.941758300781250000e+03
1.843497991561889648e+00,2.000000476837158203e-01,1.941730102539062500e+03
1.838200807571411133e+00,2.000000476837158203e-01,1.941701538085937500e+03
1.833603382110595703e+00,2.000000476837158203e-01,1.941672973632812500e+03
1.829708576202392578e+00,2.000000476837158203e-01,1.941644287109375000e+03
1.826518774032592773e+00,2.000000476837158203e-01,1.941615600585937500e+03
1.824035644531250000e+00,2.000000476837158203e-01,1.941586791992187500e+03
1.822261095046997070e+00,2.000000476837158203e-01,1.941557861328125000e+03
1.821195840835571289e+00,2.000000476837158203e-01,1.941528930664062500e+03
1.820840716361999512e+00,2.000000476837158203e-01,1.941500000000000000e+03
1.821195840835571289e+00,2.000000476837158203e-01,1.941471069335937500e+03
1.822261095046997070e+00,2.000000476837158203e-01,1.941442138671875000e+03
1.824035644531250000e+00,2.000000476837158203e-01,1.941413208007812500e+03
1.826518774032592773e+00,2.000000476837158203e-01,1.941384399414062500e+03
1.829708576202392578e+00,2.000000476837158203e-01,1.941355712890625000e+03
1.833603382110595703e+00,2.000000476837158203e-01,1.941327026367187500e+03
1.838200807571411133e+00,2.000000476837158203e-01,1.941298461914062500e+03
1.843497991561889648e+00,2.000000476837158203e-01,1.941269897460937500e+03
1.849491715431213379e+00,2.000000476837158203e-01,1.941241699218750000e+03
1.856178760528564453e+00,2.000000476837158203e-01,1.941213500976562500e+03
1.863554596900939941e+00,2.000000476837158203e-01,1.941185546875000000e+03
1.871615052223205566e+00,2.000000476837158203e-01,1.941157714843750000e+03
1.880355000495910645e+00,2.000000476837158203e-01,1.941130126953125000e+03
1.889769673347473145e+00,2.000000476837158203e-01,1.941102783203125000e+03
1.899852871894836426e+00,2.000000476837158203e-01,1.941075683593750000e+03
1.910598874092102051e+00,2.000000476837158203e-01,1.941048706054687500e+03
1.922001004219055176e+00,2.000000476837158203e-01,1.941022216796875000e+03
1.934052705764770508e+00,2.000000476837158203e-01,1.940995849609375000e+03
1.946746349334716797e+00,2.000000476837158203e-01,1.940969848632812500e+03
1.960074424743652344e+00,2.000000476837158203e-01,1.940944091796875000e+03
1.974028944969177246e+00,2.000000476837158203e-01,1.940918823242187500e+03
1.988601326942443848e+00,2.000000476837158203e-01,1.940893798828125000e+03
2.003783226013183594e+00,2.000000476837158203e-01,1.940869140625000000e+03
2.019564867019653320e+00,2.000000476837158203e-01,1.940844848632812500e+03
2.035937309265136719e+00,2.000000476837158203e-01,1.940821044921875000e+03
2.052890300750732422e+00,2.000000476837158203e-01,1.940797607421875000e+03
2.070414066314697266e+00,2.000000476837158203e-01,1.940774536132812500e+03
2.088497638702392578e+00,2.000000476837158203e-01,1.940751953125000000e+03
2.107130050659179688e+00,2.000000476837158203e-01,1.940729858398437500e+03
2.126300573348999023e+00,2.000000476837158203e-01,1.940708129882812500e+03
2.145997285842895508e+00,2.000000476837158203e-01,1.940686889648437500e+03
2.166208505630493164e+00,2.000000476837158203e-01,1.940666259765625000e+03
2.186922073364257812e+00,2.000000476837158203e-01,1.940645996093750000e+03
2.208125114440917969e+00,2.000000476837158203e-01,1.940626342773437500e+03
2.229805231094360352e+00,2.000000476837158203e-01,1.940607177734375000e+03
2.251949310302734375e+00,2.000000476837158203e-01,1.940588500976562500e+03
2.274544000625610352e+00,2.000000476837158203e-01,1.940570434570312500e+03
2.297575712203979492e+00,2.000000476837158203e-01,1.940552856445312500e+03
2.321030378341674805e+00,2.000000476837158203e-01,1.940535888671875000e+03
2.344894170761108398e+00,2.000000476837158203e-01,1.940519531250000000e+03
2.369152545928955078e+00,2.000000476837158203e-01,1.940503784179687500e+03
2.393790960311889648e+00,2.000000476837158203e-01,1.940488647460937500e+03
2.418794631958007812e+00,2.000000476837158203e-01,1.940473999023437500e+03
2.444148063659667969e+00,2.000000476837158203e-01,1.940460083007812500e+03
2.469836711883544922e+00,2.000000476837158203e-01,1.940446777343750000e+03
2.495844364166259766e+00,2.000000476837158203e-01,1.940434082031250000e+03
2.522156000137329102e+00,2.000000476837158203e-01,1.940421997070312500e+03
2.548755168914794922e+00,2.000000476837158203e-01,1.940410644531250000e+03
2.575626373291015625e+00,2.000000476837158203e-01,1.940399902343750000e+03
2.602753162384033203e+00,2.000000476837158203e-01,1.940389770507812500e+03
2.630119323730468750e+00,2.000000476837158203e-01,1.940380371093750000e+03
2.657708168029785156e+00,2.000000476837158203e-01,1.940371582031250000e+03
2.685503244400024414e+00,2.000000476837158203e-01,1.940363525390625000e+03
2.713487625122070312e+00,2.000000476837158203e-01,1.940356201171875000e+03
2.741644859313964844e+00,2.000000476837158203e-01,1.940349487304687500e+03
2.769957542419433594e+00,2.000000476837158203e-01,1.940343505859375000e+03
2.798408746719360352e+00,2.000000476837158203e-01,1.940338256835937500e+03
2.826981306076049805e+00,2.000000476837158203e-01,1.940333618164062500e+03
2.855658292770385742e+00,2.000000476837158203e-01,1.940329711914062500e+03
2.884422302246093750e+00,2.000000476837158203e-01,1.940326538085937500e+03
2.913255691528320312e+00,2.000000476837158203e-01,1.940323974609375000e+03
2.942141294479370117e+00,2.000000476837158203e-01,1.940322265625000000e+03
2.971061944961547852e+00,2.000000476837158203e-01,1.940321166992187500e+03
3.000000000000000000e+00,2.000000476837158203e-01,1.940320800781250000e+03
3.028938055038452148e+00,2.000000476837158203e-01,1.940321166992187500e+03
3.057858705520629883e+00,2.000000476837158203e-01,1.940322265625000000e+03
3.086744308471679688e+00,2.000000476837158203e-01,1.940323974609375000e+03
3.115577697753906250e+00,2.000000476837158203e-01,1.940326538085937500e+03
3.144341707229614258e+00,2.000000476837158203e-01,1.940329711914062500e+03
3.173018693923950195e+00,2.000000476837158203e-01,1.940333618164062500e+03
3.201591253280639648e+00,2.000000476837158203e-01,1.940338256835937500e+03
3.230042457580566406e+00,2.000000476837158203e-01,1.940343505859375000e+03
3.258355140686035156e+00,2.000000476837158203e-01,1.940349487304687500e+03
3.286512374877929688e+00,2.000000476837158203e-01,1.940356201171875000e+03
3.314496755599975586e+00,2.000000476837158203e-01,1.940363525390625000e+03
3.342291831970214844e+00,2.000000476837158203e-01,1.940371582031250000e+03
3.369880676269531250e+00,2.000000476837158203e-01,1.940380371093750000e+03
3.397246837615966797e+00,2.000000476837158203e-01,1.940389770507812500e+03
3.424373626708984375e+00,2.000000476837158203e-01,1.940399902343750000e+03
3.451244831085205078e+00,2.000000476837158203e-01,1.940410644531250000e+03
3.477843999862670898e+00,2.000000476837158203e-01,1.940421997070312500e+03
3.504155635833740234e+00,2.000000476837158203e-01,1.940434082031250000e+03
3.530163288116455078e+00,2.000000476837158203e-01,1.940446777343750000e+03
3.555851936340332031e+00,2.000000476837158203e-01,1.940460083007812500e+03
3.581205368041992188e+00,2.000000476837158203e-01,1.940473999023437500e+03
3.606209039688110352e+00,2.000000476837158203e-01,1.940488647460937500e+03
3.630847454071044922e+00,2.000000476837158203e-01,1.940503784179687500e+03
3.655105829238891602e+00,2.000000476837158203e-01,1.940519531250000000e+03
3.678969621658325195e+00,2.000000476837158203e-01,1.940535888671875000e+03
3.702424287796020508e+00,2.000000476837158203e-01,1.940552856445312500e+03
3.725455999374389648e+00,2.000000476837158203e-01,1.940570434570312500e+03
3.748050689697265625e+00,2.000000476837158203e-01,1.940588500976562500e+03
3.770194768905639648e+00,2.000000476837158203e-01,1.940607177734375000e+03
3.791874885559082031e+00,2.000000476837158203e-01,1.940626342773437500e+03
3.813077926635742188e+00,2.000000476837158203e-01,1.940645996093750000e+03
3.833791494369506836e+00,2.000000476837158203e-01,1.940666259765625000e+03
3.854002714157104492e+00,2.000000476837158203e-01,1.940686889648437500e+03
3.873699426651000977e+00,2.000000476837158203e-01,1.940708129882812500e+03
3.892869949340820312e+00,2.000000476837158203e-01,1.940729858398437500e+03
3.911502361297607422e+00,2.000000476837158203e-01,1.940751953125000000e+03
3.929585933685302734e+00,2.000000476837158203e-01,1.940774536132812500e+03
3.947109699249267578e+00,2.000000476837158203e-01,1.940797607421875000e+03
3.964062690734863281e+00,2.000000476837158203e-01,1.940821044921875000e+03
3.980435132980346680e+00,2.000000476837158203e-01,1.940844848632812500e+03
3.996216773986816406e+00,2.000000476837158203e-01,1.940869140625000000e+03
4.011398792266845703e+00,2.000000476837158203e-01,1.940893798828125000e+03
4.025970935821533203e+00,2.000000476837158203e-01,1.940918823242187500e+03
4.039925575256347656e+00,2.000000476837158203e-01,1.940944091796875000e+03
4.053253650665283203e+00,2.000000476837158203e-01,1.940969848632812500e+03
4.065947532653808594e+00,2.000000476837158203e-01,1.940995849609375000e+03
4.077999114990234375e+00,2.000000476837158203e-01,1.941022216796875000e+03
4.089401245117187500e+00,2.000000476837158203e-01,1.941048706054687500e+03
4.100147247314453125e+00,2.000000476837158203e-01,1.941075683593750000e+03
4.110230445861816406e+00,2.000000476837158203e-01,1.941102783203125000e+03
4.119645118713378906e+00,2.000000476837158203e-01,1.941130126953125000e+03
4.128385066986083984e+00,2.000000476837158203e-01,1.941157714843750000e+03
4.136445522308349609e+00,2.000000476837158203e-01,1.941185546875000000e+03
4.143821239471435547e+00,2.000000476837158203e-01,1.941213500976562500e+03
4.150508403778076172e+00,2.000000476837158203e-01,1.941241699218750000e+03
4.156501770019531250e+00,2.000000476837158203e-01,1.941269897460937500e+03
4.161799430847167969e+00,2.000000476837158203e-01,1.941298461914062500e+03
4.166396617889404297e+00,2.000000476837158203e-01,1.941327026367187500e+03
4.170291423797607422e+00,2.000000476837158203e-01,1.941355712890625000e+03
4.173480987548828125e+00,2.000000476837158203e-01,1.941384399414062500e+03
4.175964355468750000e+00,2.000000476837158203e-01,1.941413208007812500e+03
4.177739143371582031e+00,2.000000476837158203e-01,1.941442138671875000e+03
4.178804397583007812e+00,2.000000476837158203e-01,1.941471069335937500e+03
4.229290962219238281e+00,2.000000476837158203e-01,1.941500000000000000e+03
4.228920459747314453e+00,2.000000476837158203e-01,1.941530151367187500e+03
4.227809906005859375e+00,2.000000476837158203e-01,1.941560302734375000e+03
4.225960254669189453e+00,2.000000476837158203e-01,1.941590454101562500e+03
4.223371505737304688e+00,2.000000476837158203e-01,1.941620483398437500e+03
4.220046043395996094e+00,2.000000476837158203e-01,1.941650512695312500e+03
4.215985774993896484e+00,2.000000476837158203e-01,1.941680419921875000e+03
4.211193084716796875e+00,2.000000476837158203e-01,1.941710205078125000e+03
4.205670356750488281e+00,2.000000476837158203e-01,1.941739868164062500e+03
4.199421882629394531e+00,2.000000476837158203e-01,1.941769287109375000e+03
4.192450523376464844e+00,2.000000476837158203e-01,1.941798706054687500e+03
4.184761047363281250e+00,2.000000476837158203e-01,1.941827880859375000e+03
4.176358222961425781e+00,2.000000476837158203e-01,1.941856811523437500e+03
4.167246341705322266e+00,2.000000476837158203e-01,1.941885620117187500e+03
4.157431602478027344e+00,2.000000476837158203e-01,1.941914184570312500e+03
4.146919727325439453e+00,2.000000476837158203e-01,1.941942382812500000e+03
4.135716915130615234e+00,2.000000476837158203e-01,1.941970458984375000e+03
4.123829841613769531e+00,2.000000476837158203e-01,1.941998168945312500e+03
4.111266136169433594e+00,2.000000476837158203e-01,1.942025634765625000e+03
4.098032474517822266e+00,2.000000476837158203e-01,1.942052734375000000e+03
4.084137916564941406e+00,2.000000476837158203e-01,1.942079467773437500e+03
4.069590091705322266e+00,2.000000476837158203e-01,1.942105957031250000e+03
4.054398059844970703e+00,2.000000476837158203e-01,1.942131958007812500e+03
4.038570880889892578e+00,2.000000476837158203e-01,1.942157714843750000e+03
4.022118091583251953e+00,2.000000476837158203e-01,1.942182983398437500e+03
4.005049705505371094e+00,2.000000476837158203e-01,1.942207885742187500e+03
3.987375736236572266e+00,2.000000476837158203e-01,1.942232299804687500e+03
3.969107151031494141e+00,2.000000476837158203e-01,1.942256347656250000e+03
3.950254678726196289e+00,2.000000476837158203e-01,1.942279907226562500e+03
3.930830001831054688e+00,2.000000476837158203e-01,1.942302978515625000e+03
3.910844564437866211e+00,2.000000476837158203e-01,1.942325561523437500e+03
3.890310287475585938e+00,2.000000476837158203e-01,1.942347656250000000e+03
3.869240045547485352e+00,2.000000476837158203e-01,1.942369262695312500e+03
3.847645998001098633e+00,2.000000476837158203e-01,1.942390258789062500e+03
3.825541257858276367e+00,2.000000476837158203e-01,1.942410888671875000e+03
3.802939414978027344e+00,2.000000476837158203e-01,1.942430786132812500e+03
3.779853820800781250e+00,2.000000476837158203e-01,1.942450195312500000e+03
3.756298542022705078e+00,2.000000476837158203e-01,1.942469116210937500e+03
3.732287645339965820e+00,2.000000476837158203e-01,1.942487426757812500e+03
3.707835674285888672e+00,2.000000476837158203e-01,1.942505004882812500e+03
3.682957410812377930e+00,2.000000476837158203e-01,1.942522094726562500e+03
3.657667636871337891e+00,2.000000476837158203e-01,1.942538574218750000e+03
3.631981849670410156e+00,2.000000476837158203e-01,1.942554443359375000e+03
3.605915307998657227e+00,2.000000476837158203e-01,1.942569580078125000e+03
3.579483747482299805e+00,2.000000476837158203e-01,1.942584106445312500e+03
3.552703142166137695e+00,2.000000476837158203e-01,1.942598022460937500e+03
3.525589466094970703e+00,2.000000476837158203e-01,1.942611206054687500e+03
3.498159408569335938e+00,2.000000476837158203e-01,1.942623779296875000e+03
3.470429182052612305e+00,2.000000476837158203e-01,1.942635742187500000e+03
3.442415714263916016e+00,2.000000476837158203e-01,1.942646972656250000e+03
3.414135694503784180e+00,2.000000476837158203e-01,1.942657470703125000e+03
3.385606050491333008e+00,2.000000476837158203e-01,1.942667236328125000e+03
3.356844425201416016e+00,2.000000476837158203e-01,1.942676391601562500e+03
3.327867507934570312e+00,2.000000476837158203e-01,1.942684814453125000e+03
3.298693418502807617e+00,2.000000476837158203e-01,1.942692504882812500e+03
3.269339084625244141e+00,2.000000476837158203e-01,1.942699462890625000e+03
3.239822864532470703e+00,2.000000476837158203e-01,1.942705688476562500e+03
3.210161924362182617e+00,2.000000476837158203e-01,1.942711181640625000e+03
3.180374383926391602e+00,2.000000476837158203e-01,1.942715942382812500e+03
3.150478363037109375e+00,2.000000476837158203e-01,1.942720092773437500e+03
3.120491504669189453e+00,2.000000476837158203e-01,1.942723388671875000e+03
3.090432167053222656e+00,2.000000476837158203e-01,1.942725952148437500e+03
3.060318470001220703e+00,2.000000476837158203e-01,1.942727783203125000e+03
3.030168294906616211e+00,2.000000476837158203e-01,1.942728881835937500e+03
3.000000000000000000e+00,2.000000476837158203e-01,1.942729248046875000e+03
2.969831705093383789e+00,2.000000476837158203e-01,1.942728881835937500e+03
2.939681529998779297e+00,2.000000476837158203e-01,1.942727783203125000e+03
2.909567832946777344e+00,2.000000476837158203e-01,1.942725952148437500e+03
2.879508495330810547e+00,2.000000476837158203e-01,1.942723388671875000e+03
2.849521636962890625e+00,2.000000476837158203e-01,1.942720092773437500e+03
2.819625616073608398e+00,2.000000476837158203e-01,1.942715942382812500e+03
2.789838075637817383e+00,2.000000476837158203e-01,1.942711181640625000e+03
2.760177135467529297e+00,2.000000476837158203e-01,1.942705688476562500e+03
2.730660915374755859e+00,2.000000476837158203e-01,1.942699462890625000e+03
2.701306581497192383e+00,2.000000476837158203e-01,1.942692504882812500e+03
2.672132492065429688e+00,2.000000476837158203e-01,1.942684814453125000e+03
2.643155574798583984e+00,2.000000476837158203e-01,1.942676391601562500e+03
2.614393949508666992e+00,2.000000476837158203e-01,1.942667236328125000e+03
2.585864305496215820e+00,2.000000476837158203e-01,1.942657470703125000e+03
2.557584285736083984e+00,2.000000476837158203e-01,1.942646972656250000e+03
2.529570817947387695e+00,2.000000476837158203e-01,1.942635742187500000e+03
2.501840591430664062e+00,2.000000476837158203e-01,1.942623779296875000e+03
2.474410533905029297e+00,2.000000476837158203e-01,1.942611206054687500e+03
2.447296857833862305e+00,2.000000476837158203e-01,1.942598022460937500e+03
2.420516252517700195e+00,2.000000476837158203e-01,1.942584106445312500e+03
2.394084692001342773e+00,2.000000476837158203e-01,1.942569580078125000e+03
2.368018150329589844e+00,2.000000476837158203e-01,1.942554443359375000e+03
2.342332363128662109e+00,2.000000476837158203e-01,1.942538574218750000e+03
2.317042589187622070e+00,2.000000476837158203e-01,1.942522094726562500e+03
2.292164325714111328e+00,2.000000476837158203e-01,1.942505004882812500e+03
2.267712354660034180e+00,2.000000476837158203e-01,1.942487426757812500e+03
2.243701457977294922e+00,2.000000476837158203e-01,1.942469116210937500e+03
2.220146179199218750e+00,2.000000476837158203e-01,1.942450195312500000e+03
2.197060585021972656e+00,2.000000476837158203e-01,1.942430786132812500e+03
2.174458742141723633e+00,2.000000476837158203e-01,1.942410888671875000e+03
2.152354001998901367e+00,2.000000476837158203e-01,1.942390258789062500e+03
2.130759954452514648e+00,2.000000476837158203e-01,1.942369262695312500e+03
2.109689712524414062e+00,2.000000476837158203e-01,1.942347656250000000e+03
2.089155435562133789e+00,2.000000476837158203e-01,1.942325561523437500e+03
2.069169998168945312e+00,2.000000476837158203e-01,1.942302978515625000e+03
2.049745321273803711e+00,2.000000476837158203e-01,1.942279907226562500e+03
2.030892848968505859e+00,2.000000476837158203e-01,1.942256347656250000e+03
2.012624263763427734e+00,2.000000476837158203e-01,1.942232299804687500e+03
1.994950413703918457e+00,2.000000476837158203e-01,1.942207885742187500e+03
1.977882027626037598e+00,2.000000476837158203e-01,1.942182983398437500e+03
1.961429238319396973e+00,2.000000476837158203e-01,1.942157714843750000e+03
1.945602059364318848e+00,2.000000476837158203e-01,1.942131958007812500e+03
1.930409908294677734e+00,2.000000476837158203e-01,1.942105957031250000e+03
1.915862202644348145e+00,2.000000476837158203e-01,1.942079467773437500e+03
1.901967525482177734e+00,2.000000476837158203e-01,1.942052734375000000e+03
1.888734102249145508e+00,2.000000476837158203e-01,1.942025634765625000e+03
1.876170277595520020e+00,2.000000476837158203e-01,1.941998168945312500e+03
1.864283204078674316e+00,2.000000476837158203e-01,1.941970458984375000e+03
1.853080391883850098e+00,2.000000476837158203e-01,1.941942382812500000e+03
1.842568516731262207e+00,2.000000476837158203e-01,1.941914184570312500e+03
1.832753539085388184e+00,2.000000476837158203e-01,1.941885620117187500e+03
1.823642015457153320e+00,2.000000476837158203e-01,1.941856811523437500e+03
1.815238833427429199e+00,2.000000476837158203e-01,1.941827880859375000e+03
1.807549357414245605e+00,2.000000476837158203e-01,1.941798706054687500e+03
1.800578236579895020e+00,2.000000476837158203e-01,1.941769287109375000e+03
1.794329524040222168e+00,2.000000476837158203e-01,1.941739868164062500e+03
1.788807153701782227e+00,2.000000476837158203e-01,1.941710205078125000e+03
1.784014344215393066e+00,2.000000476837158203e-01,1.941680419921875000e+03
1.779953956604003906e+00,2.000000476837158203e-01,1.941650512695312500e+03
1.776628494262695312e+00,2.000000476837158203e-01,1.941620483398437500e+03
1.774039864540100098e+00,2.000000476837158203e-01,1.941590454101562500e+03
1.772189855575561523e+00,2.000000476837158203e-01,1.941560302734375000e+03
1.771079421043395996e+00,2.000000476837158203e-01,1.941530151367187500e+03
1.770709156990051270e+00,2.000000476837158203e-01,1.941500000000000000e+03
1.771079421043395996e+00,2.000000476837158203e-01,1.941469848632812500e+03
1.772189855575561523e+00,2.000000476837158203e-01,1.941439697265625000e+03
1.774039864540100098e+00,2.000000476837158203e-01,1.941409545898437500e+03
1.776628494262695312e+00,2.000000476837158203e-01,1.941379516601562500e+03
1.779953956604003906e+00,2.000000476837158203e-01,1.941349487304687500e+03
1.784014344215393066e+00,2.000000476837158203e-01,1.941319580078125000e+03
1.788807153701782227e+00,2.000000476837158203e-01,1.941289794921875000e+03
1.794329524040222168e+00,2.000000476837158203e-01,1.941260131835937500e+03
1.800578236579895020e+00,2.000000476837158203e-01,1.941230712890625000e+03
1.807549357414245605e+00,2.000000476837158203e-01,1.941201293945312500e+03
1.815238833427429199e+00,2.000000476837158203e-01,1.941172119140625000e+03
1.823642015457153320e+00,2.000000476837158203e-01,1.941143188476562500e+03
1.832753539085388184e+00,2.000000476837158203e-01,1.941114379882812500e+03
1.842568516731262207e+00,2.000000476837158203e-01,1.941085815429687500e+03
1.853080391883850098e+00,2.000000476837158203e-01,1.941057617187500000e+03
1.864283204078674316e+00,2.000000476837158203e-01,1.941029541015625000e+03
1.876170277595520020e+00,2.000000476837158203e-01,1.941001831054687500e+03
1.888734102249145508e+00,2.000000476837158203e-01,1.940974365234375000e+03
1.901967525482177734e+00,2.000000476837158203e-01,1.940947265625000000e+03
1.915862202644348145e+00,2.000000476837158203e-01,1.940920532226562500e+03
1.930409908294677734e+00,2.000000476837158203e-01,1.940894042968750000e+03
1.945602059364318848e+00,2.000000476837158203e-01,1.940868041992187500e+03
1.961429238319396973e+00,2.000000476837158203e-01,1.940842285156250000e+03
1.977882027626037598e+00,2.000000476837158203e-01,1.940817016601562500e+03
1.994950413703918457e+00,2.000000476837158203e-01,1.940792114257812500e+03
2.012624263763427734e+00,2.000000476837158203e-01,1.940767700195312500e+03
2.030892848968505859e+00,2.000000476837158203e-01,1.940743652343750000e+03
2.049745321273803711e+00,2.000000476837158203e-01,1.940720092773437500e+03
2.069169998168945312e+00,2.000000476837158203e-01,1.940697021484375000e+03
2.089155435562133789e+00,2.000000476837158203e-01,1.940674438476562500e+03
2.109689712524414062e+00,2.000000476837158203e-01,1.940652343750000000e+03
2.130759954452514648e+00,2.000000476837158203e-01,1.940630737304687500e+03
2.152354001998901367e+00,2.000000476837158203e-01,1.940609741210937500e+03
2.174458742141723633e+00,2.000000476837158203e-01,1.940589111328125000e+03
2.197060585021972656e+00,2.000000476837158203e-01,1.940569213867187500e+03
2.220146179199218750e+00,2.000000476837158203e-01,1.940549804687500000e+03
2.243701457977294922e+00,2.000000476837158203e-01,1.940530883789062500e+03
2.267712354660034180e+00,2.000000476837158203e-01,1.940512573242187500e+03
2.292164325714111328e+00,2.000000476837158203e-01,1.940494995117187500e+03
2.317042589187622070e+00,2.000000476837158203e-01,1.940477905273437500e+03
2.342332363128662109e+00,2.000000476837158203e-01,1.940461425781250000e+03
2.368018150329589844e+00,2.000000476837158203e-01,1.940445556640625000e+03
2.394084692001342773e+00,2.000000476837158203e-01,1.940430419921875000e+03
2.420516252517700195e+00,2.000000476837158203e-01,1.940415893554687500e+03
2.447296857833862305e+00,2.000000476837158203e-01,1.940401977539062500e+03
2.474410533905029297e+00,2.000000476837158203e-01,1.940388793945312500e+03
2.501840591430664062e+00,2.000000476837158203e-01,1.940376220703125000e+03
2.529570817947387695e+00,2.000000476837158203e-01,1.940364257812500000e+03
2.557584285736083984e+00,2.000000476837158203e-01,1.940353027343750000e+03
2.585864305496215820e+00,2.000000476837158203e-01,1.940342529296875000e+03
2.614393949508666992e+00,2.000000476837158203e-01,1.940332763671875000e+03
2.643155574798583984e+00,2.000000476837158203e-01,1.940323608398437500e+03
2.672132492065429688e+00,2.000000476837158203e-01,1.940315185546875000e+03
2.701306581497192383e+00,2.000000476837158203e-01,1.940307495117187500e+03
2.730660915374755859e+00,2.000000476837158203e-01,1.940300537109375000e+03
2.760177135467529297e+00,2.000000476837158203e-01,1.940294311523437500e+03
2.789838075637817383e+00,2.000000476837158203e-01,1.940288818359375000e+03
2.819625616073608398e+00,2.000000476837158203e-01,1.940284057617187500e+03
2.849521636962890625e+00,2.000000476837158203e-01,1.940279907226562500e+03
2.879508495330810547e+00,2.000000476837158203e-01,1.940276611328125000e+03
2.909567832946777344e+00,2.000000476837158203e-01,1.940274047851562500e+03
2.939681529998779297e+00,2.000000476837158203e-01,1.940272216796875000e+03
2.969831705093383789e+00,2.000000476837158203e-01,1.940271118164062500e+03
3.000000000000000000e+00,2.000000476837158203e-01,1.940270751953125000e+03
3.030168294906616211e+00,2.000000476837158203e-01,1.940271118164062500e+03
3.060318470001220703e+00,2.000000476837158203e-01,1.940272216796875000e+03
3.090432167053222656e+00,2.000000476837158203e-01,1.940274047851562500e+03
3.120491504669189453e+00,2.000000476837158203e-01,1.940276611328125000e+03
3.150478363037109375e+00,2.000000476837158203e-01,1.940279907226562500e+03
3.180374383926391602e+00,2.000000476837158203e-01,1.940284057617187500e+03
3.210161924362182617e+00,2.000000476837158203e-01,1.940288818359375000e+03
3.239822864532470703e+00,2.000000476837158203e-01,1.940294311523437500e+03
3.269339084625244141e+00,2.000000476837158203e-01,1.940300537109375000e+03
3.298693418502807617e+00,2.000000476837158203e-01,1.940307495117187500e+03
3.327867507934570312e+00,2.000000476837158203e-01,1.940315185546875000e+03
3.356844425201416016e+00,2.000000476837158203e-01,1.940323608398437500e+03
3.385606050491333008e+00,2.000000476837158203e-01,1.940332763671875000e+03
3.414135694503784180e+00,2.000000476837158203e-01,1.940342529296875000e+03
3.442415714263916016e+00,2.000000476837158203e-01,1.940353027343750000e+03
3.470429182052612305e+00,2.000000476837158203e-01,1.940364257812500000e+03
3.498159408569335938e+00,2.000000476837158203e-01,1.940376220703125000e+03
3.525589466094970703e+00,2.000000476837158203e-01,1.940388793945312500e+03
3.552703142166137695e+00,2.000000476837158203e-01,1.940401977539062500e+03
3.579483747482299805e+00,2.000000476837158203e-01,1.940415893554687500e+03
3.605915307998657227e+00,2.000000476837158203e-01,1.940430419921875000e+03
3.631981849670410156e+00,2.000000476837158203e-01,1.940445556640625000e+03
3.657667636871337891e+00,2.000000476837158203e-01,1.940461425781250000e+03
3.682957410812377930e+00,2.000000476837158203e-01,1.940477905273437500e+03
3.707835674285888672e+00,2.000000476837158203e-01,1.940494995117187500e+03
3.732287645339965820e+00,2.000000476837158203e-01,1.940512573242187500e+03
3.756298542022705078e+00,2.000000476837158203e-01,1.940530883789062500e+03
3.779853820800781250e+00,2.000000476837158203e-01,1.940549804687500000e+03
3.802939414978027344e+00,2.000000476837158203e-01,1.940569213867187500e+03
3.825541257858276367e+00,2.000000476837158203e-01,1.940589111328125000e+03
3.847645998001098633e+00,2.000000476837158203e-01,1.940609741210937500e+03
3.869240045547485352e+00,2.000000476837158203e-01,1.940630737304687500e+03
3.890310287475585938e+00,2.000000476837158203e-01,1.940652343750000000e+03
3.910844564437866211e+00,2.000000476837158203e-01,1.940674438476562500e+03
3.930830001831054688e+00,2.000000476837158203e-01,1.940697021484375000e+03
3.950254678726196289e+00,2.000000476837158203e-01,1.940720092773437500e+03
3.969107151031494141e+00,2.000000476837158203e-01,1.940743652343750000e+03
3.987375736236572266e+00,2.000000476837158203e-01,1.940767700195312500e+03
4.005049705505371094e+00,2.000000476837158203e-01,1.940792114257812500e+03
4.022118091583251953e+00,2.000000476837158203e-01,1.940817016601562500e+03
4.038570880889892578e+00,2.000000476837158203e-01,1.940842285156250000e+03
4.054398059844970703e+00,2.000000476837158203e-01,1.940868041992187500e+03
4.069590091705322266e+00,2.000000476837158203e-01,1.940894042968750000e+03
4.084137916564941406e+00,2.000000476837158203e-01,1.940920532226562500e+03
4.098032474517822266e+00,2.000000476837158203e-01,1.940947265625000000e+03
4.111266136169433594e+00,2.000000476837158203e-01,1.940974365234375000e+03
4.123829841613769531e+00,2.000000476837158203e-01,1.941001831054687500e+03
4.135716915130615234e+00,2.000000476837158203e-01,1.941029541015625000e+03
4.146919727325439453e+00,2.000000476837158203e-01,1.941057617187500000e+03
4.157431602478027344e+00,2.000000476837158203e-01,1.941085815429687500e+03
4.167246341705322266e+00,2.000000476837158203e-01,1.941114379882812500e+03
4.176358222961425781e+00,2.000000476837158203e-01,1.941143188476562500e+03
4.184761047363281250e+00,2.000000476837158203e-01,1.941172119140625000e+03
4.192450523376464844e+00,2.000000476837158203e-01,1.941201293945312500e+03
4.199421882629394531e+00,2.000000476837158203e-01,1.941230712890625000e+03
4.205670356750488281e+00,2.000000476837158203e-01,1.941260131835937500e+03
4.211193084716796875e+00,2.000000476837158203e-01,1.941289794921875000e+03
4.215985774993896484e+00,2.000000476837158203e-01,1.941319580078125000e+03
4.220046043395996094e+00,2.000000476837158203e-01,1.941349487304687500e+03
4.223371505737304688e+00,2.000000476837158203e-01,1.941379516601562500e+03
4.225960254669189453e+00,2.000000476837158203e-01,1.941409545898437500e+03
4.227809906005859375e+00,2.000000476837158203e-01,1.941439697265625000e+03
4.228920459747314453e+00,2.000000476837158203e-01,1.941469848632812500e+03
4.280757904052734375e+00,1.999999284744262695e-01,1.941500000000000000e+03
4.280372142791748047e+00,1.999999284744262695e-01,1.941531372070312500e+03
4.279214859008789062e+00,1.999999284744262695e-01,1.941562866210937500e+03
4.277287483215332031e+00,1.999999284744262695e-01,1.941594238281250000e+03
4.274590492248535156e+00,1.999999284744262695e-01,1.941625488281250000e+03
4.271125793457031250e+00,1.999999284744262695e-01,1.941656738281250000e+03
4.266895294189453125e+00,1.999999284744262695e-01,1.941687866210937500e+03
4.261901855468750000e+00,1.999999284744262695e-01,1.941718994140625000e+03
4.256148338317871094e+00,1.999999284744262695e-01,1.941749877929687500e+03
4.249638080596923828e+00,1.999999284744262695e-01,1.941780639648437500e+03
4.242375373840332031e+00,1.999999284744262695e-01,1.941811157226562500e+03
4.234363555908203125e+00,1.999999284744262695e-01,1.941841552734375000e+03
4.225608825683593750e+00,1.999999284744262695e-01,1.941871826171875000e+03
4.216115474700927734e+00,1.999999284744262695e-01,1.941901733398437500e+03
4.205889701843261719e+00,1.999999284744262695e-01,1.941931518554687500e+03
4.194937705993652344e+00,1.999999284744262695e-01,1.941960937500000000e+03
4.183265686035156250e+00,1.999999284744262695e-01,1.941990112304687500e+03
4.170881271362304688e+00,1.999999284744262695e-01,1.942019042968750000e+03
4.157791137695312500e+00,1.999999284744262695e-01,1.942047607421875000e+03
4.144003868103027344e+00,1.999999284744262695e-01,1.942075805664062500e+03
4.129527568817138672e+00,1.999999284744262695e-01,1.942103759765625000e+03
4.114370822906494141e+00,1.999999284744262695e-01,1.942131225585937500e+03
4.098542690277099609e+00,1.999999284744262695e-01,1.942158447265625000e+03
4.082052707672119141e+00,1.999999284744262695e-01,1.942185180664062500e+03
4.064910888671875000e+00,1.999999284744262695e-01,1.942211547851562500e+03
4.047128200531005859e+00,1.999999284744262695e-01,1.942237426757812500e+03
4.028714179992675781e+00,1.999999284744262695e-01,1.942262939453125000e+03
4.009680747985839844e+00,1.999999284744262695e-01,1.942287963867187500e+03
3.990039110183715820e+00,1.999999284744262695e-01,1.942312500000000000e+03
3.969801187515258789e+00,1.999999284744262695e-01,1.942336547851562500e+03
3.948978900909423828e+00,1.999999284744262695e-01,1.942360107421875000e+03
3.927585124969482422e+00,1.999999284744262695e-01,1.942383178710937500e+03
3.905632495880126953e+00,1.999999284744262695e-01,1.942405639648437500e+03
3.883134365081787109e+00,1.999999284744262695e-01,1.942427612304687500e+03
3.860104322433471680e+00,1.999999284744262695e-01,1.942448974609375000e+03
3.836556196212768555e+00,1.999999284744262695e-01,1.942469848632812500e+03
3.812504053115844727e+00,1.999999284744262695e-01,1.942489990234375000e+03
3.787962675094604492e+00,1.999999284744262695e-01,1.942509643554687500e+03
3.762946605682373047e+00,1.999999284744262695e-01,1.942528686523437500e+03
3.737470865249633789e+00,1.999999284744262695e-01,1.942547119140625000e+03
3.711550951004028320e+00,1.999999284744262695e-01,1.942564941406250000e+03
3.685202360153198242e+00,1.999999284744262695e-01,1.942582031250000000e+03
3.658441066741943359e+00,1.999999284744262695e-01,1.942598510742187500e+03
3.631283283233642578e+00,1.999999284744262695e-01,1.942614379882812500e+03
3.603744983673095703e+00,1.999999284744262695e-01,1.942629516601562500e+03
3.575843334197998047e+00,1.999999284744262695e-01,1.942644042968750000e+03
3.547594547271728516e+00,1.999999284744262695e-01,1.942657836914062500e+03
3.519016027450561523e+00,1.999999284744262695e-01,1.942670898437500000e+03
3.490124702453613281e+00,1.999999284744262695e-01,1.942683227539062500e+03
3.460938453674316406e+00,1.999999284744262695e-01,1.942694946289062500e+03
3.431474208831787109e+00,1.999999284744262695e-01,1.942705932617187500e+03
3.401750326156616211e+00,1.999999284744262695e-01,1.942716064453125000e+03
3.371784448623657227e+00,1.999999284744262695e-01,1.942725585937500000e+03
3.341594457626342773e+00,1.999999284744262695e-01,1.942734375000000000e+03
3.311198711395263672e+00,1.999999284744262695e-01,1.942742431640625000e+03
3.280615568161010742e+00,1.999999284744262695e-01,1.942749633789062500e+03
3.249863386154174805e+00,1.999999284744262695e-01,1.942756103515625000e+03
3.218960762023925781e+00,1.999999284744262695e-01,1.942761962890625000e+03
3.187926292419433594e+00,1.999999284744262695e-01,1.942766845703125000e+03
3.156778335571289062e+00,1.999999284744262695e-01,1.942771118164062500e+03
3.125536203384399414e+00,1.999999284744262695e-01,1.942774536132812500e+03
3.094218492507934570e+00,1.999999284744262695e-01,1.942777343750000000e+03
3.062843799591064453e+00,1.999999284744262695e-01,1.942779174804687500e+03
3.031431436538696289e+00,1.999999284744262695e-01,1.942780395507812500e+03
3.000000000000000000e+00,1.999999284744262695e-01,1.942780761718750000e+03
2.968568563461303711e+00,1.999999284744262695e-01,1.942780395507812500e+03
2.937156200408935547e+00,1.999999284744262695e-01,1.942779174804687500e+03
2.905781507492065430e+00,1.999999284744262695e-01,1.942777343750000000e+03
2.874463796615600586e+00,1.999999284744262695e-01,1.942774536132812500e+03
2.843221664428710938e+00,1.999999284744262695e-01,1.942771118164062500e+03
2.812073707580566406e+00,1.999999284744262695e-01,1.942766845703125000e+03
2.781039237976074219e+00,1.999999284744262695e-01,1.942761962890625000e+03
2.750136613845825195e+00,1.999999284744262695e-01,1.942756103515625000e+03
2.719384431838989258e+00,1.999999284744262695e-01,1.942749633789062500e+03
2.688801288604736328e+00,1.999999284744262695e-01,1.942742431640625000e+03
2.658405542373657227e+00,1.999999284744262695e-01,1.942734375000000000e+03
2.628215551376342773e+00,1.999999284744262695e-01,1.942725585937500000e+03
2.598249673843383789e+00,1.999999284744262695e-01,1.942716064453125000e+03
2.568525791168212891e+00,1.999999284744262695e-01,1.942705932617187500e+03
2.539061546325683594e+00,1.999999284744262695e-01,1.942694946289062500e+03
2.509875297546386719e+00,1.999999284744262695e-01,1.942683227539062500e+03
2.480983972549438477e+00,1.999999284744262695e-01,1.942670898437500000e+03
2.452405452728271484e+00,1.999999284744262695e-01,1.942657836914062500e+03
2.424156665802001953e+00,1.999999284744262695e-01,1.942644042968750000e+03
2.396255016326904297e+00,1.999999284744262695e-01,1.942629516601562500e+03
2.368716716766357422e+00,1.999999284744262695e-01,1.942614379882812500e+03
2.341558933258056641e+00,1.999999284744262695e-01,1.942598510742187500e+03
2.314797639846801758e+00,1.999999284744262695e-01,1.942582031250000000e+03
2.288449048995971680e+00,1.999999284744262695e-01,1.942564941406250000e+03
2.262529134750366211e+00,1.999999284744262695e-01,1.942547119140625000e+03
2.237053394317626953e+00,1.999999284744262695e-01,1.942528686523437500e+03
2.212037324905395508e+00,1.999999284744262695e-01,1.942509643554687500e+03
2.187495946884155273e+00,1.999999284744262695e-01,1.942489990234375000e+03
2.163443803787231445e+00,1.999999284744262695e-01,1.942469848632812500e+03
2.139895677566528320e+00,1.999999284744262695e-01,1.942448974609375000e+03
2.116865634918212891e+00,1.999999284744262695e-01,1.942427612304687500e+03
2.094367504119873047e+00,1.999999284744262695e-01,1.942405639648437500e+03
2.072414875030517578e+00,1.999999284744262695e-01,1.942383178710937500e+03
2.051021099090576172e+00,1.999999284744262695e-01,1.942360107421875000e+03
2.030198812484741211e+00,1.999999284744262695e-01,1.942336547851562500e+03
2.009960889816284180e+00,1.999999284744262695e-01,1.942312500000000000e+03
1.990319132804870605e+00,1.999999284744262695e-01,1.942287963867187500e+03
1.971285700798034668e+00,1.999999284744262695e-01,1.942262939453125000e+03
1.952871918678283691e+00,1.999999284744262695e-01,1.942237426757812500e+03
1.935088872909545898e+00,1.999999284744262695e-01,1.942211547851562500e+03
1.917947292327880859e+00,1.999999284744262695e-01,1.942185180664062500e+03
1.901457428932189941e+00,1.999999284744262695e-01,1.942158447265625000e+03
1.885629296302795410e+00,1.999999284744262695e-01,1.942131225585937500e+03
1.870472431182861328e+00,1.999999284744262695e-01,1.942103759765625000e+03
1.855996012687683105e+00,1.999999284744262695e-01,1.942075805664062500e+03
1.842208623886108398e+00,1.999999284744262695e-01,1.942047607421875000e+03
1.829118728637695312e+00,1.999999284744262695e-01,1.942019042968750000e+03
1.816734075546264648e+00,1.999999284744262695e-01,1.941990112304687500e+03
1.805062174797058105e+00,1.999999284744262695e-01,1.941960937500000000e+03
1.794110059738159180e+00,1.999999284744262695e-01,1.941931518554687500e+03
1.783884406089782715e+00,1.999999284744262695e-01,1.941901733398437500e+03
1.774391293525695801e+00,1.999999284744262695e-01,1.941871826171875000e+03
1.765636324882507324e+00,1.999999284744262695e-01,1.941841552734375000e+03
1.757624864578247070e+00,1.999999284744262695e-01,1.941811157226562500e+03
1.750361919403076172e+00,1.999999284744262695e-01,1.941780639648437500e+03
1.743851661682128906e+00,1.999999284744262695e-01,1.941749877929687500e+03
1.738098025321960449e+00,1.999999284744262695e-01,1.941718994140625000e+03
1.733104467391967773e+00,1.999999284744262695e-01,1.941687866210937500e+03
1.728874087333679199e+00,1.999999284744262695e-01,1.941656738281250000e+03
1.725409388542175293e+00,1.999999284744262695e-01,1.941625488281250000e+03
1.722712397575378418e+00,1.999999284744262695e-01,1.941594238281250000e+03
1.720784902572631836e+00,1.999999284744262695e-01,1.941562866210937500e+03
1.719627857208251953e+00,1.999999284744262695e-01,1.941531372070312500e+03
1.719242215156555176e+00,1.999999284744262695e-01,1.941500000000000000e+03
1.719627857208251953e+00,1.999999284744262695e-01,1.941468627929687500e+03
1.720784902572631836e+00,1.999999284744262695e-01,1.941437133789062500e+03
1.722712397575378418e+00,1.999999284744262695e-01,1.941405761718750000e+03
1.725409388542175293e+00,1.999999284744262695e-01,1.941374511718750000e+03
1.728874087333679199e+00,1.999999284744262695e-01,1.941343261718750000e+03
1.733104467391967773e+00,1.999999284744262695e-01,1.941312133789062500e+03
1.738098025321960449e+00,1.999999284744262695e-01,1.941281005859375000e+03
1.743851661682128906e+00,1.999999284744262695e-01,1.941250122070312500e+03
1.750361919403076172e+00,1.999999284744262695e-01,1.941219360351562500e+03
1.757624864578247070e+00,1.999999284744262695e-01,1.941188842773437500e+03
1.765636324882507324e+00,1.999999284744262695e-01,1.941158447265625000e+03
1.774391293525695801e+00,1.999999284744262695e-01,1.941128173828125000e+03
1.783884406089782715e+00,1.999999284744262695e-01,1.941098266601562500e+03
1.794110059738159180e+00,1.999999284744262695e-01,1.941068481445312500e+03
1.805062174797058105e+00,1.999999284744262695e-01,1.941039062500000000e+03
1.816734075546264648e+00,1.999999284744262695e-01,1.941009887695312500e+03
1.829118728637695312e+00,1.999999284744262695e-01,1.940980957031250000e+03
1.842208623886108398e+00,1.999999284744262695e-01,1.940952392578125000e+03
1.855996012687683105e+00,1.999999284744262695e-01,1.940924194335937500e+03
1.870472431182861328e+00,1.999999284744262695e-01,1.940896240234375000e+03
1.885629296302795410e+00,1.999999284744262695e-01,1.940868774414062500e+03
1.901457428932189941e+00,1.999999284744262695e-01,1.940841552734375000e+03
1.917947292327880859e+00,1.999999284744262695e-01,1.940814819335937500e+03
1.935088872909545898e+00,1.999999284744262695e-01,1.940788452148437500e+03
1.952871918678283691e+00,1.999999284744262695e-01,1.940762573242187500e+03
1.971285700798034668e+00,1.999999284744262695e-01,1.940737060546875000e+03
1.990319132804870605e+00,1.999999284744262695e-01,1.940712036132812500e+03
2.009960889816284180e+00,1.999999284744262695e-01,1.940687500000000000e+03
2.030198812484741211e+00,1.999999284744262695e-01,1.940663452148437500e+03
2.051021099090576172e+00,1.999999284744262695e-01,1.940639892578125000e+03
2.072414875030517578e+00,1.999999284744262695e-01,1.940616821289062500e+03
2.094367504119873047e+00,1.999999284744262695e-01,1.940594360351562500e+03
2.116865634918212891e+00,1.999999284744262695e-01,1.940572387695312500e+03
2.139895677566528320e+00,1.999999284744262695e-01,1.940551025390625000e+03
2.163443803787231445e+00,1.999999284744262695e-01,1.940530151367187500e+03
2.187495946884155273e+00,1.999999284744262695e-01,1.940510009765625000e+03
2.212037324905395508e+00,1.999999284744262695e-01,1.940490356445312500e+03
2.237053394317626953e+00,1.999999284744262695e-01,1.940471313476562500e+03
2.262529134750366211e+00,1.999999284744262695e-01,1.940452880859375000e+03
2.288449048995971680e+00,1.999999284744262695e-01,1.940435058593750000e+03
2.314797639846801758e+00,1.999999284744262695e-01,1.940417968750000000e+03
2.341558933258056641e+00,1.999999284744262695e-01,1.940401489257812500e+03
2.368716716766357422e+00,1.999999284744262695e-01,1.940385620117187500e+03
2.396255016326904297e+00,1.999999284744262695e-01,1.940370483398437500e+03
2.424156665802001953e+00,1.999999284744262695e-01,1.940355957031250000e+03
2.452405452728271484e+00,1.999999284744262695e-01,1.940342163085937500e+03
2.480983972549438477e+00,1.999999284744262695e-01,1.940329101562500000e+03
2.509875297546386719e+00,1.999999284744262695e-01,1.940316772460937500e+03
2.539061546325683594e+00,1.999999284744262695e-01,1.940305053710937500e+03
2.568525791168212891e+00,1.999999284744262695e-01,1.940294067382812500e+03
2.598249673843383789e+00,1.999999284744262695e-01,1.940283935546875000e+03
2.628215551376342773e+00,1.999999284744262695e-01,1.940274414062500000e+03
2.658405542373657227e+00,1.999999284744262695e-01,1.940265625000000000e+03
2.688801288604736328e+00,1.999999284744262695e-01,1.940257568359375000e+03
2.719384431838989258e+00,1.999999284744262695e-01,1.940250366210937500e+03
2.750136613845825195e+00,1.999999284744262695e-01,1.940243896484375000e+03
2.781039237976074219e+00,1.999999284744262695e-01,1.940238037109375000e+03
2.812073707580566406e+00,1.999999284744262695e-01,1.940233154296875000e+03
2.843221664428710938e+00,1.999999284744262695e-01,1.940228881835937500e+03
2.874463796615600586e+00,1.999999284744262695e-01,1.940225463867187500e+03
2.905781507492065430e+00,1.999999284744262695e-01,1.940222656250000000e+03
2.937156200408935547e+00,1.999999284744262695e-01,1.940220825195312500e+03
2.968568563461303711e+00,1.999999284744262695e-01,1.940219604492187500e+03
3.000000000000000000e+00,1.999999284744262695e-01,1.940219238281250000e+03
3.031431436538696289e+00,1.999999284744262695e-01,1.940219604492187500e+03
3.062843799591064453e+00,1.999999284744262695e-01,1.940220825195312500e+03
3.094218492507934570e+00,1.999999284744262695e-01,1.940222656250000000e+03
3.125536203384399414e+00,1.999999284744262695e-01,1.940225463867187500e+03
3.156778335571289062e+00,1.999999284744262695e-01,1.940228881835937500e+03
3.187926292419433594e+00,1.999999284744262695e-01,1.940233154296875000e+03
3.218960762023925781e+00,1.999999284744262695e-01,1.940238037109375000e+03
3.249863386154174805e+00,1.999999284744262695e-01,1.940243896484375000e+03
3.280615568161010742e+00,1.999999284744262695e-01,1.940250366210937500e+03
3.311198711395263672e+00,1.999999284744262695e-01,1.940257568359375000e+03
3.341594457626342773e+00,1.999999284744262695e-01,1.940265625000000000e+03
3.371784448623657227e+00,1.999999284744262695e-01,1.940274414062500000e+03
3.401750326156616211e+00,1.999999284744262695e-01,1.940283935546875000e+03
3.431474208831787109e+00,1.999999284744262695e-01,1.940294067382812500e+03
3.460938453674316406e+00,1.999999284744262695e-01,1.940305053710937500e+03
3.490124702453613281e+00,1.999999284744262695e-01,1.940316772460937500e+03
3.519016027450561523e+00,1.999999284744262695e-01,1.940329101562500000e+03
3.547594547271728516e+00,1.999999284744262695e-01,1.940342163085937500e+03
3.575843334197998047e+00,1.999999284744262695e-01,1.940355957031250000e+03
3.603744983673095703e+00,1.999999284744262695e-01,1.940370483398437500e+03
3.631283283233642578e+00,1.999999284744262695e-01,1.940385620117187500e+03
3.658441066741943359e+00,1.999999284744262695e-01,1.940401489257812500e+03
3.685202360153198242e+00,1.999999284744262695e-01,1.940417968750000000e+03
3.711550951004028320e+00,1.999999284744262695e-01,1.940435058593750000e+03
3.737470865249633789e+00,1.999999284744262695e-01,1.940452880859375000e+03
3.762946605682373047e+00,1.999999284744262695e-01,1.940471313476562500e+03
3.787962675094604492e+00,1.999999284744262695e-01,1.940490356445312500e+03
3.812504053115844727e+00,1.999999284744262695e-01,1.940510009765625000e+03
3.836556196212768555e+00,1.999999284744262695e-01,1.940530151367187500e+03
3.860104322433471680e+00,1.999999284744262695e-01,1.940551025390625000e+03
3.883134365081787109e+00,1.999999284744262695e-01,1.940572387695312500e+03
3.905632495880126953e+00,1.999999284744262695e-01,1.940594360351562500e+03
3.927585124969482422e+00,1.999999284744262695e-01,1.940616821289062500e+03
3.948978900909423828e+00,1.999999284744262695e-01,1.940639892578125000e+03
3.969801187515258789e+00,1.999999284744262695e-01,1.940663452148437500e+03
3.990039110183715820e+00,1.999999284744262695e-01,1.940687500000000000e+03
4.009680747985839844e+00,1.999999284744262695e-01,1.940712036132812500e+03
4.028714179992675781e+00,1.999999284744262695e-01,1.940737060546875000e+03
4.047128200531005859e+00,1.999999284744262695e-01,1.940762573242187500e+03
4.064910888671875000e+00,1.999999284744262695e-01,1.940788452148437500e+03
4.082052707672119141e+00,1.999999284744262695e-01,1.940814819335937500e+03
4.098542690277099609e+00,1.999999284744262695e-01,1.940841552734375000e+03
4.114370822906494141e+00,1.999999284744262695e-01,1.940868774414062500e+03
4.129527568817138672e+00,1.999999284744262695e-01,1.940896240234375000e+03
4.144003868103027344e+00,1.999999284744262695e-01,1.940924194335937500e+03
4.157791137695312500e+00,1.999999284744262695e-01,1.940952392578125000e+03
4.170881271362304688e+00,1.999999284744262695e-01,1.940980957031250000e+03
4.183265686035156250e+00,1.999999284744262695e-01,1.941009887695312500e+03
4.194937705993652344e+00,1.999999284744262695e-01,1.941039062500000000e+03
4.205889701843261719e+00,1.999999284744262695e-01,1.941068481445312500e+03
4.216115474700927734e+00,1.999999284744262695e-01,1.941098266601562500e+03
4.225608825683593750e+00,1.999999284744262695e-01,1.941128173828125000e+03
4.234363555908203125e+00,1.999999284744262695e-01,1.941158447265625000e+03
4.242375373840332031e+00,1.999999284744262695e-01,1.941188842773437500e+03
4.249638080596923828e+00,1.999999284744262695e-01,1.941219360351562500e+03
4.256148338317871094e+00,1.999999284744262695e-01,1.941250122070312500e+03
4.261901855468750000e+00,1.999999284744262695e-01,1.941281005859375000e+03
4.266895294189453125e+00,1.999999284744262695e-01,1.941312133789062500e+03
4.271125793457031250e+00,1.999999284744262695e-01,1.941343261718750000e+03
4.274590492248535156e+00,1.999999284744262695e-01,1.941374511718750000e+03
4.277287483215332031e+00,1.999999284744262695e-01,1.941405761718750000e+03
4.279214859008789062e+00,1.999999284744262695e-01,1.941437133789062500e+03
4.280372142791748047e+00,1.999999284744262695e-01,1.941468627929687500e+03
4.333653450012207031e+00,2.000000476837158203e-01,1.941500000000000000e+03
4.333251953125000000e+00,2.000000476837158203e-01,1.941532714843750000e+03
4.332046985626220703e+00,2.000000476837158203e-01,1.941565429687500000e+03
4.330039501190185547e+00,2.000000476837158203e-01,1.941598144531250000e+03
4.327231407165527344e+00,2.000000476837158203e-01,1.941630737304687500e+03
4.323623657226562500e+00,2.000000476837158203e-01,1.941663208007812500e+03
4.319218635559082031e+00,2.000000476837158203e-01,1.941695678710937500e+03
4.314018726348876953e+00,2.000000476837158203e-01,1.941728027343750000e+03
4.308027267456054688e+00,2.000000476837158203e-01,1.941760131835937500e+03
4.301248550415039062e+00,2.000000476837158203e-01,1.941792236328125000e+03
4.293685436248779297e+00,2.000000476837158203e-01,1.941824096679687500e+03
4.285343170166015625e+00,2.000000476837158203e-01,1.941855712890625000e+03
4.276226520538330078e+00,2.000000476837158203e-01,1.941887084960937500e+03
4.266341209411621094e+00,2.000000476837158203e-01,1.941918334960937500e+03
4.255693435668945312e+00,2.000000476837158203e-01,1.941949340820312500e+03
4.244288921356201172e+00,2.000000476837158203e-01,1.941979980468750000e+03
4.232134819030761719e+00,2.000000476837158203e-01,1.942010375976562500e+03
4.219238758087158203e+00,2.000000476837158203e-01,1.942040405273437500e+03
4.205608367919921875e+00,2.000000476837158203e-01,1.942070190429687500e+03
4.191251754760742188e+00,2.000000476837158203e-01,1.942099609375000000e+03
4.176177024841308594e+00,2.000000476837158203e-01,1.942128662109375000e+03
4.160394668579101562e+00,2.000000476837158203e-01,1.942157348632812500e+03
4.143912315368652344e+00,2.000000476837158203e-01,1.942185668945312500e+03
4.126741886138916016e+00,2.000000476837158203e-01,1.942213500976562500e+03
4.108892440795898438e+00,2.000000476837158203e-01,1.942240966796875000e+03
4.090374946594238281e+00,2.000000476837158203e-01,1.942267944335937500e+03
4.071200370788574219e+00,2.000000476837158203e-01,1.942294433593750000e+03
4.051381111145019531e+00,2.000000476837158203e-01,1.942320556640625000e+03
4.030927658081054688e+00,2.000000476837158203e-01,1.942346069335937500e+03
4.009854316711425781e+00,2.000000476837158203e-01,1.942371093750000000e+03
3.988171815872192383e+00,2.000000476837158203e-01,1.942395629882812500e+03
3.965894460678100586e+00,2.000000476837158203e-01,1.942419555664062500e+03
3.943035364151000977e+00,2.000000476837158203e-01,1.942442993164062500e+03
3.919608116149902344e+00,2.000000476837158203e-01,1.942465942382812500e+03
3.895626783370971680e+00,2.000000476837158203e-01,1.942488159179687500e+03
3.871106147766113281e+00,2.000000476837158203e-01,1.942509887695312500e+03
3.846060752868652344e+00,2.000000476837158203e-01,1.942530883789062500e+03
3.820505619049072266e+00,2.000000476837158203e-01,1.942551391601562500e+03
3.794456481933593750e+00,2.000000476837158203e-01,1.942571166992187500e+03
3.767928600311279297e+00,2.000000476837158203e-01,1.942590332031250000e+03
3.740938186645507812e+00,2.000000476837158203e-01,1.942608886718750000e+03
3.713501453399658203e+00,2.000000476837158203e-01,1.942626708984375000e+03
3.685634851455688477e+00,2.000000476837158203e-01,1.942643920898437500e+03
3.657355308532714844e+00,2.000000476837158203e-01,1.942660400390625000e+03
3.628679752349853516e+00,2.000000476837158203e-01,1.942676147460937500e+03
3.599625587463378906e+00,2.000000476837158203e-01,1.942691284179687500e+03
3.570210218429565430e+00,2.000000476837158203e-01,1.942705566406250000e+03
3.540451526641845703e+00,2.000000476837158203e-01,1.942719238281250000e+03
3.510366916656494141e+00,2.000000476837158203e-01,1.942732177734375000e+03
3.479975223541259766e+00,2.000000476837158203e-01,1.942744262695312500e+03
3.449294328689575195e+00,2.000000476837158203e-01,1.942755737304687500e+03
3.418342590332031250e+00,2.000000476837158203e-01,1.942766357421875000e+03
3.387139081954956055e+00,2.000000476837158203e-01,1.942776245117187500e+03
3.355702400207519531e+00,2.000000476837158203e-01,1.942785400390625000e+03
3.324051380157470703e+00,2.000000476837158203e-01,1.942793701171875000e+03
3.292205095291137695e+00,2.000000476837158203e-01,1.942801269531250000e+03
3.260182857513427734e+00,2.000000476837158203e-01,1.942807983398437500e+03
3.228003978729248047e+00,2.000000476837158203e-01,1.942813964843750000e+03
3.195687532424926758e+00,2.000000476837158203e-01,1.942819213867187500e+03
3.163253307342529297e+00,2.000000476837158203e-01,1.942823608398437500e+03
3.130720853805541992e+00,2.000000476837158203e-01,1.942827270507812500e+03
3.098109722137451172e+00,2.000000476837158203e-01,1.942830078125000000e+03
3.065439224243164062e+00,2.000000476837158203e-01,1.942832031250000000e+03
3.032729387283325195e+00,2.000000476837158203e-01,1.942833251953125000e+03
3.000000000000000000e+00,2.000000476837158203e-01,1.942833618164062500e+03
2.967270612716674805e+00,2.000000476837158203e-01,1.942833251953125000e+03
2.934560775756835938e+00,2.000000476837158203e-01,1.942832031250000000e+03
2.901890277862548828e+00,2.000000476837158203e-01,1.942830078125000000e+03
2.869279146194458008e+00,2.000000476837158203e-01,1.942827270507812500e+03
2.836746692657470703e+00,2.000000476837158203e-01,1.942823608398437500e+03
2.804312467575073242e+00,2.000000476837158203e-01,1.942819213867187500e+03
2.771996021270751953e+00,2.000000476837158203e-01,1.942813964843750000e+03
2.739817142486572266e+00,2.000000476837158203e-01,1.942807983398437500e+03
2.707794904708862305e+00,2.000000476837158203e-01,1.942801269531250000e+03
2.675948619842529297e+00,2.000000476837158203e-01,1.942793701171875000e+03
2.644297599792480469e+00,2.000000476837158203e-01,1.942785400390625000e+03
2.612860918045043945e+00,2.000000476837158203e-01,1.942776245117187500e+03
2.581657409667968750e+00,2.000000476837158203e-01,1.942766357421875000e+03
2.550705671310424805e+00,2.000000476837158203e-01,1.942755737304687500e+03
2.520024776458740234e+00,2.000000476837158203e-01,1.942744262695312500e+03
2.489633083343505859e+00,2.000000476837158203e-01,1.942732177734375000e+03
2.459548473358154297e+00,2.000000476837158203e-01,1.942719238281250000e+03
2.429789781570434570e+00,2.000000476837158203e-01,1.942705566406250000e+03
2.400374412536621094e+00,2.000000476837158203e-01,1.942691284179687500e+03
2.371320247650146484e+00,2.000000476837158203e-01,1.942676147460937500e+03
2.342644691467285156e+00,2.000000476837158203e-01,1.942660400390625000e+03
2.314365148544311523e+00,2.000000476837158203e-01,1.942643920898437500e+03
2.286498546600341797e+00,2.000000476837158203e-01,1.942626708984375000e+03
2.259061813354492188e+00,2.000000476837158203e-01,1.942608886718750000e+03
2.232071399688720703e+00,2.000000476837158203e-01,1.942590332031250000e+03
2.205543518066406250e+00,2.000000476837158203e-01,1.942571166992187500e+03
2.179494380950927734e+00,2.000000476837158203e-01,1.942551391601562500e+03
2.153939247131347656e+00,2.000000476837158203e-01,1.942530883789062500e+03
2.128893852233886719e+00,2.000000476837158203e-01,1.942509887695312500e+03
2.104373216629028320e+00,2.000000476837158203e-01,1.942488159179687500e+03
2.080391883850097656e+00,2.000000476837158203e-01,1.942465942382812500e+03
2.056964635848999023e+00,2.000000476837158203e-01,1.942442993164062500e+03
2.034105539321899414e+00,2.000000476837158203e-01,1.942419555664062500e+03
2.011828184127807617e+00,2.000000476837158203e-01,1.942395629882812500e+03
1.990145921707153320e+00,2.000000476837158203e-01,1.942371093750000000e+03
1.969072103500366211e+00,2.000000476837158203e-01,1.942346069335937500e+03
1.948619127273559570e+00,2.000000476837158203e-01,1.942320556640625000e+03
1.928799629211425781e+00,2.000000476837158203e-01,1.942294433593750000e+03
1.909625291824340820e+00,2.000000476837158203e-01,1.942267944335937500e+03
1.891107797622680664e+00,2.000000476837158203e-01,1.942240966796875000e+03
1.873258233070373535e+00,2.000000476837158203e-01,1.942213500976562500e+03
1.856087446212768555e+00,2.000000476837158203e-01,1.942185668945312500e+03
1.839605569839477539e+00,2.000000476837158203e-01,1.942157348632812500e+03
1.823822736740112305e+00,2.000000476837158203e-01,1.942128662109375000e+03
1.808748364448547363e+00,2.000000476837158203e-01,1.942099609375000000e+03
1.794391751289367676e+00,2.000000476837158203e-01,1.942070190429687500e+03
1.780761122703552246e+00,2.000000476837158203e-01,1.942040405273437500e+03
1.767865061759948730e+00,2.000000476837158203e-01,1.942010375976562500e+03
1.755710959434509277e+00,2.000000476837158203e-01,1.941979980468750000e+03
1.744306683540344238e+00,2.000000476837158203e-01,1.941949340820312500e+03
1.733658552169799805e+00,2.000000476837158203e-01,1.941918334960937500e+03
1.723773360252380371e+00,2.000000476837158203e-01,1.941887084960937500e+03
1.714656829833984375e+00,2.000000476837158203e-01,1.941855712890625000e+03
1.706314563751220703e+00,2.000000476837158203e-01,1.941824096679687500e+03
1.698751688003540039e+00,2.000000476837158203e-01,1.941792236328125000e+03
1.691972494125366211e+00,2.000000476837158203e-01,1.941760131835937500e+03
1.685981154441833496e+00,2.000000476837158203e-01,1.941728027343750000e+03
1.680781483650207520e+00,2.000000476837158203e-01,1.941695678710937500e+03
1.676376342773437500e+00,2.000000476837158203e-01,1.941663208007812500e+03
1.672768592834472656e+00,2.000000476837158203e-01,1.941630737304687500e+03
1.669960379600524902e+00,2.000000476837158203e-01,1.941598144531250000e+03
1.667953133583068848e+00,2.000000476837158203e-01,1.941565429687500000e+03
1.666748285293579102e+00,2.000000476837158203e-01,1.941532714843750000e+03
1.666346669197082520e+00,2.000000476837158203e-01,1.941500000000000000e+03
1.666748285293579102e+00,2.000000476837158203e-01,1.941467285156250000e+03
1.667953133583068848e+00,2.000000476837158203e-01,1.941434570312500000e+03
1.669960379600524902e+00,2.000000476837158203e-01,1.941401855468750000e+03
1.672768592834472656e+00,2.000000476837158203e-01,1.941369262695312500e+03
1.676376342773437500e+00,2.000000476837158203e-01,1.941336791992187500e+03
1.680781483650207520e+00,2.000000476837158203e-01,1.941304321289062500e+03
1.685981154441833496e+00,2.000000476837158203e-01,1.941271972656250000e+03
1.691972494125366211e+00,2.000000476837158203e-01,1.941239868164062500e+03
1.698751688003540039e+00,2.000000476837158203e-01,1.941207763671875000e+03
1.706314563751220703e+00,2.000000476837158203e-01,1.941175903320312500e+03
1.714656829833984375e+00,2.000000476837158203e-01,1.941144287109375000e+03
1.723773360252380371e+00,2.000000476837158203e-01,1.941112915039062500e+03
1.733658552169799805e+00,2.000000476837158203e-01,1.941081665039062500e+03
1.744306683540344238e+00,2.000000476837158203e-01,1.941050659179687500e+03
1.755710959434509277e+00,2.000000476837158203e-01,1.941020019531250000e+03
1.767865061759948730e+00,2.000000476837158203e-01,1.940989624023437500e+03
1.780761122703552246e+00,2.000000476837158203e-01,1.940959594726562500e+03
1.794391751289367676e+00,2.000000476837158203e-01,1.940929809570312500e+03
1.808748364448547363e+00,2.000000476837158203e-01,1.940900390625000000e+03
1.823822736740112305e+00,2.000000476837158203e-01,1.940871337890625000e+03
1.839605569839477539e+00,2.000000476837158203e-01,1.940842651367187500e+03
1.856087446212768555e+00,2.000000476837158203e-01,1.940814331054687500e+03
1.873258233070373535e+00,2.000000476837158203e-01,1.940786499023437500e+03
1.891107797622680664e+00,2.000000476837158203e-01,1.940759033203125000e+03
1.909625291824340820e+00,2.000000476837158203e-01,1.940732055664062500e+03
1.928799629211425781e+00,2.000000476837158203e-01,1.940705566406250000e+03
1.948619127273559570e+00,2.000000476837158203e-01,1.940679443359375000e+03
1.969072103500366211e+00,2.000000476837158203e-01,1.940653930664062500e+03
1.990145921707153320e+00,2.000000476837158203e-01,1.940628906250000000e+03
2.011828184127807617e+00,2.000000476837158203e-01,1.940604370117187500e+03
2.034105539321899414e+00,2.000000476837158203e-01,1.940580444335937500e+03
2.056964635848999023e+00,2.000000476837158203e-01,1.940557006835937500e+03
2.080391883850097656e+00,2.000000476837158203e-01,1.940534057617187500e+03
2.104373216629028320e+00,2.000000476837158203e-01,1.940511840820312500e+03
2.128893852233886719e+00,2.000000476837158203e-01,1.940490112304687500e+03
2.153939247131347656e+00,2.000000476837158203e-01,1.940469116210937500e+03
2.179494380950927734e+00,2.000000476837158203e-01,1.940448608398437500e+03
2.205543518066406250e+00,2.000000476837158203e-01,1.940428833007812500e+03
2.232071399688720703e+00,2.000000476837158203e-01,1.940409667968750000e+03
2.259061813354492188e+00,2.000000476837158203e-01,1.940391113281250000e+03
2.286498546600341797e+00,2.000000476837158203e-01,1.940373291015625000e+03
2.314365148544311523e+00,2.000000476837158203e-01,1.940356079101562500e+03
2.342644691467285156e+00,2.000000476837158203e-01,1.940339599609375000e+03
2.371320247650146484e+00,2.000000476837158203e-01,1.940323852539062500e+03
2.400374412536621094e+00,2.000000476837158203e-01,1.940308715820312500e+03
2.429789781570434570e+00,2.000000476837158203e-01,1.940294433593750000e+03
2.459548473358154297e+00,2.000000476837158203e-01,1.940280761718750000e+03
2.489633083343505859e+00,2.000000476837158203e-01,1.940267822265625000e+03
2.520024776458740234e+00,2.000000476837158203e-01,1.940255737304687500e+03
2.550705671310424805e+00,2.000000476837158203e-01,1.940244262695312500e+03
2.581657409667968750e+00,2.000000476837158203e-01,1.940233642578125000e+03
2.612860918045043945e+00,2.000000476837158203e-01,1.940223754882812500e+03
2.644297599792480469e+00,2.000000476837158203e-01,1.940214599609375000e+03
2.675948619842529297e+00,2.000000476837158203e-01,1.940206298828125000e+03
2.707794904708862305e+00,2.000000476837158203e-01,1.940198730468750000e+03
2.739817142486572266e+00,2.000000476837158203e-01,1.940192016601562500e+03
2.771996021270751953e+00,2.000000476837158203e-01,1.940186035156250000e+03
2.804312467575073242e+00,2.000000476837158203e-01,1.940180786132812500e+03
2.836746692657470703e+00,2.000000476837158203e-01,1.940176391601562500e+03
2.869279146194458008e+00,2.000000476837158203e-01,1.940172729492187500e+03
2.901890277862548828e+00,2.000000476837158203e-01,1.940169921875000000e+03
2.934560775756835938e+00,2.000000476837158203e-01,1.940167968750000000e+03
2.967270612716674805e+00,2.000000476837158203e-01,1.940166748046875000e+03
3.000000000000000000e+00,2.000000476837158203e-01,1.940166381835937500e+03
3.032729387283325195e+00,2.000000476837158203e-01,1.940166748046875000e+03
3.065439224243164062e+00,2.000000476837158203e-01,1.940167968750000000e+03
3.098109722137451172e+00,2.000000476837158203e-01,1.940169921875000000e+03
3.130720853805541992e+00,2.000000476837158203e-01,1.940172729492187500e+03
3.163253307342529297e+00,2.000000476837158203e-01,1.940176391601562500e+03
3.195687532424926758e+00,2.000000476837158203e-01,1.940180786132812500e+03
3.228003978729248047e+00,2.000000476837158203e-01,1.940186035156250000e+03
3.260182857513427734e+00,2.000000476837158203e-01,1.940192016601562500e+03
3.292205095291137695e+00,2.000000476837158203e-01,1.940198730468750000e+03
3.324051380157470703e+00,2.000000476837158203e-01,1.940206298828125000e+03
3.355702400207519531e+00,2.000000476837158203e-01,1.940214599609375000e+03
3.387139081954956055e+00,2.000000476837158203e-01,1.940223754882812500e+03
3.418342590332031250e+00,2.000000476837158203e-01,1.940233642578125000e+03
3.449294328689575195e+00,2.000000476837158203e-01,1.940244262695312500e+03
3.479975223541259766e+00,2.000000476837158203e-01,1.940255737304687500e+03
3.510366916656494141e+00,2.000000476837158203e-01,1.940267822265625000e+03
3.540451526641845703e+00,2.000000476837158203e-01,1.940280761718750000e+03
3.570210218429565430e+00,2.000000476837158203e-01,1.940294433593750000e+03
3.599625587463378906e+00,2.000000476837158203e-01,1.940308715820312500e+03
3.628679752349853516e+00,2.000000476837158203e-01,1.940323852539062500e+03
3.657355308532714844e+00,2.000000476837158203e-01,1.940339599609375000e+03
3.685634851455688477e+00,2.000000476837158203e-01,1.940356079101562500e+03
3.713501453399658203e+00,2.000000476837158203e-01,1.940373291015625000e+03
3.740938186645507812e+00,2.000000476837158203e-01,1.940391113281250000e+03
3.767928600311279297e+00,2.000000476837158203e-01,1.940409667968750000e+03
3.794456481933593750e+00,2.000000476837158203e-01,1.940428833007812500e+03
3.820505619049072266e+00,2.000000476837158203e-01,1.940448608398437500e+03
3.846060752868652344e+00,2.000000476837158203e-01,1.940469116210937500e+03
3.871106147766113281e+00,2.000000476837158203e-01,1.940490112304687500e+03
3.895626783370971680e+00,2.000000476837158203e-01,1.940511840820312500e+03
3.919608116149902344e+00,2.000000476837158203e-01,1.940534057617187500e+03
3.943035364151000977e+00,2.000000476837158203e-01,1.940557006835937500e+03
3.965894460678100586e+00,2.000000476837158203e-01,1.940580444335937500e+03
3.988171815872192383e+00,2.000000476837158203e-01,1.940604370117187500e+03
4.009854316711425781e+00,2.000000476837158203e-01,1.940628906250000000e+03
4.030927658081054688e+00,2.000000476837158203e-01,1.940653930664062500e+03
4.051381111145019531e+00,2.000000476837158203e-01,1.940679443359375000e+03
4.071200370788574219e+00,2.000000476837158203e-01,1.940705566406250000e+03
4.090374946594238281e+00,2.000000476837158203e-01,1.940732055664062500e+03
4.108892440795898438e+00,2.000000476837158203e-01,1.940759033203125000e+03
4.126741886138916016e+00,2.000000476837158203e-01,1.940786499023437500e+03
4.143912315368652344e+00,2.000000476837158203e-01,1.940814331054687500e+03
4.160394668579101562e+00,2.000000476837158203e-01,1.940842651367187500e+03
4.176177024841308594e+00,2.000000476837158203e-01,1.940871337890625000e+03
4.191251754760742188e+00,2.000000476837158203e-01,1.940900390625000000e+03
4.205608367919921875e+00,2.000000476837158203e-01,1.940929809570312500e+03
4.219238758087158203e+00,2.000000476837158203e-01,1.940959594726562500e+03
4.232134819030761719e+00,2.000000476837158203e-01,1.940989624023437500e+03
4.244288921356201172e+00,2.000000476837158203e-01,1.941020019531250000e+03
4.255693435668945312e+00,2.000000476837158203e-01,1.941050659179687500e+03
4.266341209411621094e+00,2.000000476837158203e-01,1.941081665039062500e+03
4.276226520538330078e+00,2.000000476837158203e-01,1.941112915039062500e+03
4.285343170166015625e+00,2.000000476837158203e-01,1.941144287109375000e+03
4.293685436248779297e+00,2.000000476837158203e-01,1.941175903320312500e+03
4.301248550415039062e+00,2.000000476837158203e-01,1.941207763671875000e+03
4.308027267456054688e+00,2.000000476837158203e-01,1.941239868164062500e+03
4.314018726348876953e+00,2.000000476837158203e-01,1.941271972656250000e+03
4.319218635559082031e+00,2.000000476837158203e-01,1.941304321289062500e+03
4.323623657226562500e+00,2.000000476837158203e-01,1.941336791992187500e+03
4.327231407165527344e+00,2.000000476837158203e-01,1.941369262695312500e+03
4.330039501190185547e+00,2.000000476837158203e-01,1.941401855468750000e+03
4.332046985626220703e+00,2.000000476837158203e-01,1.941434570312500000e+03
4.333251953125000000e+00,2.000000476837158203e-01,1.941467285156250000e+03
4.388079166412353516e+00,2.000000476837158203e-01,1.941500000000000000e+03
4.387660980224609375e+00,2.000000476837158203e-01,1.941534057617187500e+03
4.386406898498535156e+00,2.000000476837158203e-01,1.941568115234375000e+03
4.384317874908447266e+00,2.000000476837158203e-01,1.941602172851562500e+03
4.381394863128662109e+00,2.000000476837158203e-01,1.941636108398437500e+03
4.377640247344970703e+00,2.000000476837158203e-01,1.941669921875000000e+03
4.373054981231689453e+00,2.000000476837158203e-01,1.941703613281250000e+03
4.367643356323242188e+00,2.000000476837158203e-01,1.941737304687500000e+03
4.361407279968261719e+00,2.000000476837158203e-01,1.941770751953125000e+03
4.354351520538330078e+00,2.000000476837158203e-01,1.941804077148437500e+03
4.346479892730712891e+00,2.000000476837158203e-01,1.941837280273437500e+03
4.337797164916992188e+00,2.000000476837158203e-01,1.941870239257812500e+03
4.328309059143066406e+00,2.000000476837158203e-01,1.941902954101562500e+03
4.318019866943359375e+00,2.000000476837158203e-01,1.941935424804687500e+03
4.306937694549560547e+00,2.000000476837158203e-01,1.941967651367187500e+03
4.295067787170410156e+00,2.000000476837158203e-01,1.941999511718750000e+03
4.282417774200439453e+00,2.000000476837158203e-01,1.942031250000000000e+03
4.268995285034179688e+00,2.000000476837158203e-01,1.942062500000000000e+03
4.254808425903320312e+00,2.000000476837158203e-01,1.942093505859375000e+03
4.239865779876708984e+00,2.000000476837158203e-01,1.942124145507812500e+03
4.224176406860351562e+00,2.000000476837158203e-01,1.942154296875000000e+03
4.207749366760253906e+00,2.000000476837158203e-01,1.942184204101562500e+03
4.190595149993896484e+00,2.000000476837158203e-01,1.942213623046875000e+03
4.172723770141601562e+00,2.000000476837158203e-01,1.942242675781250000e+03
4.154145240783691406e+00,2.000000476837158203e-01,1.942271118164062500e+03
4.134872436523437500e+00,2.000000476837158203e-01,1.942299316406250000e+03
4.114915847778320312e+00,2.000000476837158203e-01,1.942326904296875000e+03
4.094286918640136719e+00,2.000000476837158203e-01,1.942354003906250000e+03
4.072999477386474609e+00,2.000000476837158203e-01,1.942380615234375000e+03
4.051065921783447266e+00,2.000000476837158203e-01,1.942406616210937500e+03
4.028498649597167969e+00,2.000000476837158203e-01,1.942432128906250000e+03
4.005311965942382812e+00,2.000000476837158203e-01,1.942457153320312500e+03
3.981520175933837891e+00,2.000000476837158203e-01,1.942481567382812500e+03
3.957136869430541992e+00,2.000000476837158203e-01,1.942505371093750000e+03
3.932176828384399414e+00,2.000000476837158203e-01,1.942528442382812500e+03
3.906655550003051758e+00,2.000000476837158203e-01,1.942551025390625000e+03
3.880588054656982422e+00,2.000000476837158203e-01,1.942572998046875000e+03
3.853990077972412109e+00,2.000000476837158203e-01,1.942594238281250000e+03
3.826877593994140625e+00,2.000000476837158203e-01,1.942614868164062500e+03
3.799267292022705078e+00,2.000000476837158203e-01,1.942634887695312500e+03
3.771175384521484375e+00,2.000000476837158203e-01,1.942654174804687500e+03
3.742619037628173828e+00,2.000000476837158203e-01,1.942672729492187500e+03
3.713615179061889648e+00,2.000000476837158203e-01,1.942690551757812500e+03
3.684181690216064453e+00,2.000000476837158203e-01,1.942707763671875000e+03
3.654335975646972656e+00,2.000000476837158203e-01,1.942724121093750000e+03
3.624096155166625977e+00,2.000000476837158203e-01,1.942739868164062500e+03
3.593480110168457031e+00,2.000000476837158203e-01,1.942754760742187500e+03
3.562506914138793945e+00,2.000000476837158203e-01,1.942769042968750000e+03
3.531194925308227539e+00,2.000000476837158203e-01,1.942782470703125000e+03
3.499562740325927734e+00,2.000000476837158203e-01,1.942795043945312500e+03
3.467629671096801758e+00,2.000000476837158203e-01,1.942806884765625000e+03
3.435415029525756836e+00,2.000000476837158203e-01,1.942817993164062500e+03
3.402938127517700195e+00,2.000000476837158203e-01,1.942828369140625000e+03
3.370218276977539062e+00,2.000000476837158203e-01,1.942837768554687500e+03
3.337275743484497070e+00,2.000000476837158203e-01,1.942846435546875000e+03
3.304129838943481445e+00,2.000000476837158203e-01,1.942854370117187500e+03
3.270800828933715820e+00,2.000000476837158203e-01,1.942861450195312500e+03
3.237308502197265625e+00,2.000000476837158203e-01,1.942867675781250000e+03
3.203673601150512695e+00,2.000000476837158203e-01,1.942873046875000000e+03
3.169915676116943359e+00,2.000000476837158203e-01,1.942877685546875000e+03
3.136055469512939453e+00,2.000000476837158203e-01,1.942881347656250000e+03
3.102113485336303711e+00,2.000000476837158203e-01,1.942884277343750000e+03
3.068109750747680664e+00,2.000000476837158203e-01,1.942886352539062500e+03
3.034065246582031250e+00,2.000000476837158203e-01,1.942887695312500000e+03
3.000000000000000000e+00,2.000000476837158203e-01,1.942888061523437500e+03
2.965934753417968750e+00,2.000000476837158203e-01,1.942887695312500000e+03
2.931890249252319336e+00,2.000000476837158203e-01,1.942886352539062500e+03
2.897886514663696289e+00,2.000000476837158203e-01,1.942884277343750000e+03
2.863944530487060547e+00,2.000000476837158203e-01,1.942881347656250000e+03
2.830084323883056641e+00,2.000000476837158203e-01,1.942877685546875000e+03
2.796326398849487305e+00,2.000000476837158203e-01,1.942873046875000000e+03
2.762691497802734375e+00,2.000000476837158203e-01,1.942867675781250000e+03
2.729199171066284180e+00,2.000000476837158203e-01,1.942861450195312500e+03
2.695870161056518555e+00,2.000000476837158203e-01,1.942854370117187500e+03
2.662724256515502930e+00,2.000000476837158203e-01,1.942846435546875000e+03
2.629781723022460938e+00,2.000000476837158203e-01,1.942837768554687500e+03
2.597061872482299805e+00,2.000000476837158203e-01,1.942828369140625000e+03
2.564584970474243164e+00,2.000000476837158203e-01,1.942817993164062500e+03
2.532370328903198242e+00,2.000000476837158203e-01,1.942806884765625000e+03
2.500437259674072266e+00,2.000000476837158203e-01,1.942795043945312500e+03
2.468805074691772461e+00,2.000000476837158203e-01,1.942782470703125000e+03
2.437493085861206055e+00,2.000000476837158203e-01,1.942769042968750000e+03
2.406519889831542969e+00,2.000000476837158203e-01,1.942754760742187500e+03
2.375903844833374023e+00,2.000000476837158203e-01,1.942739868164062500e+03
2.345664024353027344e+00,2.000000476837158203e-01,1.942724121093750000e+03
2.315818309783935547e+00,2.000000476837158203e-01,1.942707763671875000e+03
2.286384820938110352e+00,2.000000476837158203e-01,1.942690551757812500e+03
2.257380962371826172e+00,2.000000476837158203e-01,1.942672729492187500e+03
2.228824615478515625e+00,2.000000476837158203e-01,1.942654174804687500e+03
2.200732707977294922e+00,2.000000476837158203e-01,1.942634887695312500e+03
2.173122406005859375e+00,2.000000476837158203e-01,1.942614868164062500e+03
2.146009922027587891e+00,2.000000476837158203e-01,1.942594238281250000e+03
2.119411945343017578e+00,2.000000476837158203e-01,1.942572998046875000e+03
2.093344449996948242e+00,2.000000476837158203e-01,1.942551025390625000e+03
2.067823171615600586e+00,2.000000476837158203e-01,1.942528442382812500e+03
2.042863130569458008e+00,2.000000476837158203e-01,1.942505371093750000e+03
2.018479824066162109e+00,2.000000476837158203e-01,1.942481567382812500e+03
1.994687795639038086e+00,2.000000476837158203e-01,1.942457153320312500e+03
1.971501231193542480e+00,2.000000476837158203e-01,1.942432128906250000e+03
1.948934197425842285e+00,2.000000476837158203e-01,1.942406616210937500e+03
1.927000403404235840e+00,2.000000476837158203e-01,1.942380615234375000e+03
1.905712842941284180e+00,2.000000476837158203e-01,1.942354003906250000e+03
1.885084390640258789e+00,2.000000476837158203e-01,1.942326904296875000e+03
1.865127682685852051e+00,2.000000476837158203e-01,1.942299316406250000e+03
1.845854520797729492e+00,2.000000476837158203e-01,1.942271118164062500e+03
1.827276468276977539e+00,2.000000476837158203e-01,1.942242675781250000e+03
1.809404850006103516e+00,2.000000476837158203e-01,1.942213623046875000e+03
1.792250514030456543e+00,2.000000476837158203e-01,1.942184204101562500e+03
1.775823593139648438e+00,2.000000476837158203e-01,1.942154296875000000e+03
1.760134100914001465e+00,2.000000476837158203e-01,1.942124145507812500e+03
1.745191335678100586e+00,2.000000476837158203e-01,1.942093505859375000e+03
1.731004595756530762e+00,2.000000476837158203e-01,1.942062500000000000e+03
1.717582225799560547e+00,2.000000476837158203e-01,1.942031250000000000e+03
1.704932212829589844e+00,2.000000476837158203e-01,1.941999511718750000e+03
1.693062305450439453e+00,2.000000476837158203e-01,1.941967651367187500e+03
1.681979894638061523e+00,2.000000476837158203e-01,1.941935424804687500e+03
1.671691179275512695e+00,2.000000476837158203e-01,1.941902954101562500e+03
1.662202596664428711e+00,2.000000476837158203e-01,1.941870239257812500e+03
1.653519988059997559e+00,2.000000476837158203e-01,1.941837280273437500e+03
1.645648360252380371e+00,2.000000476837158203e-01,1.941804077148437500e+03
1.638592481613159180e+00,2.000000476837158203e-01,1.941770751953125000e+03
1.632356762886047363e+00,2.000000476837158203e-01,1.941737304687500000e+03
1.626944899559020996e+00,2.000000476837158203e-01,1.941703613281250000e+03
1.622359871864318848e+00,2.000000476837158203e-01,1.941669921875000000e+03
1.618605017662048340e+00,2.000000476837158203e-01,1.941636108398437500e+03
1.615682005882263184e+00,2.000000476837158203e-01,1.941602172851562500e+03
1.613592982292175293e+00,2.000000476837158203e-01,1.941568115234375000e+03
1.612339019775390625e+00,2.000000476837158203e-01,1.941534057617187500e+03
1.611920952796936035e+00,2.000000476837158203e-01,1.941500000000000000e+03
1.612339019775390625e+00,2.000000476837158203e-01,1.941465942382812500e+03
1.613592982292175293e+00,2.000000476837158203e-01,1.941431884765625000e+03
1.615682005882263184e+00,2.000000476837158203e-01,1.941397827148437500e+03
1.618605017662048340e+00,2.000000476837158203e-01,1.941363891601562500e+03
1.622359871864318848e+00,2.000000476837158203e-01,1.941330078125000000e+03
1.626944899559020996e+00,2.000000476837158203e-01,1.941296386718750000e+03
1.632356762886047363e+00,2.000000476837158203e-01,1.941262695312500000e+03
1.638592481613159180e+00,2.000000476837158203e-01,1.941229248046875000e+03
1.645648360252380371e+00,2.000000476837158203e-01,1.941195922851562500e+03
1.653519988059997559e+00,2.000000476837158203e-01,1.941162719726562500e+03
1.662202596664428711e+00,2.000000476837158203e-01,1.941129760742187500e+03
1.671691179275512695e+00,2.000000476837158203e-01,1.941097045898437500e+03
1.681979894638061523e+00,2.000000476837158203e-01,1.941064575195312500e+03
1.693062305450439453e+00,2.000000476837158203e-01,1.941032348632812500e+03
1.704932212829589844e+00,2.000000476837158203e-01,1.941000488281250000e+03
1.717582225799560547e+00,2.000000476837158203e-01,1.940968750000000000e+03
1.731004595756530762e+00,2.000000476837158203e-01,1.940937500000000000e+03
1.745191335678100586e+00,2.000000476837158203e-01,1.940906494140625000e+03
1.760134100914001465e+00,2.000000476837158203e-01,1.940875854492187500e+03
1.775823593139648438e+00,2.000000476837158203e-01,1.940845703125000000e+03
1.792250514030456543e+00,2.000000476837158203e-01,1.940815795898437500e+03
1.809404850006103516e+00,2.000000476837158203e-01,1.940786376953125000e+03
1.827276468276977539e+00,2.000000476837158203e-01,1.940757324218750000e+03
1.845854520797729492e+00,2.000000476837158203e-01,1.940728881835937500e+03
1.865127682685852051e+00,2.000000476837158203e-01,1.940700683593750000e+03
1.885084390640258789e+00,2.000000476837158203e-01,1.940673095703125000e+03
1.905712842941284180e+00,2.000000476837158203e-01,1.940645996093750000e+03
1.927000403404235840e+00,2.000000476837158203e-01,1.940619384765625000e+03
1.948934197425842285e+00,2.000000476837158203e-01,1.940593383789062500e+03
1.971501231193542480e+00,2.000000476837158203e-01,1.940567871093750000e+03
1.994687795639038086e+00,2.000000476837158203e-01,1.940542846679687500e+03
2.018479824066162109e+00,2.000000476837158203e-01,1.940518432617187500e+03
2.042863130569458008e+00,2.000000476837158203e-01,1.940494628906250000e+03
2.067823171615600586e+00,2.000000476837158203e-01,1.940471557617187500e+03
2.093344449996948242e+00,2.000000476837158203e-01,1.940448974609375000e+03
2.119411945343017578e+00,2.000000476837158203e-01,1.940427001953125000e+03
2.146009922027587891e+00,2.000000476837158203e-01,1.940405761718750000e+03
2.173122406005859375e+00,2.000000476837158203e-01,1.940385131835937500e+03
2.200732707977294922e+00,2.000000476837158203e-01,1.940365112304687500e+03
2.228824615478515625e+00,2.000000476837158203e-01,1.940345825195312500e+03
2.257380962371826172e+00,2.000000476837158203e-01,1.940327270507812500e+03
2.286384820938110352e+00,2.000000476837158203e-01,1.940309448242187500e+03
2.315818309783935547e+00,2.000000476837158203e-01,1.940292236328125000e+03
2.345664024353027344e+00,2.000000476837158203e-01,1.940275878906250000e+03
2.375903844833374023e+00,2.000000476837158203e-01,1.940260131835937500e+03
2.406519889831542969e+00,2.000000476837158203e-01,1.940245239257812500e+03
2.437493085861206055e+00,2.000000476837158203e-01,1.940230957031250000e+03
2.468805074691772461e+00,2.000000476837158203e-01,1.940217529296875000e+03
2.500437259674072266e+00,2.000000476837158203e-01,1.940204956054687500e+03
2.532370328903198242e+00,2.000000476837158203e-01,1.940193115234375000e+03
2.564584970474243164e+00,2.000000476837158203e-01,1.940182006835937500e+03
2.597061872482299805e+00,2.000000476837158203e-01,1.940171630859375000e+03
2.629781723022460938e+00,2.000000476837158203e-01,1.940162231445312500e+03
2.662724256515502930e+00,2.000000476837158203e-01,1.940153564453125000e+03
2.695870161056518555e+00,2.000000476837158203e-01,1.940145629882812500e+03
2.729199171066284180e+00,2.000000476837158203e-01,1.940138549804687500e+03
2.762691497802734375e+00,2.000000476837158203e-01,1.940132324218750000e+03
2.796326398849487305e+00,2.000000476837158203e-01,1.940126953125000000e+03
2.830084323883056641e+00,2.000000476837158203e-01,1.940122314453125000e+03
2.863944530487060547e+00,2.000000476837158203e-01,1.940118652343750000e+03
2.897886514663696289e+00,2.000000476837158203e-01,1.940115722656250000e+03
2.931890249252319336e+00,2.000000476837158203e-01,1.940113647460937500e+03
2.965934753417968750e+00,2.000000476837158203e-01,1.940112304687500000e+03
3.000000000000000000e+00,2.000000476837158203e-01,1.940111938476562500e+03
3.034065246582031250e+00,2.000000476837158203e-01,1.940112304687500000e+03
3.068109750747680664e+00,2.000000476837158203e-01,1.940113647460937500e+03
3.102113485336303711e+00,2.000000476837158203e-01,1.940115722656250000e+03
3.136055469512939453e+00,2.000000476837158203e-01,1.940118652343750000e+03
3.169915676116943359e+00,2.000000476837158203e-01,1.940122314453125000e+03
3.203673601150512695e+00,2.000000476837158203e-01,1.940126953125000000e+03
3.237308502197265625e+00,2.000000476837158203e-01,1.940132324218750000e+03
3.270800828933715820e+00,2.000000476837158203e-01,1.940138549804687500e+03
3.304129838943481445e+00,2.000000476837158203e-01,1.940145629882812500e+03
3.337275743484497070e+00,2.000000476837158203e-01,1.940153564453125000e+03
3.370218276977539062e+00,2.000000476837158203e-01,1.940162231445312500e+03
3.402938127517700195e+00,2.000000476837158203e-01,1.940171630859375000e+03
3.435415029525756836e+00,2.000000476837158203e-01,1.940182006835937500e+03
3.467629671096801758e+00,2.000000476837158203e-01,1.940193115234375000e+03
3.499562740325927734e+00,2.000000476837158203e-01,1.940204956054687500e+03
3.531194925308227539e+00,2.000000476837158203e-01,1.940217529296875000e+03
3.562506914138793945e+00,2.000000476837158203e-01,1.940230957031250000e+03
3.593480110168457031e+00,2.000000476837158203e-01,1.940245239257812500e+03
3.624096155166625977e+00,2.000000476837158203e-01,1.940260131835937500e+03
3.654335975646972656e+00,2.000000476837158203e-01,1.940275878906250000e+03
3.684181690216064453e+00,2.000000476837158203e-01,1.940292236328125000e+03
3.713615179061889648e+00,2.000000476837158203e-01,1.940309448242187500e+03
3.742619037628173828e+00,2.000000476837158203e-01,1.940327270507812500e+03
3.771175384521484375e+00,2.000000476837158203e-01,1.940345825195312500e+03
3.799267292022705078e+00,2.000000476837158203e-01,1.940365112304687500e+03
3.826877593994140625e+00,2.000000476837158203e-01,1.940385131835937500e+03
3.853990077972412109e+00,2.000000476837158203e-01,1.940405761718750000e+03
3.880588054656982422e+00,2.000000476837158203e-01,1.940427001953125000e+03
3.906655550003051758e+00,2.000000476837158203e-01,1.940448974609375000e+03
3.932176828384399414e+00,2.000000476837158203e-01,1.940471557617187500e+03
3.957136869430541992e+00,2.000000476837158203e-01,1.940494628906250000e+03
3.981520175933837891e+00,2.000000476837158203e-01,1.940518432617187500e+03
4.005311965942382812e+00,2.000000476837158203e-01,1.940542846679687500e+03
4.028498649597167969e+00,2.000000476837158203e-01,1.940567871093750000e+03
4.051065921783447266e+00,2.000000476837158203e-01,1.940593383789062500e+03
4.072999477386474609e+00,2.000000476837158203e-01,1.940619384765625000e+03
4.094286918640136719e+00,2.000000476837158203e-01,1.940645996093750000e+03
4.114915847778320312e+00,2.000000476837158203e-01,1.940673095703125000e+03
4.134872436523437500e+00,2.000000476837158203e-01,1.940700683593750000e+03
4.154145240783691406e+00,2.000000476837158203e-01,1.940728881835937500e+03
4.172723770141601562e+00,2.000000476837158203e-01,1.940757324218750000e+03
4.190595149993896484e+00,2.000000476837158203e-01,1.940786376953125000e+03
4.207749366760253906e+00,2.000000476837158203e-01,1.940815795898437500e+03
4.224176406860351562e+00,2.000000476837158203e-01,1.940845703125000000e+03
4.239865779876708984e+00,2.000000476837158203e-01,1.940875854492187500e+03
4.254808425903320312e+00,2.000000476837158203e-01,1.940906494140625000e+03
4.268995285034179688e+00,2.000000476837158203e-01,1.940937500000000000e+03
4.282417774200439453e+00,2.000000476837158203e-01,1.940968750000000000e+03
4.295067787170410156e+00,2.000000476837158203e-01,1.941000488281250000e+03
4.306937694549560547e+00,2.000000476837158203e-01,1.941032348632812500e+03
4.318019866943359375e+00,2.000000476837158203e-01,1.941064575195312500e+03
4.328309059143066406e+00,2.000000476837158203e-01,1.941097045898437500e+03
4.337797164916992188e+00,2.000000476837158203e-01,1.941129760742187500e+03
4.346479892730712891e+00,2.000000476837158203e-01,1.941162719726562500e+03
4.354351520538330078e+00,2.000000476837158203e-01,1.941195922851562500e+03
4.361407279968261719e+00,2.000000476837158203e-01,1.941229248046875000e+03
4.367643356323242188e+00,2.000000476837158203e-01,1.941262695312500000e+03
4.373054981231689453e+00,2.000000476837158203e-01,1.941296386718750000e+03
4.377640247344970703e+00,2.000000476837158203e-01,1.941330078125000000e+03
4.381394863128662109e+00,2.000000476837158203e-01,1.941363891601562500e+03
4.384317874908447266e+00,2.000000476837158203e-01,1.941397827148437500e+03
4.386406898498535156e+00,2.000000476837158203e-01,1.941431884765625000e+03
4.387660980224609375e+00,2.000000476837158203e-01,1.941465942382812500e+03
4.444144248962402344e+00,2.000000476837158203e-01,1.941500000000000000e+03
4.443709373474121094e+00,2.000000476837158203e-01,1.941535400390625000e+03
4.442404747009277344e+00,2.000000476837158203e-01,1.941570800781250000e+03
4.440231323242187500e+00,2.000000476837158203e-01,1.941606201171875000e+03
4.437190532684326172e+00,2.000000476837158203e-01,1.941641601562500000e+03
4.433283805847167969e+00,2.000000476837158203e-01,1.941676757812500000e+03
4.428513526916503906e+00,2.000000476837158203e-01,1.941711914062500000e+03
4.422883033752441406e+00,2.000000476837158203e-01,1.941746948242187500e+03
4.416395664215087891e+00,2.000000476837158203e-01,1.941781738281250000e+03
4.409054756164550781e+00,2.000000476837158203e-01,1.941816406250000000e+03
4.400865077972412109e+00,2.000000476837158203e-01,1.941850952148437500e+03
4.391831874847412109e+00,2.000000476837158203e-01,1.941885131835937500e+03
4.381959915161132812e+00,2.000000476837158203e-01,1.941919189453125000e+03
4.371255874633789062e+00,2.000000476837158203e-01,1.941953002929687500e+03
4.359725475311279297e+00,2.000000476837158203e-01,1.941986572265625000e+03
4.347376346588134766e+00,2.000000476837158203e-01,1.942019775390625000e+03
4.334215164184570312e+00,2.000000476837158203e-01,1.942052612304687500e+03
4.320250988006591797e+00,2.000000476837158203e-01,1.942085205078125000e+03
4.305490970611572266e+00,2.000000476837158203e-01,1.942117431640625000e+03
4.289944648742675781e+00,2.000000476837158203e-01,1.942149291992187500e+03
4.273621559143066406e+00,2.000000476837158203e-01,1.942180786132812500e+03
4.256531238555908203e+00,2.000000476837158203e-01,1.942211791992187500e+03
4.238683700561523438e+00,2.000000476837158203e-01,1.942242431640625000e+03
4.220090389251708984e+00,2.000000476837158203e-01,1.942272583007812500e+03
4.200762271881103516e+00,2.000000476837158203e-01,1.942302368164062500e+03
4.180710315704345703e+00,2.000000476837158203e-01,1.942331542968750000e+03
4.159947395324707031e+00,2.000000476837158203e-01,1.942360229492187500e+03
4.138485908508300781e+00,2.000000476837158203e-01,1.942388427734375000e+03
4.116338729858398438e+00,2.000000476837158203e-01,1.942416137695312500e+03
4.093518733978271484e+00,2.000000476837158203e-01,1.942443237304687500e+03
4.070040225982666016e+00,2.000000476837158203e-01,1.942469848632812500e+03
4.045917510986328125e+00,2.000000476837158203e-01,1.942495849609375000e+03
4.021164417266845703e+00,2.000000476837158203e-01,1.942521118164062500e+03
3.995796203613281250e+00,2.000000476837158203e-01,1.942545898437500000e+03
3.969828128814697266e+00,2.000000476837158203e-01,1.942570068359375000e+03
3.943275928497314453e+00,2.000000476837158203e-01,1.942593505859375000e+03
3.916155338287353516e+00,2.000000476837158203e-01,1.942616333007812500e+03
3.888483285903930664e+00,2.000000476837158203e-01,1.942638427734375000e+03
3.860275745391845703e+00,2.000000476837158203e-01,1.942659912109375000e+03
3.831550121307373047e+00,2.000000476837158203e-01,1.942680664062500000e+03
3.802323579788208008e+00,2.000000476837158203e-01,1.942700805664062500e+03
3.772613763809204102e+00,2.000000476837158203e-01,1.942720092773437500e+03
3.742438554763793945e+00,2.000000476837158203e-01,1.942738647460937500e+03
3.711816310882568359e+00,2.000000476837158203e-01,1.942756591796875000e+03
3.680764913558959961e+00,2.000000476837158203e-01,1.942773681640625000e+03
3.649303674697875977e+00,2.000000476837158203e-01,1.942789916992187500e+03
3.617451190948486328e+00,2.000000476837158203e-01,1.942805541992187500e+03
3.585227012634277344e+00,2.000000476837158203e-01,1.942820190429687500e+03
3.552650213241577148e+00,2.000000476837158203e-01,1.942834228515625000e+03
3.519740343093872070e+00,2.000000476837158203e-01,1.942847412109375000e+03
3.486517667770385742e+00,2.000000476837158203e-01,1.942859741210937500e+03
3.453001737594604492e+00,2.000000476837158203e-01,1.942871215820312500e+03
3.419213056564331055e+00,2.000000476837158203e-01,1.942881958007812500e+03
3.385171651840209961e+00,2.000000476837158203e-01,1.942891845703125000e+03
3.350898504257202148e+00,2.000000476837158203e-01,1.942900878906250000e+03
3.316413879394531250e+00,2.000000476837158203e-01,1.942909057617187500e+03
3.281738519668579102e+00,2.000000476837158203e-01,1.942916381835937500e+03
3.246893644332885742e+00,2.000000476837158203e-01,1.942922851562500000e+03
3.211899995803833008e+00,2.000000476837158203e-01,1.942928466796875000e+03
3.176778793334960938e+00,2.000000476837158203e-01,1.942933227539062500e+03
3.141551017761230469e+00,2.000000476837158203e-01,1.942937133789062500e+03
3.106237888336181641e+00,2.000000476837158203e-01,1.942940185546875000e+03
3.070860862731933594e+00,2.000000476837158203e-01,1.942942382812500000e+03
3.035441160202026367e+00,2.000000476837158203e-01,1.942943725585937500e+03
3.000000000000000000e+00,2.000000476837158203e-01,1.942944091796875000e+03
2.964558839797973633e+00,2.000000476837158203e-01,1.942943725585937500e+03
2.929139137268066406e+00,2.000000476837158203e-01,1.942942382812500000e+03
2.893762111663818359e+00,2.000000476837158203e-01,1.942940185546875000e+03
2.858448982238769531e+00,2.000000476837158203e-01,1.942937133789062500e+03
2.823221206665039062e+00,2.000000476837158203e-01,1.942933227539062500e+03
2.788100004196166992e+00,2.000000476837158203e-01,1.942928466796875000e+03
2.753106355667114258e+00,2.000000476837158203e-01,1.942922851562500000e+03
2.718261480331420898e+00,2.000000476837158203e-01,1.942916381835937500e+03
2.683586120605468750e+00,2.000000476837158203e-01,1.942909057617187500e+03
2.649101495742797852e+00,2.000000476837158203e-01,1.942900878906250000e+03
2.614828348159790039e+00,2.000000476837158203e-01,1.942891845703125000e+03
2.580786943435668945e+00,2.000000476837158203e-01,1.942881958007812500e+03
2.546998262405395508e+00,2.000000476837158203e-01,1.942871215820312500e+03
2.513482332229614258e+00,2.000000476837158203e-01,1.942859741210937500e+03
2.480259656906127930e+00,2.000000476837158203e-01,1.942847412109375000e+03
2.447349786758422852e+00,2.000000476837158203e-01,1.942834228515625000e+03
2.414772987365722656e+00,2.000000476837158203e-01,1.942820190429687500e+03
2.382548809051513672e+00,2.000000476837158203e-01,1.942805541992187500e+03
2.350696325302124023e+00,2.000000476837158203e-01,1.942789916992187500e+03
2.319235086441040039e+00,2.000000476837158203e-01,1.942773681640625000e+03
2.288183689117431641e+00,2.000000476837158203e-01,1.942756591796875000e+03
2.257561445236206055e+00,2.000000476837158203e-01,1.942738647460937500e+03
2.227386236190795898e+00,2.000000476837158203e-01,1.942720092773437500e+03
2.197676420211791992e+00,2.000000476837158203e-01,1.942700805664062500e+03
2.168449878692626953e+00,2.000000476837158203e-01,1.942680664062500000e+03
2.139724254608154297e+00,2.000000476837158203e-01,1.942659912109375000e+03
2.111516714096069336e+00,2.000000476837158203e-01,1.942638427734375000e+03
2.083844661712646484e+00,2.000000476837158203e-01,1.942616333007812500e+03
2.056724071502685547e+00,2.000000476837158203e-01,1.942593505859375000e+03
2.030171871185302734e+00,2.000000476837158203e-01,1.942570068359375000e+03
2.004203796386718750e+00,2.000000476837158203e-01,1.942545898437500000e+03
1.978835701942443848e+00,2.000000476837158203e-01,1.942521118164062500e+03
1.954082727432250977e+00,2.000000476837158203e-01,1.942495849609375000e+03
1.929959654808044434e+00,2.000000476837158203e-01,1.942469848632812500e+03
1.906481146812438965e+00,2.000000476837158203e-01,1.942443237304687500e+03
1.883661270141601562e+00,2.000000476837158203e-01,1.942416137695312500e+03
1.861513972282409668e+00,2.000000476837158203e-01,1.942388427734375000e+03
1.840052366256713867e+00,2.000000476837158203e-01,1.942360229492187500e+03
1.819289565086364746e+00,2.000000476837158203e-01,1.942331542968750000e+03
1.799237847328186035e+00,2.000000476837158203e-01,1.942302368164062500e+03
1.779909491539001465e+00,2.000000476837158203e-01,1.942272583007812500e+03
1.761316061019897461e+00,2.000000476837158203e-01,1.942242431640625000e+03
1.743468761444091797e+00,2.000000476837158203e-01,1.942211791992187500e+03
1.726378440856933594e+00,2.000000476837158203e-01,1.942180786132812500e+03
1.710055112838745117e+00,2.000000476837158203e-01,1.942149291992187500e+03
1.694508910179138184e+00,2.000000476837158203e-01,1.942117431640625000e+03
1.679749131202697754e+00,2.000000476837158203e-01,1.942085205078125000e+03
1.665784597396850586e+00,2.000000476837158203e-01,1.942052612304687500e+03
1.652623772621154785e+00,2.000000476837158203e-01,1.942019775390625000e+03
1.640274524688720703e+00,2.000000476837158203e-01,1.941986572265625000e+03
1.628744125366210938e+00,2.000000476837158203e-01,1.941953002929687500e+03
1.618039965629577637e+00,2.000000476837158203e-01,1.941919189453125000e+03
1.608168244361877441e+00,2.000000476837158203e-01,1.941885131835937500e+03
1.599134922027587891e+00,2.000000476837158203e-01,1.941850952148437500e+03
1.590945243835449219e+00,2.000000476837158203e-01,1.941816406250000000e+03
1.583604454994201660e+00,2.000000476837158203e-01,1.941781738281250000e+03
1.577116847038269043e+00,2.000000476837158203e-01,1.941746948242187500e+03
1.571486234664916992e+00,2.000000476837158203e-01,1.941711914062500000e+03
1.566716313362121582e+00,2.000000476837158203e-01,1.941676757812500000e+03
1.562809586524963379e+00,2.000000476837158203e-01,1.941641601562500000e+03
1.559768557548522949e+00,2.000000476837158203e-01,1.941606201171875000e+03
1.557595133781433105e+00,2.000000476837158203e-01,1.941570800781250000e+03
1.556290626525878906e+00,2.000000476837158203e-01,1.941535400390625000e+03
1.555855751037597656e+00,2.000000476837158203e-01,1.941500000000000000e+03
1.556290626525878906e+00,2.000000476837158203e-01,1.941464599609375000e+03
1.557595133781433105e+00,2.000000476837158203e-01,1.941429199218750000e+03
1.559768557548522949e+00,2.000000476837158203e-01,1.941393798828125000e+03
1.562809586524963379e+00,2.000000476837158203e-01,1.941358398437500000e+03
1.566716313362121582e+00,2.000000476837158203e-01,1.941323242187500000e+03
1.571486234664916992e+00,2.000000476837158203e-01,1.941288085937500000e+03
1.577116847038269043e+00,2.000000476837158203e-01,1.941253051757812500e+03
1.583604454994201660e+00,2.000000476837158203e-01,1.941218261718750000e+03
1.590945243835449219e+00,2.000000476837158203e-01,1.941183593750000000e+03
1.599134922027587891e+00,2.000000476837158203e-01,1.941149047851562500e+03
1.608168244361877441e+00,2.000000476837158203e-01,1.941114868164062500e+03
1.618039965629577637e+00,2.000000476837158203e-01,1.941080810546875000e+03
1.628744125366210938e+00,2.000000476837158203e-01,1.941046997070312500e+03
1.640274524688720703e+00,2.000000476837158203e-01,1.941013427734375000e+03
1.652623772621154785e+00,2.000000476837158203e-01,1.940980224609375000e+03
1.665784597396850586e+00,2.000000476837158203e-01,1.940947387695312500e+03
1.679749131202697754e+00,2.000000476837158203e-01,1.940914794921875000e+03
1.694508910179138184e+00,2.000000476837158203e-01,1.940882568359375000e+03
1.710055112838745117e+00,2.000000476837158203e-01,1.940850708007812500e+03
1.726378440856933594e+00,2.000000476837158203e-01,1.940819213867187500e+03
1.743468761444091797e+00,2.000000476837158203e-01,1.940788208007812500e+03
1.761316061019897461e+00,2.000000476837158203e-01,1.940757568359375000e+03
1.779909491539001465e+00,2.000000476837158203e-01,1.940727416992187500e+03
1.799237847328186035e+00,2.000000476837158203e-01,1.940697631835937500e+03
1.819289565086364746e+00,2.000000476837158203e-01,1.940668457031250000e+03
1.840052366256713867e+00,2.000000476837158203e-01,1.940639770507812500e+03
1.861513972282409668e+00,2.000000476837158203e-01,1.940611572265625000e+03
1.883661270141601562e+00,2.000000476837158203e-01,1.940583862304687500e+03
1.906481146812438965e+00,2.000000476837158203e-01,1.940556762695312500e+03
1.929959654808044434e+00,2.000000476837158203e-01,1.940530151367187500e+03
1.954082727432250977e+00,2.000000476837158203e-01,1.940504150390625000e+03
1.978835701942443848e+00,2.000000476837158203e-01,1.940478881835937500e+03
2.004203796386718750e+00,2.000000476837158203e-01,1.940454101562500000e+03
2.030171871185302734e+00,2.000000476837158203e-01,1.940429931640625000e+03
2.056724071502685547e+00,2.000000476837158203e-01,1.940406494140625000e+03
2.083844661712646484e+00,2.000000476837158203e-01,1.940383666992187500e+03
2.111516714096069336e+00,2.000000476837158203e-01,1.940361572265625000e+03
2.139724254608154297e+00,2.000000476837158203e-01,1.940340087890625000e+03
2.168449878692626953e+00,2.000000476837158203e-01,1.940319335937500000e+03
2.197676420211791992e+00,2.000000476837158203e-01,1.940299194335937500e+03
2.227386236190795898e+00,2.000000476837158203e-01,1.940279907226562500e+03
2.257561445236206055e+00,2.000000476837158203e-01,1.940261352539062500e+03
2.288183689117431641e+00,2.000000476837158203e-01,1.940243408203125000e+03
2.319235086441040039e+00,2.000000476837158203e-01,1.940226318359375000e+03
2.350696325302124023e+00,2.000000476837158203e-01,1.940210083007812500e+03
2.382548809051513672e+00,2.000000476837158203e-01,1.940194458007812500e+03
2.414772987365722656e+00,2.000000476837158203e-01,1.940179809570312500e+03
2.447349786758422852e+00,2.000000476837158203e-01,1.940165771484375000e+03
2.480259656906127930e+00,2.000000476837158203e-01,1.940152587890625000e+03
2.513482332229614258e+00,2.000000476837158203e-01,1.940140258789062500e+03
2.546998262405395508e+00,2.000000476837158203e-01,1.940128784179687500e+03
2.580786943435668945e+00,2.000000476837158203e-01,1.940118041992187500e+03
2.614828348159790039e+00,2.000000476837158203e-01,1.940108154296875000e+03
2.649101495742797852e+00,2.000000476837158203e-01,1.940099121093750000e+03
2.683586120605468750e+00,2.000000476837158203e-01,1.940090942382812500e+03
2.718261480331420898e+00,2.000000476837158203e-01,1.940083618164062500e+03
2.753106355667114258e+00,2.000000476837158203e-01,1.940077148437500000e+03
2.788100004196166992e+00,2.000000476837158203e-01,1.940071533203125000e+03
2.823221206665039062e+00,2.000000476837158203e-01,1.940066772460937500e+03
2.858448982238769531e+00,2.000000476837158203e-01,1.940062866210937500e+03
2.893762111663818359e+00,2.000000476837158203e-01,1.940059814453125000e+03
2.929139137268066406e+00,2.000000476837158203e-01,1.940057617187500000e+03
2.964558839797973633e+00,2.000000476837158203e-01,1.940056274414062500e+03
3.000000000000000000e+00,2.000000476837158203e-01,1.940055908203125000e+03
3.035441160202026367e+00,2.000000476837158203e-01,1.940056274414062500e+03
3.070860862731933594e+00,2.000000476837158203e-01,1.940057617187500000e+03
3.106237888336181641e+00,2.000000476837158203e-01,1.940059814453125000e+03
3.141551017761230469e+00,2.000000476837158203e-01,1.940062866210937500e+03
3.176778793334960938e+00,2.000000476837158203e-01,1.940066772460937500e+03
3.211899995803833008e+00,2.000000476837158203e-01,1.940071533203125000e+03
3.246893644332885742e+00,2.000000476837158203e-01,1.940077148437500000e+03
3.281738519668579102e+00,2.000000476837158203e-01,1.940083618164062500e+03
3.316413879394531250e+00,2.000000476837158203e-01,1.940090942382812500e+03
3.350898504257202148e+00,2.000000476837158203e-01,1.940099121093750000e+03
3.385171651840209961e+00,2.000000476837158203e-01,1.940108154296875000e+03
3.419213056564331055e+00,2.000000476837158203e-01,1.940118041992187500e+03
3.453001737594604492e+00,2.000000476837158203e-01,1.940128784179687500e+03
3.486517667770385742e+00,2.000000476837158203e-01,1.940140258789062500e+03
3.519740343093872070e+00,2.000000476837158203e-01,1.940152587890625000e+03
3.552650213241577148e+00,2.000000476837158203e-01,1.940165771484375000e+03
3.585227012634277344e+00,2.000000476837158203e-01,1.940179809570312500e+03
3.617451190948486328e+00,2.000000476837158203e-01,1.940194458007812500e+03
3.649303674697875977e+00,2.000000476837158203e-01,1.940210083007812500e+03
3.680764913558959961e+00,2.000000476837158203e-01,1.940226318359375000e+03
3.711816310882568359e+00,2.000000476837158203e-01,1.940243408203125000e+03
3.742438554763793945e+00,2.000000476837158203e-01,1.940261352539062500e+03
3.772613763809204102e+00,2.000000476837158203e-01,1.940279907226562500e+03
3.802323579788208008e+00,2.000000476837158203e-01,1.940299194335937500e+03
3.831550121307373047e+00,2.000000476837158203e-01,1.940319335937500000e+03
3.860275745391845703e+00,2.000000476837158203e-01,1.940340087890625000e+03
3.888483285903930664e+00,2.000000476837158203e-01,1.940361572265625000e+03
3.916155338287353516e+00,2.000000476837158203e-01,1.940383666992187500e+03
3.943275928497314453e+00,2.000000476837158203e-01,1.940406494140625000e+03
3.969828128814697266e+00,2.000000476837158203e-01,1.940429931640625000e+03
3.995796203613281250e+00,2.000000476837158203e-01,1.940454101562500000e+03
4.021164417266845703e+00,2.000000476837158203e-01,1.940478881835937500e+03
4.045917510986328125e+00,2.000000476837158203e-01,1.940504150390625000e+03
4.070040225982666016e+00,2.000000476837158203e-01,1.940530151367187500e+03
4.093518733978271484e+00,2.000000476837158203e-01,1.940556762695312500e+03
4.116338729858398438e+00,2.000000476837158203e-01,1.940583862304687500e+03
4.138485908508300781e+00,2.000000476837158203e-01,1.940611572265625000e+03
4.159947395324707031e+00,2.000000476837158203e-01,1.940639770507812500e+03
4.180710315704345703e+00,2.000000476837158203e-01,1.940668457031250000e+03
4.200762271881103516e+00,2.000000476837158203e-01,1.940697631835937500e+03
4.220090389251708984e+00,2.000000476837158203e-01,1.940727416992187500e+03
4.238683700561523438e+00,2.000000476837158203e-01,1.940757568359375000e+03
4.256531238555908203e+00,2.000000476837158203e-01,1.940788208007812500e+03
4.273621559143066406e+00,2.000000476837158203e-01,1.940819213867187500e+03
4.289944648742675781e+00,2.000000476837158203e-01,1.940850708007812500e+03
4.305490970611572266e+00,2.000000476837158203e-01,1.940882568359375000e+03
4.320250988006591797e+00,2.000000476837158203e-01,1.940914794921875000e+03
4.334215164184570312e+00,2.000000476837158203e-01,1.940947387695312500e+03
4.347376346588134766e+00,2.000000476837158203e-01,1.940980224609375000e+03
4.359725475311279297e+00,2.000000476837158203e-01,1.941013427734375000e+03
4.371255874633789062e+00,2.000000476837158203e-01,1.941046997070312500e+03
4.381959915161132812e+00,2.000000476837158203e-01,1.941080810546875000e+03
4.391831874847412109e+00,2.000000476837158203e-01,1.941114868164062500e+03
4.400865077972412109e+00,2.000000476837158203e-01,1.941149047851562500e+03
4.409054756164550781e+00,2.000000476837158203e-01,1.941183593750000000e+03
4.416395664215087891e+00,2.000000476837158203e-01,1.941218261718750000e+03
4.422883033752441406e+00,2.000000476837158203e-01,1.941253051757812500e+03
4.428513526916503906e+00,2.000000476837158203e-01,1.941288085937500000e+03
4.433283805847167969e+00,2.000000476837158203e-01,1.941323242187500000e+03
4.437190532684326172e+00,2.000000476837158203e-01,1.941358398437500000e+03
4.440231323242187500e+00,2.000000476837158203e-01,1.941393798828125000e+03
4.442404747009277344e+00,2.000000476837158203e-01,1.941429199218750000e+03
4.443709373474121094e+00,2.000000476837158203e-01,1.941464599609375000e+03
4.501967906951904297e+00,1.999999284744262695e-01,1.941500000000000000e+03
4.501515388488769531e+00,1.999999284744262695e-01,1.941536865234375000e+03
4.500158786773681641e+00,1.999999284744262695e-01,1.941573730468750000e+03
4.497898101806640625e+00,1.999999284744262695e-01,1.941610473632812500e+03
4.494735717773437500e+00,1.999999284744262695e-01,1.941647216796875000e+03
4.490672588348388672e+00,1.999999284744262695e-01,1.941683837890625000e+03
4.485711097717285156e+00,1.999999284744262695e-01,1.941720336914062500e+03
4.479855537414550781e+00,1.999999284744262695e-01,1.941756835937500000e+03
4.473108291625976562e+00,1.999999284744262695e-01,1.941792968750000000e+03
4.465473175048828125e+00,1.999999284744262695e-01,1.941829101562500000e+03
4.456955909729003906e+00,1.999999284744262695e-01,1.941864990234375000e+03
4.447560787200927734e+00,1.999999284744262695e-01,1.941900634765625000e+03
4.437294006347656250e+00,1.999999284744262695e-01,1.941936035156250000e+03
4.426160812377929688e+00,1.999999284744262695e-01,1.941971191406250000e+03
4.414169311523437500e+00,1.999999284744262695e-01,1.942005981445312500e+03
4.401325225830078125e+00,1.999999284744262695e-01,1.942040527343750000e+03
4.387637615203857422e+00,1.999999284744262695e-01,1.942074829101562500e+03
4.373113632202148438e+00,1.999999284744262695e-01,1.942108642578125000e+03
4.357762813568115234e+00,1.999999284744262695e-01,1.942142211914062500e+03
4.341594219207763672e+00,1.999999284744262695e-01,1.942175292968750000e+03
4.324617385864257812e+00,1.999999284744262695e-01,1.942208007812500000e+03
4.306842803955078125e+00,1.999999284744262695e-01,1.942240356445312500e+03
4.288280963897705078e+00,1.999999284744262695e-01,1.942272216796875000e+03
4.268942832946777344e+00,1.999999284744262695e-01,1.942303588867187500e+03
4.248840808868408203e+00,1.999999284744262695e-01,1.942334472656250000e+03
4.227986335754394531e+00,1.999999284744262695e-01,1.942364868164062500e+03
4.206391811370849609e+00,1.999999284744262695e-01,1.942394775390625000e+03
4.184071063995361328e+00,1.999999284744262695e-01,1.942424072265625000e+03
4.161036968231201172e+00,1.999999284744262695e-01,1.942452880859375000e+03
4.137303352355957031e+00,1.999999284744262695e-01,1.942481079101562500e+03
4.112884998321533203e+00,1.999999284744262695e-01,1.942508666992187500e+03
4.087796211242675781e+00,1.999999284744262695e-01,1.942535644531250000e+03
4.062051773071289062e+00,1.999999284744262695e-01,1.942562011718750000e+03
4.035667896270751953e+00,1.999999284744262695e-01,1.942587768554687500e+03
4.008660316467285156e+00,1.999999284744262695e-01,1.942612915039062500e+03
3.981044769287109375e+00,1.999999284744262695e-01,1.942637329101562500e+03
3.952838420867919922e+00,1.999999284744262695e-01,1.942661010742187500e+03
3.924058198928833008e+00,1.999999284744262695e-01,1.942684082031250000e+03
3.894721269607543945e+00,1.999999284744262695e-01,1.942706420898437500e+03
3.864845514297485352e+00,1.999999284744262695e-01,1.942728027343750000e+03
3.834448814392089844e+00,1.999999284744262695e-01,1.942748901367187500e+03
3.803549289703369141e+00,1.999999284744262695e-01,1.942768920898437500e+03
3.772165775299072266e+00,1.999999284744262695e-01,1.942788330078125000e+03
3.740317344665527344e+00,1.999999284744262695e-01,1.942806884765625000e+03
3.708022832870483398e+00,1.999999284744262695e-01,1.942824584960937500e+03
3.675301790237426758e+00,1.999999284744262695e-01,1.942841552734375000e+03
3.642174005508422852e+00,1.999999284744262695e-01,1.942857788085937500e+03
3.608659505844116211e+00,1.999999284744262695e-01,1.942873168945312500e+03
3.574778318405151367e+00,1.999999284744262695e-01,1.942887695312500000e+03
3.540550708770751953e+00,1.999999284744262695e-01,1.942901367187500000e+03
3.505997657775878906e+00,1.999999284744262695e-01,1.942914184570312500e+03
3.471139907836914062e+00,1.999999284744262695e-01,1.942926147460937500e+03
3.435998201370239258e+00,1.999999284744262695e-01,1.942937255859375000e+03
3.400593996047973633e+00,1.999999284744262695e-01,1.942947509765625000e+03
3.364948511123657227e+00,1.999999284744262695e-01,1.942956909179687500e+03
3.329082965850830078e+00,1.999999284744262695e-01,1.942965454101562500e+03
3.293019294738769531e+00,1.999999284744262695e-01,1.942973144531250000e+03
3.256779193878173828e+00,1.999999284744262695e-01,1.942979858398437500e+03
3.220384597778320312e+00,1.999999284744262695e-01,1.942985717773437500e+03
3.183856964111328125e+00,1.999999284744262695e-01,1.942990722656250000e+03
3.147218704223632812e+00,1.999999284744262695e-01,1.942994750976562500e+03
3.110491514205932617e+00,1.999999284744262695e-01,1.942997924804687500e+03
3.073698043823242188e+00,1.999999284744262695e-01,1.943000122070312500e+03
3.036860227584838867e+00,1.999999284744262695e-01,1.943001464843750000e+03
3.000000000000000000e+00,1.999999284744262695e-01,1.943001953125000000e+03
2.963139772415161133e+00,1.999999284744262695e-01,1.943001464843750000e+03
2.926301956176757812e+00,1.999999284744262695e-01,1.943000122070312500e+03
2.889508485794067383e+00,1.999999284744262695e-01,1.942997924804687500e+03
2.852781295776367188e+00,1.999999284744262695e-01,1.942994750976562500e+03
2.816143035888671875e+00,1.999999284744262695e-01,1.942990722656250000e+03
2.779615402221679688e+00,1.999999284744262695e-01,1.942985717773437500e+03
2.743220806121826172e+00,1.999999284744262695e-01,1.942979858398437500e+03
2.706980705261230469e+00,1.999999284744262695e-01,1.942973144531250000e+03
2.670917034149169922e+00,1.999999284744262695e-01,1.942965454101562500e+03
2.635051488876342773e+00,1.999999284744262695e-01,1.942956909179687500e+03
2.599406003952026367e+00,1.999999284744262695e-01,1.942947509765625000e+03
2.564001798629760742e+00,1.999999284744262695e-01,1.942937255859375000e+03
2.528860092163085938e+00,1.999999284744262695e-01,1.942926147460937500e+03
2.494002342224121094e+00,1.999999284744262695e-01,1.942914184570312500e+03
2.459449291229248047e+00,1.999999284744262695e-01,1.942901367187500000e+03
2.425221681594848633e+00,1.999999284744262695e-01,1.942887695312500000e+03
2.391340494155883789e+00,1.999999284744262695e-01,1.942873168945312500e+03
2.357825994491577148e+00,1.999999284744262695e-01,1.942857788085937500e+03
2.324698209762573242e+00,1.999999284744262695e-01,1.942841552734375000e+03
2.291977167129516602e+00,1.999999284744262695e-01,1.942824584960937500e+03
2.259682655334472656e+00,1.999999284744262695e-01,1.942806884765625000e+03
2.227834224700927734e+00,1.999999284744262695e-01,1.942788330078125000e+03
2.196450710296630859e+00,1.999999284744262695e-01,1.942768920898437500e+03
2.165551185607910156e+00,1.999999284744262695e-01,1.942748901367187500e+03
2.135154485702514648e+00,1.999999284744262695e-01,1.942728027343750000e+03
2.105278730392456055e+00,1.999999284744262695e-01,1.942706420898437500e+03
2.075941801071166992e+00,1.999999284744262695e-01,1.942684082031250000e+03
2.047161579132080078e+00,1.999999284744262695e-01,1.942661010742187500e+03
2.018955230712890625e+00,1.999999284744262695e-01,1.942637329101562500e+03
1.991339921951293945e+00,1.999999284744262695e-01,1.942612915039062500e+03
1.964332222938537598e+00,1.999999284744262695e-01,1.942587768554687500e+03
1.937948226928710938e+00,1.999999284744262695e-01,1.942562011718750000e+03
1.912204027175903320e+00,1.999999284744262695e-01,1.942535644531250000e+03
1.887115120887756348e+00,1.999999284744262695e-01,1.942508666992187500e+03
1.862696528434753418e+00,1.999999284744262695e-01,1.942481079101562500e+03
1.838963031768798828e+00,1.999999284744262695e-01,1.942452880859375000e+03
1.815928936004638672e+00,1.999999284744262695e-01,1.942424072265625000e+03
1.793608069419860840e+00,1.999999284744262695e-01,1.942394775390625000e+03
1.772013783454895020e+00,1.999999284744262695e-01,1.942364868164062500e+03
1.751159310340881348e+00,1.999999284744262695e-01,1.942334472656250000e+03
1.731057047843933105e+00,1.999999284744262695e-01,1.942303588867187500e+03
1.711719036102294922e+00,1.999999284744262695e-01,1.942272216796875000e+03
1.693157076835632324e+00,1.999999284744262695e-01,1.942240356445312500e+03
1.675382494926452637e+00,1.999999284744262695e-01,1.942208007812500000e+03
1.658405780792236328e+00,1.999999284744262695e-01,1.942175292968750000e+03
1.642237067222595215e+00,1.999999284744262695e-01,1.942142211914062500e+03
1.626886248588562012e+00,1.999999284744262695e-01,1.942108642578125000e+03
1.612362504005432129e+00,1.999999284744262695e-01,1.942074829101562500e+03
1.598674654960632324e+00,1.999999284744262695e-01,1.942040527343750000e+03
1.585830926895141602e+00,1.999999284744262695e-01,1.942005981445312500e+03
1.573839068412780762e+00,1.999999284744262695e-01,1.941971191406250000e+03
1.562706232070922852e+00,1.999999284744262695e-01,1.941936035156250000e+03
1.552439212799072266e+00,1.999999284744262695e-01,1.941900634765625000e+03
1.543044090270996094e+00,1.999999284744262695e-01,1.941864990234375000e+03
1.534526586532592773e+00,1.999999284744262695e-01,1.941829101562500000e+03
1.526891827583312988e+00,1.999999284744262695e-01,1.941792968750000000e+03
1.520144581794738770e+00,1.999999284744262695e-01,1.941756835937500000e+03
1.514288663864135742e+00,1.999999284744262695e-01,1.941720336914062500e+03
1.509327530860900879e+00,1.999999284744262695e-01,1.941683837890625000e+03
1.505264401435852051e+00,1.999999284744262695e-01,1.941647216796875000e+03
1.502101659774780273e+00,1.999999284744262695e-01,1.941610473632812500e+03
1.499841213226318359e+00,1.999999284744262695e-01,1.941573730468750000e+03
1.498484373092651367e+00,1.999999284744262695e-01,1.941536865234375000e+03
1.498032093048095703e+00,1.999999284744262695e-01,1.941500000000000000e+03
1.498484373092651367e+00,1.999999284744262695e-01,1.941463134765625000e+03
1.499841213226318359e+00,1.999999284744262695e-01,1.941426269531250000e+03
1.502101659774780273e+00,1.999999284744262695e-01,1.941389526367187500e+03
1.505264401435852051e+00,1.999999284744262695e-01,1.941352783203125000e+03
1.509327530860900879e+00,1.999999284744262695e-01,1.941316162109375000e+03
1.514288663864135742e+00,1.999999284744262695e-01,1.941279663085937500e+03
1.520144581794738770e+00,1.999999284744262695e-01,1.941243164062500000e+03
1.526891827583312988e+00,1.999999284744262695e-01,1.941207031250000000e+03
1.534526586532592773e+00,1.999999284744262695e-01,1.941170898437500000e+03
1.543044090270996094e+00,1.999999284744262695e-01,1.941135009765625000e+03
1.552439212799072266e+00,1.999999284744262695e-01,1.941099365234375000e+03
1.562706232070922852e+00,1.999999284744262695e-01,1.941063964843750000e+03
1.573839068412780762e+00,1.999999284744262695e-01,1.941028808593750000e+03
1.585830926895141602e+00,1.999999284744262695e-01,1.940994018554687500e+03
1.598674654960632324e+00,1.999999284744262695e-01,1.940959472656250000e+03
1.612362504005432129e+00,1.999999284744262695e-01,1.940925170898437500e+03
1.626886248588562012e+00,1.999999284744262695e-01,1.940891357421875000e+03
1.642237067222595215e+00,1.999999284744262695e-01,1.940857788085937500e+03
1.658405780792236328e+00,1.999999284744262695e-01,1.940824707031250000e+03
1.675382494926452637e+00,1.999999284744262695e-01,1.940791992187500000e+03
1.693157076835632324e+00,1.999999284744262695e-01,1.940759643554687500e+03
1.711719036102294922e+00,1.999999284744262695e-01,1.940727783203125000e+03
1.731057047843933105e+00,1.999999284744262695e-01,1.940696411132812500e+03
1.751159310340881348e+00,1.999999284744262695e-01,1.940665527343750000e+03
1.772013783454895020e+00,1.999999284744262695e-01,1.940635131835937500e+03
1.793608069419860840e+00,1.999999284744262695e-01,1.940605224609375000e+03
1.815928936004638672e+00,1.999999284744262695e-01,1.940575927734375000e+03
1.838963031768798828e+00,1.999999284744262695e-01,1.940547119140625000e+03
1.862696528434753418e+00,1.999999284744262695e-01,1.940518920898437500e+03
1.887115120887756348e+00,1.999999284744262695e-01,1.940491333007812500e+03
1.912204027175903320e+00,1.999999284744262695e-01,1.940464355468750000e+03
1.937948226928710938e+00,1.999999284744262695e-01,1.940437988281250000e+03
1.964332222938537598e+00,1.999999284744262695e-01,1.940412231445312500e+03
1.991339921951293945e+00,1.999999284744262695e-01,1.940387084960937500e+03
2.018955230712890625e+00,1.999999284744262695e-01,1.940362670898437500e+03
2.047161579132080078e+00,1.999999284744262695e-01,1.940338989257812500e+03
2.075941801071166992e+00,1.999999284744262695e-01,1.940315917968750000e+03
2.105278730392456055e+00,1.999999284744262695e-01,1.940293579101562500e+03
2.135154485702514648e+00,1.999999284744262695e-01,1.940271972656250000e+03
2.165551185607910156e+00,1.999999284744262695e-01,1.940251098632812500e+03
2.196450710296630859e+00,1.999999284744262695e-01,1.940231079101562500e+03
2.227834224700927734e+00,1.999999284744262695e-01,1.940211669921875000e+03
2.259682655334472656e+00,1.999999284744262695e-01,1.940193115234375000e+03
2.291977167129516602e+00,1.999999284744262695e-01,1.940175415039062500e+03
2.324698209762573242e+00,1.999999284744262695e-01,1.940158447265625000e+03
2.357825994491577148e+00,1.999999284744262695e-01,1.940142211914062500e+03
2.391340494155883789e+00,1.999999284744262695e-01,1.940126831054687500e+03
2.425221681594848633e+00,1.999999284744262695e-01,1.940112304687500000e+03
2.459449291229248047e+00,1.999999284744262695e-01,1.940098632812500000e+03
2.494002342224121094e+00,1.999999284744262695e-01,1.940085815429687500e+03
2.528860092163085938e+00,1.999999284744262695e-01,1.940073852539062500e+03
2.564001798629760742e+00,1.999999284744262695e-01,1.940062744140625000e+03
2.599406003952026367e+00,1.999999284744262695e-01,1.940052490234375000e+03
2.635051488876342773e+00,1.999999284744262695e-01,1.940043090820312500e+03
2.670917034149169922e+00,1.999999284744262695e-01,1.940034545898437500e+03
2.706980705261230469e+00,1.999999284744262695e-01,1.940026855468750000e+03
2.743220806121826172e+00,1.999999284744262695e-01,1.940020141601562500e+03
2.779615402221679688e+00,1.999999284744262695e-01,1.940014282226562500e+03
2.816143035888671875e+00,1.999999284744262695e-01,1.940009277343750000e+03
2.852781295776367188e+00,1.999999284744262695e-01,1.940005249023437500e+03
2.889508485794067383e+00,1.999999284744262695e-01,1.940002075195312500e+03
2.926301956176757812e+00,1.999999284744262695e-01,1.939999877929687500e+03
2.963139772415161133e+00,1.999999284744262695e-01,1.939998535156250000e+03
3.000000000000000000e+00,1.999999284744262695e-01,1.939998046875000000e+03
3.036860227584838867e+00,1.999999284744262695e-01,1.939998535156250000e+03
3.073698043823242188e+00,1.999999284744262695e-01,1.939999877929687500e+03
3.110491514205932617e+00,1.999999284744262695e-01,1.940002075195312500e+03
3.147218704223632812e+00,1.999999284744262695e-01,1.940005249023437500e+03
3.183856964111328125e+00,1.999999284744262695e-01,1.940009277343750000e+03
3.220384597778320312e+00,1.999999284744262695e-01,1.940014282226562500e+03
3.256779193878173828e+00,1.999999284744262695e-01,1.940020141601562500e+03
3.293019294738769531e+00,1.999999284744262695e-01,1.940026855468750000e+03
3.329082965850830078e+00,1.999999284744262695e-01,1.940034545898437500e+03
3.364948511123657227e+00,1.999999284744262695e-01,1.940043090820312500e+03
3.400593996047973633e+00,1.999999284744262695e-01,1.940052490234375000e+03
3.435998201370239258e+00,1.999999284744262695e-01,1.940062744140625000e+03
3.471139907836914062e+00,1.999999284744262695e-01,1.940073852539062500e+03
3.505997657775878906e+00,1.999999284744262695e-01,1.940085815429687500e+03
3.540550708770751953e+00,1.999999284744262695e-01,1.940098632812500000e+03
3.574778318405151367e+00,1.999999284744262695e-01,1.940112304687500000e+03
3.608659505844116211e+00,1.999999284744262695e-01,1.940126831054687500e+03
3.642174005508422852e+00,1.999999284744262695e-01,1.940142211914062500e+03
3.675301790237426758e+00,1.999999284744262695e-01,1.940158447265625000e+03
3.708022832870483398e+00,1.999999284744262695e-01,1.940175415039062500e+03
3.740317344665527344e+00,1.999999284744262695e-01,1.940193115234375000e+03
3.772165775299072266e+00,1.999999284744262695e-01,1.940211669921875000e+03
3.803549289703369141e+00,1.999999284744262695e-01,1.940231079101562500e+03
3.834448814392089844e+00,1.999999284744262695e-01,1.940251098632812500e+03
3.864845514297485352e+00,1.999999284744262695e-01,1.940271972656250000e+03
3.894721269607543945e+00,1.999999284744262695e-01,1.940293579101562500e+03
3.924058198928833008e+00,1.999999284744262695e-01,1.940315917968750000e+03
3.952838420867919922e+00,1.999999284744262695e-01,1.940338989257812500e+03
3.981044769287109375e+00,1.999999284744262695e-01,1.940362670898437500e+03
4.008660316467285156e+00,1.999999284744262695e-01,1.940387084960937500e+03
4.035667896270751953e+00,1.999999284744262695e-01,1.940412231445312500e+03
4.062051773071289062e+00,1.999999284744262695e-01,1.940437988281250000e+03
4.087796211242675781e+00,1.999999284744262695e-01,1.940464355468750000e+03
4.112884998321533203e+00,1.999999284744262695e-01,1.940491333007812500e+03
4.137303352355957031e+00,1.999999284744262695e-01,1.940518920898437500e+03
4.161036968231201172e+00,1.999999284744262695e-01,1.940547119140625000e+03
4.184071063995361328e+00,1.999999284744262695e-01,1.940575927734375000e+03
4.206391811370849609e+00,1.999999284744262695e-01,1.940605224609375000e+03
4.227986335754394531e+00,1.999999284744262695e-01,1.940635131835937500e+03
4.248840808868408203e+00,1.999999284744262695e-01,1.940665527343750000e+03
4.268942832946777344e+00,1.999999284744262695e-01,1.940696411132812500e+03
4.288280963897705078e+00,1.999999284744262695e-01,1.940727783203125000e+03
4.306842803955078125e+00,1.999999284744262695e-01,1.940759643554687500e+03
4.324617385864257812e+00,1.999999284744262695e-01,1.940791992187500000e+03
4.341594219207763672e+00,1.999999284744262695e-01,1.940824707031250000e+03
4.357762813568115234e+00,1.999999284744262695e-01,1.940857788085937500e+03
4.373113632202148438e+00,1.999999284744262695e-01,1.940891357421875000e+03
4.387637615203857422e+00,1.999999284744262695e-01,1.940925170898437500e+03
4.401325225830078125e+00,1.999999284744262695e-01,1.940959472656250000e+03
4.414169311523437500e+00,1.999999284744262695e-01,1.940994018554687500e+03
4.426160812377929688e+00,1.999999284744262695e-01,1.941028808593750000e+03
4.437294006347656250e+00,1.999999284744262695e-01,1.941063964843750000e+03
4.447560787200927734e+00,1.999999284744262695e-01,1.941099365234375000e+03
4.456955909729003906e+00,1.999999284744262695e-01,1.941135009765625000e+03
4.465473175048828125e+00,1.999999284744262695e-01,1.941170898437500000e+03
4.473108291625976562e+00,1.999999284744262695e-01,1.941207031250000000e+03
4.479855537414550781e+00,1.999999284744262695e-01,1.941243164062500000e+03
4.485711097717285156e+00,1.999999284744262695e-01,1.941279663085937500e+03
4.490672588348388672e+00,1.999999284744262695e-01,1.941316162109375000e+03
4.494735717773437500e+00,1.999999284744262695e-01,1.941352783203125000e+03
4.497898101806640625e+00,1.999999284744262695e-01,1.941389526367187500e+03
4.500158786773681641e+00,1.999999284744262695e-01,1.941426269531250000e+03
4.501515388488769531e+00,1.999999284744262695e-01,1.941463134765625000e+03
4.561678409576416016e+00,2.000000476837158203e-01,1.941500000000000000e+03
4.561208248138427734e+00,2.000000476837158203e-01,1.941538330078125000e+03
4.559797286987304688e+00,2.000000476837158203e-01,1.941576660156250000e+03
4.557447433471679688e+00,2.000000476837158203e-01,1.941614868164062500e+03
4.554158687591552734e+00,2.000000476837158203e-01,1.941653076171875000e+03
4.549933910369873047e+00,2.000000476837158203e-01,1.941691162109375000e+03
4.544775962829589844e+00,2.000000476837158203e-01,1.941729125976562500e+03
4.538686752319335938e+00,2.000000476837158203e-01,1.941766967773437500e+03
4.531671524047851562e+00,2.000000476837158203e-01,1.941804687500000000e+03
4.523733139038085938e+00,2.000000476837158203e-01,1.941842163085937500e+03
4.514876842498779297e+00,2.000000476837158203e-01,1.941879516601562500e+03
4.505108356475830078e+00,2.000000476837158203e-01,1.941916503906250000e+03
4.494433403015136719e+00,2.000000476837158203e-01,1.941953369140625000e+03
4.482857704162597656e+00,2.000000476837158203e-01,1.941989868164062500e+03
4.470389366149902344e+00,2.000000476837158203e-01,1.942026123046875000e+03
4.457035064697265625e+00,2.000000476837158203e-01,1.942062011718750000e+03
4.442802906036376953e+00,2.000000476837158203e-01,1.942097656250000000e+03
4.427701950073242188e+00,2.000000476837158203e-01,1.942132812500000000e+03
4.411740779876708984e+00,2.000000476837158203e-01,1.942167724609375000e+03
4.394928932189941406e+00,2.000000476837158203e-01,1.942202148437500000e+03
4.377277374267578125e+00,2.000000476837158203e-01,1.942236206054687500e+03
4.358796119689941406e+00,2.000000476837158203e-01,1.942269775390625000e+03
4.339496612548828125e+00,2.000000476837158203e-01,1.942302856445312500e+03
4.319389820098876953e+00,2.000000476837158203e-01,1.942335449218750000e+03
4.298488140106201172e+00,2.000000476837158203e-01,1.942367675781250000e+03
4.276804924011230469e+00,2.000000476837158203e-01,1.942399169921875000e+03
4.254352092742919922e+00,2.000000476837158203e-01,1.942430297851562500e+03
4.231143951416015625e+00,2.000000476837158203e-01,1.942460815429687500e+03
4.207193851470947266e+00,2.000000476837158203e-01,1.942490722656250000e+03
4.182517051696777344e+00,2.000000476837158203e-01,1.942520019531250000e+03
4.157127380371093750e+00,2.000000476837158203e-01,1.942548706054687500e+03
4.131041049957275391e+00,2.000000476837158203e-01,1.942576782226562500e+03
4.104273319244384766e+00,2.000000476837158203e-01,1.942604248046875000e+03
4.076840400695800781e+00,2.000000476837158203e-01,1.942630981445312500e+03
4.048759460449218750e+00,2.000000476837158203e-01,1.942657104492187500e+03
4.020046234130859375e+00,2.000000476837158203e-01,1.942682495117187500e+03
3.990718364715576172e+00,2.000000476837158203e-01,1.942707153320312500e+03
3.960793972015380859e+00,2.000000476837158203e-01,1.942731201171875000e+03
3.930290937423706055e+00,2.000000476837158203e-01,1.942754394531250000e+03
3.899227380752563477e+00,2.000000476837158203e-01,1.942776855468750000e+03
3.867622137069702148e+00,2.000000476837158203e-01,1.942798461914062500e+03
3.835494279861450195e+00,2.000000476837158203e-01,1.942819335937500000e+03
3.802863121032714844e+00,2.000000476837158203e-01,1.942839477539062500e+03
3.769748449325561523e+00,2.000000476837158203e-01,1.942858764648437500e+03
3.736170291900634766e+00,2.000000476837158203e-01,1.942877319335937500e+03
3.702148437500000000e+00,2.000000476837158203e-01,1.942894897460937500e+03
3.667703628540039062e+00,2.000000476837158203e-01,1.942911743164062500e+03
3.632856607437133789e+00,2.000000476837158203e-01,1.942927734375000000e+03
3.597628593444824219e+00,2.000000476837158203e-01,1.942942749023437500e+03
3.562040328979492188e+00,2.000000476837158203e-01,1.942957031250000000e+03
3.526113510131835938e+00,2.000000476837158203e-01,1.942970336914062500e+03
3.489870071411132812e+00,2.000000476837158203e-01,1.942982910156250000e+03
3.453331470489501953e+00,2.000000476837158203e-01,1.942994384765625000e+03
3.416519641876220703e+00,2.000000476837158203e-01,1.943005126953125000e+03
3.379456996917724609e+00,2.000000476837158203e-01,1.943014892578125000e+03
3.342165708541870117e+00,2.000000476837158203e-01,1.943023681640625000e+03
3.304668426513671875e+00,2.000000476837158203e-01,1.943031616210937500e+03
3.266987562179565430e+00,2.000000476837158203e-01,1.943038696289062500e+03
3.229145765304565430e+00,2.000000476837158203e-01,1.943044799804687500e+03
3.191166162490844727e+00,2.000000476837158203e-01,1.943049926757812500e+03
3.153071165084838867e+00,2.000000476837158203e-01,1.943054199218750000e+03
3.114884138107299805e+00,2.000000476837158203e-01,1.943057495117187500e+03
3.076627969741821289e+00,2.000000476837158203e-01,1.943059814453125000e+03
3.038325548171997070e+00,2.000000476837158203e-01,1.943061157226562500e+03
3.000000000000000000e+00,2.000000476837158203e-01,1.943061645507812500e+03
2.961674451828002930e+00,2.000000476837158203e-01,1.943061157226562500e+03
2.923372030258178711e+00,2.000000476837158203e-01,1.943059814453125000e+03
2.885115861892700195e+00,2.000000476837158203e-01,1.943057495117187500e+03
2.846928834915161133e+00,2.000000476837158203e-01,1.943054199218750000e+03
2.808833837509155273e+00,2.000000476837158203e-01,1.943049926757812500e+03
2.770854234695434570e+00,2.000000476837158203e-01,1.943044799804687500e+03
2.733012437820434570e+00,2.000000476837158203e-01,1.943038696289062500e+03
2.695331573486328125e+00,2.000000476837158203e-01,1.943031616210937500e+03
2.657834291458129883e+00,2.000000476837158203e-01,1.943023681640625000e+03
2.620543003082275391e+00,2.000000476837158203e-01,1.943014892578125000e+03
2.583480358123779297e+00,2.000000476837158203e-01,1.943005126953125000e+03
2.546668529510498047e+00,2.000000476837158203e-01,1.942994384765625000e+03
2.510129928588867188e+00,2.000000476837158203e-01,1.942982910156250000e+03
2.473886489868164062e+00,2.000000476837158203e-01,1.942970336914062500e+03
2.437959671020507812e+00,2.000000476837158203e-01,1.942957031250000000e+03
2.402371406555175781e+00,2.000000476837158203e-01,1.942942749023437500e+03
2.367143392562866211e+00,2.000000476837158203e-01,1.942927734375000000e+03
2.332296371459960938e+00,2.000000476837158203e-01,1.942911743164062500e+03
2.297851562500000000e+00,2.000000476837158203e-01,1.942894897460937500e+03
2.263829708099365234e+00,2.000000476837158203e-01,1.942877319335937500e+03
2.230251550674438477e+00,2.000000476837158203e-01,1.942858764648437500e+03
2.197136878967285156e+00,2.000000476837158203e-01,1.942839477539062500e+03
2.164505720138549805e+00,2.000000476837158203e-01,1.942819335937500000e+03
2.132377862930297852e+00,2.000000476837158203e-01,1.942798461914062500e+03
2.100772619247436523e+00,2.000000476837158203e-01,1.942776855468750000e+03
2.069709062576293945e+00,2.000000476837158203e-01,1.942754394531250000e+03
2.039206027984619141e+00,2.000000476837158203e-01,1.942731201171875000e+03
2.009281635284423828e+00,2.000000476837158203e-01,1.942707153320312500e+03
1.979954004287719727e+00,2.000000476837158203e-01,1.942682495117187500e+03
1.951240777969360352e+00,2.000000476837158203e-01,1.942657104492187500e+03
1.923159360885620117e+00,2.000000476837158203e-01,1.942630981445312500e+03
1.895726561546325684e+00,2.000000476837158203e-01,1.942604248046875000e+03
1.868958950042724609e+00,2.000000476837158203e-01,1.942576782226562500e+03
1.842872500419616699e+00,2.000000476837158203e-01,1.942548706054687500e+03
1.817483186721801758e+00,2.000000476837158203e-01,1.942520019531250000e+03
1.792806148529052734e+00,2.000000476837158203e-01,1.942490722656250000e+03
1.768856287002563477e+00,2.000000476837158203e-01,1.942460815429687500e+03
1.745648026466369629e+00,2.000000476837158203e-01,1.942430297851562500e+03
1.723195314407348633e+00,2.000000476837158203e-01,1.942399169921875000e+03
1.701511740684509277e+00,2.000000476837158203e-01,1.942367675781250000e+03
1.680610299110412598e+00,2.000000476837158203e-01,1.942335449218750000e+03
1.660503625869750977e+00,2.000000476837158203e-01,1.942302856445312500e+03
1.641203880310058594e+00,2.000000476837158203e-01,1.942269775390625000e+03
1.622722506523132324e+00,2.000000476837158203e-01,1.942236206054687500e+03
1.605070829391479492e+00,2.000000476837158203e-01,1.942202148437500000e+03
1.588259339332580566e+00,2.000000476837158203e-01,1.942167724609375000e+03
1.572298169136047363e+00,2.000000476837158203e-01,1.942132812500000000e+03
1.557197093963623047e+00,2.000000476837158203e-01,1.942097656250000000e+03
1.542965173721313477e+00,2.000000476837158203e-01,1.942062011718750000e+03
1.529610872268676758e+00,2.000000476837158203e-01,1.942026123046875000e+03
1.517142176628112793e+00,2.000000476837158203e-01,1.941989868164062500e+03
1.505566835403442383e+00,2.000000476837158203e-01,1.941953369140625000e+03
1.494891643524169922e+00,2.000000476837158203e-01,1.941916503906250000e+03
1.485123038291931152e+00,2.000000476837158203e-01,1.941879516601562500e+03
1.476266980171203613e+00,2.000000476837158203e-01,1.941842163085937500e+03
1.468328714370727539e+00,2.000000476837158203e-01,1.941804687500000000e+03
1.461313009262084961e+00,2.000000476837158203e-01,1.941766967773437500e+03
1.455224275588989258e+00,2.000000476837158203e-01,1.941729125976562500e+03
1.450066089630126953e+00,2.000000476837158203e-01,1.941691162109375000e+03
1.445841312408447266e+00,2.000000476837158203e-01,1.941653076171875000e+03
1.442552804946899414e+00,2.000000476837158203e-01,1.941614868164062500e+03
1.440202474594116211e+00,2.000000476837158203e-01,1.941576660156250000e+03
1.438791751861572266e+00,2.000000476837158203e-01,1.941538330078125000e+03
1.438321471214294434e+00,2.000000476837158203e-01,1.941500000000000000e+03
1.438791751861572266e+00,2.000000476837158203e-01,1.941461669921875000e+03
1.440202474594116211e+00,2.000000476837158203e-01,1.941423339843750000e+03
1.442552804946899414e+00,2.000000476837158203e-01,1.941385131835937500e+03
1.445841312408447266e+00,2.000000476837158203e-01,1.941346923828125000e+03
1.450066089630126953e+00,2.000000476837158203e-01,1.941308837890625000e+03
1.455224275588989258e+00,2.000000476837158203e-01,1.941270874023437500e+03
1.461313009262084961e+00,2.000000476837158203e-01,1.941233032226562500e+03
1.468328714370727539e+00,2.000000476837158203e-01,1.941195312500000000e+03
1.476266980171203613e+00,2.000000476837158203e-01,1.941157836914062500e+03
1.485123038291931152e+00,2.000000476837158203e-01,1.941120483398437500e+03
1.494891643524169922e+00,2.000000476837158203e-01,1.941083496093750000e+03
1.505566835403442383e+00,2.000000476837158203e-01,1.941046630859375000e+03
1.517142176628112793e+00,2.000000476837158203e-01,1.941010131835937500e+03
1.529610872268676758e+00,2.000000476837158203e-01,1.940973876953125000e+03
1.542965173721313477e+00,2.000000476837158203e-01,1.940937988281250000e+03
1.557197093963623047e+00,2.000000476837158203e-01,1.940902343750000000e+03
1.572298169136047363e+00,2.000000476837158203e-01,1.940867187500000000e+03
1.588259339332580566e+00,2.000000476837158203e-01,1.940832275390625000e+03
1.605070829391479492e+00,2.000000476837158203e-01,1.940797851562500000e+03
1.622722506523132324e+00,2.000000476837158203e-01,1.940763793945312500e+03
1.641203880310058594e+00,2.000000476837158203e-01,1.940730224609375000e+03
1.660503625869750977e+00,2.000000476837158203e-01,1.940697143554687500e+03
1.680610299110412598e+00,2.000000476837158203e-01,1.940664550781250000e+03
1.701511740684509277e+00,2.000000476837158203e-01,1.940632324218750000e+03
1.723195314407348633e+00,2.000000476837158203e-01,1.940600830078125000e+03
1.745648026466369629e+00,2.000000476837158203e-01,1.940569702148437500e+03
1.768856287002563477e+00,2.000000476837158203e-01,1.940539184570312500e+03
1.792806148529052734e+00,2.000000476837158203e-01,1.940509277343750000e+03
1.817483186721801758e+00,2.000000476837158203e-01,1.940479980468750000e+03
1.842872500419616699e+00,2.000000476837158203e-01,1.940451293945312500e+03
1.868958950042724609e+00,2.000000476837158203e-01,1.940423217773437500e+03
1.895726561546325684e+00,2.000000476837158203e-01,1.940395751953125000e+03
1.923159360885620117e+00,2.000000476837158203e-01,1.940369018554687500e+03
1.951240777969360352e+00,2.000000476837158203e-01,1.940342895507812500e+03
1.979954004287719727e+00,2.000000476837158203e-01,1.940317504882812500e+03
2.009281635284423828e+00,2.000000476837158203e-01,1.940292846679687500e+03
2.039206027984619141e+00,2.000000476837158203e-01,1.940268798828125000e+03
2.069709062576293945e+00,2.000000476837158203e-01,1.940245605468750000e+03
2.100772619247436523e+00,2.000000476837158203e-01,1.940223144531250000e+03
2.132377862930297852e+00,2.000000476837158203e-01,1.940201538085937500e+03
2.164505720138549805e+00,2.000000476837158203e-01,1.940180664062500000e+03
2.197136878967285156e+00,2.000000476837158203e-01,1.940160522460937500e+03
2.230251550674438477e+00,2.000000476837158203e-01,1.940141235351562500e+03
2.263829708099365234e+00,2.000000476837158203e-01,1.940122680664062500e+03
2.297851562500000000e+00,2.000000476837158203e-01,1.940105102539062500e+03
2.332296371459960938e+00,2.000000476837158203e-01,1.940088256835937500e+03
2.367143392562866211e+00,2.000000476837158203e-01,1.940072265625000000e+03
2.402371406555175781e+00,2.000000476837158203e-01,1.940057250976562500e+03
2.437959671020507812e+00,2.000000476837158203e-01,1.940042968750000000e+03
2.473886489868164062e+00,2.000000476837158203e-01,1.940029663085937500e+03
2.510129928588867188e+00,2.000000476837158203e-01,1.940017089843750000e+03
2.546668529510498047e+00,2.000000476837158203e-01,1.940005615234375000e+03
2.583480358123779297e+00,2.000000476837158203e-01,1.939994873046875000e+03
2.620543003082275391e+00,2.000000476837158203e-01,1.939985107421875000e+03
2.657834291458129883e+00,2.000000476837158203e-01,1.939976318359375000e+03
2.695331573486328125e+00,2.000000476837158203e-01,1.939968383789062500e+03
2.733012437820434570e+00,2.000000476837158203e-01,1.939961303710937500e+03
2.770854234695434570e+00,2.000000476837158203e-01,1.939955200195312500e+03
2.808833837509155273e+00,2.000000476837158203e-01,1.939950073242187500e+03
2.846928834915161133e+00,2.000000476837158203e-01,1.939945800781250000e+03
2.885115861892700195e+00,2.000000476837158203e-01,1.939942504882812500e+03
2.923372030258178711e+00,2.000000476837158203e-01,1.939940185546875000e+03
2.961674451828002930e+00,2.000000476837158203e-01,1.939938842773437500e+03
3.000000000000000000e+00,2.000000476837158203e-01,1.939938354492187500e+03
3.038325548171997070e+00,2.000000476837158203e-01,1.939938842773437500e+03
3.076627969741821289e+00,2.000000476837158203e-01,1.939940185546875000e+03
3.114884138107299805e+00,2.000000476837158203e-01,1.939942504882812500e+03
3.153071165084838867e+00,2.000000476837158203e-01,1.939945800781250000e+03
3.191166162490844727e+00,2.000000476837158203e-01,1.939950073242187500e+03
3.229145765304565430e+00,2.000000476837158203e-01,1.939955200195312500e+03
3.266987562179565430e+00,2.000000476837158203e-01,1.939961303710937500e+03
3.304668426513671875e+00,2.000000476837158203e-01,1.939968383789062500e+03
3.342165708541870117e+00,2.000000476837158203e-01,1.939976318359375000e+03
3.379456996917724609e+00,2.000000476837158203e-01,1.939985107421875000e+03
3.416519641876220703e+00,2.000000476837158203e-01,1.939994873046875000e+03
3.453331470489501953e+00,2.000000476837158203e-01,1.940005615234375000e+03
3.489870071411132812e+00,2.000000476837158203e-01,1.940017089843750000e+03
3.526113510131835938e+00,2.000000476837158203e-01,1.940029663085937500e+03
3.562040328979492188e+00,2.000000476837158203e-01,1.940042968750000000e+03
3.597628593444824219e+00,2.000000476837158203e-01,1.940057250976562500e+03
3.632856607437133789e+00,2.000000476837158203e-01,1.940072265625000000e+03
3.667703628540039062e+00,2.000000476837158203e-01,1.940088256835937500e+03
3.702148437500000000e+00,2.000000476837158203e-01,1.940105102539062500e+03
3.736170291900634766e+00,2.000000476837158203e-01,1.940122680664062500e+03
3.769748449325561523e+00,2.000000476837158203e-01,1.940141235351562500e+03
3.802863121032714844e+00,2.000000476837158203e-01,1.940160522460937500e+03
3.835494279861450195e+00,2.000000476837158203e-01,1.940180664062500000e+03
3.867622137069702148e+00,2.000000476837158203e-01,1.940201538085937500e+03
3.899227380752563477e+00,2.000000476837158203e-01,1.940223144531250000e+03
3.930290937423706055e+00,2.000000476837158203e-01,1.940245605468750000e+03
3.960793972015380859e+00,2.000000476837158203e-01,1.940268798828125000e+03
3.990718364715576172e+00,2.000000476837158203e-01,1.940292846679687500e+03
4.020046234130859375e+00,2.000000476837158203e-01,1.940317504882812500e+03
4.048759460449218750e+00,2.000000476837158203e-01,1.940342895507812500e+03
4.076840400695800781e+00,2.000000476837158203e-01,1.940369018554687500e+03
4.104273319244384766e+00,2.000000476837158203e-01,1.940395751953125000e+03
4.131041049957275391e+00,2.000000476837158203e-01,1.940423217773437500e+03
4.157127380371093750e+00,2.000000476837158203e-01,1.940451293945312500e+03
4.182517051696777344e+00,2.000000476837158203e-01,1.940479980468750000e+03
4.207193851470947266e+00,2.000000476837158203e-01,1.940509277343750000e+03
4.231143951416015625e+00,2.000000476837158203e-01,1.940539184570312500e+03
4.254352092742919922e+00,2.000000476837158203e-01,1.940569702148437500e+03
4.276804924011230469e+00,2.000000476837158203e-01,1.940600830078125000e+03
4.298488140106201172e+00,2.000000476837158203e-01,1.940632324218750000e+03
4.319389820098876953e+00,2.000000476837158203e-01,1.940664550781250000e+03
4.339496612548828125e+00,2.000000476837158203e-01,1.940697143554687500e+03
4.358796119689941406e+00,2.000000476837158203e-01,1.940730224609375000e+03
4.377277374267578125e+00,2.000000476837158203e-01,1.940763793945312500e+03
4.394928932189941406e+00,2.000000476837158203e-01,1.940797851562500000e+03
4.411740779876708984e+00,2.000000476837158203e-01,1.940832275390625000e+03
4.427701950073242188e+00,2.000000476837158203e-01,1.940867187500000000e+03
4.442802906036376953e+00,2.000000476837158203e-01,1.940902343750000000e+03
4.457035064697265625e+00,2.000000476837158203e-01,1.940937988281250000e+03
4.470389366149902344e+00,2.000000476837158203e-01,1.940973876953125000e+03
4.482857704162597656e+00,2.000000476837158203e-01,1.941010131835937500e+03
4.494433403015136719e+00,2.000000476837158203e-01,1.941046630859375000e+03
4.505108356475830078e+00,2.000000476837158203e-01,1.941083496093750000e+03
4.514876842498779297e+00,2.000000476837158203e-01,1.941120483398437500e+03
4.523733139038085938e+00,2.000000476837158203e-01,1.941157836914062500e+03
4.531671524047851562e+00,2.000000476837158203e-01,1.941195312500000000e+03
4.538686752319335938e+00,2.000000476837158203e-01,1.941233032226562500e+03
4.544775962829589844e+00,2.000000476837158203e-01,1.941270874023437500e+03
4.549933910369873047e+00,2.000000476837158203e-01,1.941308837890625000e+03
4.554158687591552734e+00,2.000000476837158203e-01,1.941346923828125000e+03
4.557447433471679688e+00,2.000000476837158203e-01,1.941385131835937500e+03
4.559797286987304688e+00,2.000000476837158203e-01,1.941423339843750000e+03
4.561208248138427734e+00,2.000000476837158203e-01,1.941461669921875000e+03
4.623416900634765625e+00,1.999999284744262695e-01,1.941500000000000000e+03
4.622927665710449219e+00,1.999999284744262695e-01,1.941539794921875000e+03
4.621461391448974609e+00,1.999999284744262695e-01,1.941579711914062500e+03
4.619018077850341797e+00,1.999999284744262695e-01,1.941619384765625000e+03
4.615599632263183594e+00,1.999999284744262695e-01,1.941659179687500000e+03
4.611207962036132812e+00,1.999999284744262695e-01,1.941698730468750000e+03
4.605845928192138672e+00,1.999999284744262695e-01,1.941738159179687500e+03
4.599516391754150391e+00,1.999999284744262695e-01,1.941777587890625000e+03
4.592223167419433594e+00,1.999999284744262695e-01,1.941816772460937500e+03
4.583971023559570312e+00,1.999999284744262695e-01,1.941855712890625000e+03
4.574765205383300781e+00,1.999999284744262695e-01,1.941894409179687500e+03
4.564610481262207031e+00,1.999999284744262695e-01,1.941932983398437500e+03
4.553513050079345703e+00,1.999999284744262695e-01,1.941971313476562500e+03
4.541480064392089844e+00,1.999999284744262695e-01,1.942009277343750000e+03
4.528518676757812500e+00,1.999999284744262695e-01,1.942046875000000000e+03
4.514636039733886719e+00,1.999999284744262695e-01,1.942084228515625000e+03
4.499841690063476562e+00,1.999999284744262695e-01,1.942121215820312500e+03
4.484143257141113281e+00,1.999999284744262695e-01,1.942157836914062500e+03
4.467551231384277344e+00,1.999999284744262695e-01,1.942194091796875000e+03
4.450075149536132812e+00,1.999999284744262695e-01,1.942229858398437500e+03
4.431725978851318359e+00,1.999999284744262695e-01,1.942265258789062500e+03
4.412513732910156250e+00,1.999999284744262695e-01,1.942300170898437500e+03
4.392451286315917969e+00,1.999999284744262695e-01,1.942334594726562500e+03
4.371549606323242188e+00,1.999999284744262695e-01,1.942368530273437500e+03
4.349821567535400391e+00,1.999999284744262695e-01,1.942401977539062500e+03
4.327280998229980469e+00,1.999999284744262695e-01,1.942434814453125000e+03
4.303940773010253906e+00,1.999999284744262695e-01,1.942467041015625000e+03
4.279814720153808594e+00,1.999999284744262695e-01,1.942498779296875000e+03
4.254918098449707031e+00,1.999999284744262695e-01,1.942529907226562500e+03
4.229265689849853516e+00,1.999999284744262695e-01,1.942560424804687500e+03
4.202872276306152344e+00,1.999999284744262695e-01,1.942590209960937500e+03
4.175755023956298828e+00,1.999999284744262695e-01,1.942619384765625000e+03
4.147929191589355469e+00,1.999999284744262695e-01,1.942647949218750000e+03
4.119411468505859375e+00,1.999999284744262695e-01,1.942675781250000000e+03
4.090219974517822266e+00,1.999999284744262695e-01,1.942702880859375000e+03
4.060371875762939453e+00,1.999999284744262695e-01,1.942729248046875000e+03
4.029884815216064453e+00,1.999999284744262695e-01,1.942754882812500000e+03
3.998777389526367188e+00,1.999999284744262695e-01,1.942779785156250000e+03
3.967068195343017578e+00,1.999999284744262695e-01,1.942803955078125000e+03
3.934776782989501953e+00,1.999999284744262695e-01,1.942827270507812500e+03
3.901921987533569336e+00,1.999999284744262695e-01,1.942849853515625000e+03
3.868524074554443359e+00,1.999999284744262695e-01,1.942871582031250000e+03
3.834603071212768555e+00,1.999999284744262695e-01,1.942892456054687500e+03
3.800179243087768555e+00,1.999999284744262695e-01,1.942912475585937500e+03
3.765273571014404297e+00,1.999999284744262695e-01,1.942931762695312500e+03
3.729906558990478516e+00,1.999999284744262695e-01,1.942950073242187500e+03
3.694100141525268555e+00,1.999999284744262695e-01,1.942967529296875000e+03
3.657875537872314453e+00,1.999999284744262695e-01,1.942984130859375000e+03
3.621254682540893555e+00,1.999999284744262695e-01,1.942999877929687500e+03
3.584259748458862305e+00,1.999999284744262695e-01,1.943014648437500000e+03
3.546912670135498047e+00,1.999999284744262695e-01,1.943028564453125000e+03
3.509236335754394531e+00,1.999999284744262695e-01,1.943041503906250000e+03
3.471252918243408203e+00,1.999999284744262695e-01,1.943053466796875000e+03
3.432986021041870117e+00,1.999999284744262695e-01,1.943064575195312500e+03
3.394458055496215820e+00,1.999999284744262695e-01,1.943074707031250000e+03
3.355692625045776367e+00,1.999999284744262695e-01,1.943083984375000000e+03
3.316712856292724609e+00,1.999999284744262695e-01,1.943092163085937500e+03
3.277542352676391602e+00,1.999999284744262695e-01,1.943099487304687500e+03
3.238204717636108398e+00,1.999999284744262695e-01,1.943105834960937500e+03
3.198723554611206055e+00,1.999999284744262695e-01,1.943111206054687500e+03
3.159122705459594727e+00,1.999999284744262695e-01,1.943115600585937500e+03
3.119426012039184570e+00,1.999999284744262695e-01,1.943119018554687500e+03
3.079657316207885742e+00,1.999999284744262695e-01,1.943121459960937500e+03
3.039840698242187500e+00,1.999999284744262695e-01,1.943122924804687500e+03
3.000000000000000000e+00,1.999999284744262695e-01,1.943123413085937500e+03
2.960159301757812500e+00,1.999999284744262695e-01,1.943122924804687500e+03
2.920342683792114258e+00,1.999999284744262695e-01,1.943121459960937500e+03
2.880573987960815430e+00,1.999999284744262695e-01,1.943119018554687500e+03
2.840877294540405273e+00,1.999999284744262695e-01,1.943115600585937500e+03
2.801276445388793945e+00,1.999999284744262695e-01,1.943111206054687500e+03
2.761795282363891602e+00,1.999999284744262695e-01,1.943105834960937500e+03
2.722457647323608398e+00,1.999999284744262695e-01,1.943099487304687500e+03
2.683287143707275391e+00,1.999999284744262695e-01,1.943092163085937500e+03
2.644307374954223633e+00,1.999999284744262695e-01,1.943083984375000000e+03
2.605541944503784180e+00,1.999999284744262695e-01,1.943074707031250000e+03
2.567013978958129883e+00,1.999999284744262695e-01,1.943064575195312500e+03
2.528747081756591797e+00,1.999999284744262695e-01,1.943053466796875000e+03
2.490763664245605469e+00,1.999999284744262695e-01,1.943041503906250000e+03
2.453087329864501953e+00,1.999999284744262695e-01,1.943028564453125000e+03
2.415740251541137695e+00,1.999999284744262695e-01,1.943014648437500000e+03
2.378745317459106445e+00,1.999999284744262695e-01,1.942999877929687500e+03
2.342124462127685547e+00,1.999999284744262695e-01,1.942984130859375000e+03
2.305899858474731445e+00,1.999999284744262695e-01,1.942967529296875000e+03
2.270093441009521484e+00,1.999999284744262695e-01,1.942950073242187500e+03
2.234726428985595703e+00,1.999999284744262695e-01,1.942931762695312500e+03
2.199820756912231445e+00,1.999999284744262695e-01,1.942912475585937500e+03
2.165396928787231445e+00,1.999999284744262695e-01,1.942892456054687500e+03
2.131475925445556641e+00,1.999999284744262695e-01,1.942871582031250000e+03
2.098078012466430664e+00,1.999999284744262695e-01,1.942849853515625000e+03
2.065223217010498047e+00,1.999999284744262695e-01,1.942827270507812500e+03
2.032931804656982422e+00,1.999999284744262695e-01,1.942803955078125000e+03
2.001222610473632812e+00,1.999999284744262695e-01,1.942779785156250000e+03
1.970115184783935547e+00,1.999999284744262695e-01,1.942754882812500000e+03
1.939628243446350098e+00,1.999999284744262695e-01,1.942729248046875000e+03
1.909779906272888184e+00,1.999999284744262695e-01,1.942702880859375000e+03
1.880588293075561523e+00,1.999999284744262695e-01,1.942675781250000000e+03
1.852070927619934082e+00,1.999999284744262695e-01,1.942647949218750000e+03
1.824245095252990723e+00,1.999999284744262695e-01,1.942619384765625000e+03
1.797127485275268555e+00,1.999999284744262695e-01,1.942590209960937500e+03
1.770734310150146484e+00,1.999999284744262695e-01,1.942560424804687500e+03
1.745081901550292969e+00,1.999999284744262695e-01,1.942529907226562500e+03
1.720185160636901855e+00,1.999999284744262695e-01,1.942498779296875000e+03
1.696059346199035645e+00,1.999999284744262695e-01,1.942467041015625000e+03
1.672719001770019531e+00,1.999999284744262695e-01,1.942434814453125000e+03
1.650178313255310059e+00,1.999999284744262695e-01,1.942401977539062500e+03
1.628450512886047363e+00,1.999999284744262695e-01,1.942368530273437500e+03
1.607548832893371582e+00,1.999999284744262695e-01,1.942334594726562500e+03
1.587486028671264648e+00,1.999999284744262695e-01,1.942300170898437500e+03
1.568274140357971191e+00,1.999999284744262695e-01,1.942265258789062500e+03
1.549924612045288086e+00,1.999999284744262695e-01,1.942229858398437500e+03
1.532448649406433105e+00,1.999999284744262695e-01,1.942194091796875000e+03
1.515856504440307617e+00,1.999999284744262695e-01,1.942157836914062500e+03
1.500158309936523438e+00,1.999999284744262695e-01,1.942121215820312500e+03
1.485363721847534180e+00,1.999999284744262695e-01,1.942084228515625000e+03
1.471481442451477051e+00,1.999999284744262695e-01,1.942046875000000000e+03
1.458519935607910156e+00,1.999999284744262695e-01,1.942009277343750000e+03
1.446486949920654297e+00,1.999999284744262695e-01,1.941971313476562500e+03
1.435389637947082520e+00,1.999999284744262695e-01,1.941932983398437500e+03
1.425234913825988770e+00,1.999999284744262695e-01,1.941894409179687500e+03
1.416028738021850586e+00,1.999999284744262695e-01,1.941855712890625000e+03
1.407776594161987305e+00,1.999999284744262695e-01,1.941816772460937500e+03
1.400483608245849609e+00,1.999999284744262695e-01,1.941777587890625000e+03
1.394154191017150879e+00,1.999999284744262695e-01,1.941738159179687500e+03
1.388792037963867188e+00,1.999999284744262695e-01,1.941698730468750000e+03
1.384400367736816406e+00,1.999999284744262695e-01,1.941659179687500000e+03
1.380981802940368652e+00,1.999999284744262695e-01,1.941619384765625000e+03
1.378538608551025391e+00,1.999999284744262695e-01,1.941579711914062500e+03
1.377072095870971680e+00,1.999999284744262695e-01,1.941539794921875000e+03
1.376583218574523926e+00,1.999999284744262695e-01,1.941500000000000000e+03
1.377072095870971680e+00,1.999999284744262695e-01,1.941460205078125000e+03
1.378538608551025391e+00,1.999999284744262695e-01,1.941420288085937500e+03
1.380981802940368652e+00,1.999999284744262695e-01,1.941380615234375000e+03
1.384400367736816406e+00,1.999999284744262695e-01,1.941340820312500000e+03
1.388792037963867188e+00,1.999999284744262695e-01,1.941301269531250000e+03
1.394154191017150879e+00,1.999999284744262695e-01,1.941261840820312500e+03
1.400483608245849609e+00,1.999999284744262695e-01,1.941222412109375000e+03
1.407776594161987305e+00,1.999999284744262695e-01,1.941183227539062500e+03
1.416028738021850586e+00,1.999999284744262695e-01,1.941144287109375000e+03
1.425234913825988770e+00,1.999999284744262695e-01,1.941105590820312500e+03
1.435389637947082520e+00,1.999999284744262695e-01,1.941067016601562500e+03
1.446486949920654297e+00,1.999999284744262695e-01,1.941028686523437500e+03
1.458519935607910156e+00,1.999999284744262695e-01,1.940990722656250000e+03
1.471481442451477051e+00,1.999999284744262695e-01,1.940953125000000000e+03
1.485363721847534180e+00,1.999999284744262695e-01,1.940915771484375000e+03
1.500158309936523438e+00,1.999999284744262695e-01,1.940878784179687500e+03
1.515856504440307617e+00,1.999999284744262695e-01,1.940842163085937500e+03
1.532448649406433105e+00,1.999999284744262695e-01,1.940805908203125000e+03
1.549924612045288086e+00,1.999999284744262695e-01,1.940770141601562500e+03
1.568274140357971191e+00,1.999999284744262695e-01,1.940734741210937500e+03
1.587486028671264648e+00,1.999999284744262695e-01,1.940699829101562500e+03
1.607548832893371582e+00,1.999999284744262695e-01,1.940665405273437500e+03
1.628450512886047363e+00,1.999999284744262695e-01,1.940631469726562500e+03
1.650178313255310059e+00,1.999999284744262695e-01,1.940598022460937500e+03
1.672719001770019531e+00,1.999999284744262695e-01,1.940565185546875000e+03
1.696059346199035645e+00,1.999999284744262695e-01,1.940532958984375000e+03
1.720185160636901855e+00,1.999999284744262695e-01,1.940501220703125000e+03
1.745081901550292969e+00,1.999999284744262695e-01,1.940470092773437500e+03
1.770734310150146484e+00,1.999999284744262695e-01,1.940439575195312500e+03
1.797127485275268555e+00,1.999999284744262695e-01,1.940409790039062500e+03
1.824245095252990723e+00,1.999999284744262695e-01,1.940380615234375000e+03
1.852070927619934082e+00,1.999999284744262695e-01,1.940352050781250000e+03
1.880588293075561523e+00,1.999999284744262695e-01,1.940324218750000000e+03
1.909779906272888184e+00,1.999999284744262695e-01,1.940297119140625000e+03
1.939628243446350098e+00,1.999999284744262695e-01,1.940270751953125000e+03
1.970115184783935547e+00,1.999999284744262695e-01,1.940245117187500000e+03
2.001222610473632812e+00,1.999999284744262695e-01,1.940220214843750000e+03
2.032931804656982422e+00,1.999999284744262695e-01,1.940196044921875000e+03
2.065223217010498047e+00,1.999999284744262695e-01,1.940172729492187500e+03
2.098078012466430664e+00,1.999999284744262695e-01,1.940150146484375000e+03
2.131475925445556641e+00,1.999999284744262695e-01,1.940128417968750000e+03
2.165396928787231445e+00,1.999999284744262695e-01,1.940107543945312500e+03
2.199820756912231445e+00,1.999999284744262695e-01,1.940087524414062500e+03
2.234726428985595703e+00,1.999999284744262695e-01,1.940068237304687500e+03
2.270093441009521484e+00,1.999999284744262695e-01,1.940049926757812500e+03
2.305899858474731445e+00,1.999999284744262695e-01,1.940032470703125000e+03
2.342124462127685547e+00,1.999999284744262695e-01,1.940015869140625000e+03
2.378745317459106445e+00,1.999999284744262695e-01,1.940000122070312500e+03
2.415740251541137695e+00,1.999999284744262695e-01,1.939985351562500000e+03
2.453087329864501953e+00,1.999999284744262695e-01,1.939971435546875000e+03
2.490763664245605469e+00,1.999999284744262695e-01,1.939958496093750000e+03
2.528747081756591797e+00,1.999999284744262695e-01,1.939946533203125000e+03
2.567013978958129883e+00,1.999999284744262695e-01,1.939935424804687500e+03
2.605541944503784180e+00,1.999999284744262695e-01,1.939925292968750000e+03
2.644307374954223633e+00,1.999999284744262695e-01,1.939916015625000000e+03
2.683287143707275391e+00,1.999999284744262695e-01,1.939907836914062500e+03
2.722457647323608398e+00,1.999999284744262695e-01,1.939900512695312500e+03
2.761795282363891602e+00,1.999999284744262695e-01,1.939894165039062500e+03
2.801276445388793945e+00,1.999999284744262695e-01,1.939888793945312500e+03
2.840877294540405273e+00,1.999999284744262695e-01,1.939884399414062500e+03
2.880573987960815430e+00,1.999999284744262695e-01,1.939880981445312500e+03
2.920342683792114258e+00,1.999999284744262695e-01,1.939878540039062500e+03
2.960159301757812500e+00,1.999999284744262695e-01,1.939877075195312500e+03
3.000000000000000000e+00,1.999999284744262695e-01,1.939876586914062500e+03
3.039840698242187500e+00,1.999999284744262695e-01,1.939877075195312500e+03
3.079657316207885742e+00,1.999999284744262695e-01,1.939878540039062500e+03
3.119426012039184570e+00,1.999999284744262695e-01,1.939880981445312500e+03
3.159122705459594727e+00,1.999999284744262695e-01,1.939884399414062500e+03
3.198723554611206055e+00,1.999999284744262695e-01,1.939888793945312500e+03
3.238204717636108398e+00,1.999999284744262695e-01,1.939894165039062500e+03
3.277542352676391602e+00,1.999999284744262695e-01,1.939900512695312500e+03
3.316712856292724609e+00,1.999999284744262695e-01,1.939907836914062500e+03
3.355692625045776367e+00,1.999999284744262695e-01,1.939916015625000000e+03
3.394458055496215820e+00,1.999999284744262695e-01,1.939925292968750000e+03
3.432986021041870117e+00,1.999999284744262695e-01,1.939935424804687500e+03
3.471252918243408203e+00,1.999999284744262695e-01,1.939946533203125000e+03
3.509236335754394531e+00,1.999999284744262695e-01,1.939958496093750000e+03
3.546912670135498047e+00,1.999999284744262695e-01,1.939971435546875000e+03
3.584259748458862305e+00,1.999999284744262695e-01,1.939985351562500000e+03
3.621254682540893555e+00,1.999999284744262695e-01,1.940000122070312500e+03
3.657875537872314453e+00,1.999999284744262695e-01,1.940015869140625000e+03
3.694100141525268555e+00,1.999999284744262695e-01,1.940032470703125000e+03
3.729906558990478516e+00,1.999999284744262695e-01,1.940049926757812500e+03
3.765273571014404297e+00,1.999999284744262695e-01,1.940068237304687500e+03
3.800179243087768555e+00,1.999999284744262695e-01,1.940087524414062500e+03
3.834603071212768555e+00,1.999999284744262695e-01,1.940107543945312500e+03
3.868524074554443359e+00,1.999999284744262695e-01,1.940128417968750000e+03
3.901921987533569336e+00,1.999999284744262695e-01,1.940150146484375000e+03
3.934776782989501953e+00,1.999999284744262695e-01,1.940172729492187500e+03
3.967068195343017578e+00,1.999999284744262695e-01,1.940196044921875000e+03
3.998777389526367188e+00,1.999999284744262695e-01,1.940220214843750000e+03
4.029884815216064453e+00,1.999999284744262695e-01,1.940245117187500000e+03
4.060371875762939453e+00,1.999999284744262695e-01,1.940270751953125000e+03
4.090219974517822266e+00,1.999999284744262695e-01,1.940297119140625000e+03
4.119411468505859375e+00,1.999999284744262695e-01,1.940324218750000000e+03
4.147929191589355469e+00,1.999999284744262695e-01,1.940352050781250000e+03
4.175755023956298828e+00,1.999999284744262695e-01,1.940380615234375000e+03
4.202872276306152344e+00,1.999999284744262695e-01,1.940409790039062500e+03
4.229265689849853516e+00,1.999999284744262695e-01,1.940439575195312500e+03
4.254918098449707031e+00,1.999999284744262695e-01,1.940470092773437500e+03
4.279814720153808594e+00,1.999999284744262695e-01,1.940501220703125000e+03
4.303940773010253906e+00,1.999999284744262695e-01,1.940532958984375000e+03
4.327280998229980469e+00,1.999999284744262695e-01,1.940565185546875000e+03
4.349821567535400391e+00,1.999999284744262695e-01,1.940598022460937500e+03
4.371549606323242188e+00,1.999999284744262695e-01,1.940631469726562500e+03
4.392451286315917969e+00,1.999999284744262695e-01,1.940665405273437500e+03
4.412513732910156250e+00,1.999999284744262695e-01,1.940699829101562500e+03
4.431725978851318359e+00,1.999999284744262695e-01,1.940734741210937500e+03
4.450075149536132812e+00,1.999999284744262695e-01,1.940770141601562500e+03
4.467551231384277344e+00,1.999999284744262695e-01,1.940805908203125000e+03
4.484143257141113281e+00,1.999999284744262695e-01,1.940842163085937500e+03
4.499841690063476562e+00,1.999999284744262695e-01,1.940878784179687500e+03
4.514636039733886719e+00,1.999999284744262695e-01,1.940915771484375000e+03
4.528518676757812500e+00,1.999999284744262695e-01,1.940953125000000000e+03
4.541480064392089844e+00,1.999999284744262695e-01,1.940990722656250000e+03
4.553513050079345703e+00,1.999999284744262695e-01,1.941028686523437500e+03
4.564610481262207031e+00,1.999999284744262695e-01,1.941067016601562500e+03
4.574765205383300781e+00,1.999999284744262695e-01,1.941105590820312500e+03
4.583971023559570312e+00,1.999999284744262695e-01,1.941144287109375000e+03
4.592223167419433594e+00,1.999999284744262695e-01,1.941183227539062500e+03
4.599516391754150391e+00,1.999999284744262695e-01,1.941222412109375000e+03
4.605845928192138672e+00,1.999999284744262695e-01,1.941261840820312500e+03
4.611207962036132812e+00,1.999999284744262695e-01,1.941301269531250000e+03
4.615599632263183594e+00,1.999999284744262695e-01,1.941340820312500000e+03
4.619018077850341797e+00,1.999999284744262695e-01,1.941380615234375000e+03
4.621461391448974609e+00,1.999999284744262695e-01,1.941420288085937500e+03
4.622927665710449219e+00,1.999999284744262695e-01,1.941460205078125000e+03
4.687335491180419922e+00,2.000000476837158203e-01,1.941500000000000000e+03
4.686827659606933594e+00,2.000000476837158203e-01,1.941541381835937500e+03
4.685302734375000000e+00,2.000000476837158203e-01,1.941582763671875000e+03
4.682763576507568359e+00,2.000000476837158203e-01,1.941624145507812500e+03
4.679210662841796875e+00,2.000000476837158203e-01,1.941665405273437500e+03
4.674645900726318359e+00,2.000000476837158203e-01,1.941706542968750000e+03
4.669072628021240234e+00,2.000000476837158203e-01,1.941747558593750000e+03
4.662494182586669922e+00,2.000000476837158203e-01,1.941788452148437500e+03
4.654913902282714844e+00,2.000000476837158203e-01,1.941829223632812500e+03
4.646337032318115234e+00,2.000000476837158203e-01,1.941869750976562500e+03
4.636768341064453125e+00,2.000000476837158203e-01,1.941910034179687500e+03
4.626213550567626953e+00,2.000000476837158203e-01,1.941950073242187500e+03
4.614679336547851562e+00,2.000000476837158203e-01,1.941989868164062500e+03
4.602172851562500000e+00,2.000000476837158203e-01,1.942029296875000000e+03
4.588700771331787109e+00,2.000000476837158203e-01,1.942068481445312500e+03
4.574272155761718750e+00,2.000000476837158203e-01,1.942107299804687500e+03
4.558895111083984375e+00,2.000000476837158203e-01,1.942145751953125000e+03
4.542578697204589844e+00,2.000000476837158203e-01,1.942183837890625000e+03
4.525333404541015625e+00,2.000000476837158203e-01,1.942221435546875000e+03
4.507168769836425781e+00,2.000000476837158203e-01,1.942258666992187500e+03
4.488097190856933594e+00,2.000000476837158203e-01,1.942295410156250000e+03
4.468128681182861328e+00,2.000000476837158203e-01,1.942331665039062500e+03
4.447276115417480469e+00,2.000000476837158203e-01,1.942367431640625000e+03
4.425551414489746094e+00,2.000000476837158203e-01,1.942402709960937500e+03
4.402968406677246094e+00,2.000000476837158203e-01,1.942437377929687500e+03
4.379539966583251953e+00,2.000000476837158203e-01,1.942471557617187500e+03
4.355280876159667969e+00,2.000000476837158203e-01,1.942505126953125000e+03
4.330204963684082031e+00,2.000000476837158203e-01,1.942538085937500000e+03
4.304327964782714844e+00,2.000000476837158203e-01,1.942570434570312500e+03
4.277665615081787109e+00,2.000000476837158203e-01,1.942602172851562500e+03
4.250233173370361328e+00,2.000000476837158203e-01,1.942633178710937500e+03
4.222047805786132812e+00,2.000000476837158203e-01,1.942663452148437500e+03
4.193126678466796875e+00,2.000000476837158203e-01,1.942693115234375000e+03
4.163486480712890625e+00,2.000000476837158203e-01,1.942722045898437500e+03
4.133145332336425781e+00,2.000000476837158203e-01,1.942750244140625000e+03
4.102121829986572266e+00,2.000000476837158203e-01,1.942777709960937500e+03
4.070434570312500000e+00,2.000000476837158203e-01,1.942804321289062500e+03
4.038102149963378906e+00,2.000000476837158203e-01,1.942830200195312500e+03
4.005144596099853516e+00,2.000000476837158203e-01,1.942855224609375000e+03
3.971581697463989258e+00,2.000000476837158203e-01,1.942879516601562500e+03
3.937433481216430664e+00,2.000000476837158203e-01,1.942902954101562500e+03
3.902720451354980469e+00,2.000000476837158203e-01,1.942925537109375000e+03
3.867463827133178711e+00,2.000000476837158203e-01,1.942947265625000000e+03
3.831684589385986328e+00,2.000000476837158203e-01,1.942968139648437500e+03
3.795404434204101562e+00,2.000000476837158203e-01,1.942988037109375000e+03
3.758645057678222656e+00,2.000000476837158203e-01,1.943007202148437500e+03
3.721428871154785156e+00,2.000000476837158203e-01,1.943025390625000000e+03
3.683778047561645508e+00,2.000000476837158203e-01,1.943042602539062500e+03
3.645715236663818359e+00,2.000000476837158203e-01,1.943058837890625000e+03
3.607263565063476562e+00,2.000000476837158203e-01,1.943074218750000000e+03
3.568446159362792969e+00,2.000000476837158203e-01,1.943088745117187500e+03
3.529286384582519531e+00,2.000000476837158203e-01,1.943102172851562500e+03
3.489807605743408203e+00,2.000000476837158203e-01,1.943114624023437500e+03
3.450033903121948242e+00,2.000000476837158203e-01,1.943126220703125000e+03
3.409989118576049805e+00,2.000000476837158203e-01,1.943136718750000000e+03
3.369697332382202148e+00,2.000000476837158203e-01,1.943146362304687500e+03
3.329182863235473633e+00,2.000000476837158203e-01,1.943154907226562500e+03
3.288470029830932617e+00,2.000000476837158203e-01,1.943162475585937500e+03
3.247583627700805664e+00,2.000000476837158203e-01,1.943169067382812500e+03
3.206547975540161133e+00,2.000000476837158203e-01,1.943174682617187500e+03
3.165387868881225586e+00,2.000000476837158203e-01,1.943179199218750000e+03
3.124128103256225586e+00,2.000000476837158203e-01,1.943182739257812500e+03
3.082793712615966797e+00,2.000000476837158203e-01,1.943185302734375000e+03
3.041409254074096680e+00,2.000000476837158203e-01,1.943186767578125000e+03
3.000000000000000000e+00,2.000000476837158203e-01,1.943187377929687500e+03
2.958590745925903320e+00,2.000000476837158203e-01,1.943186767578125000e+03
2.917206287384033203e+00,2.000000476837158203e-01,1.943185302734375000e+03
2.875871896743774414e+00,2.000000476837158203e-01,1.943182739257812500e+03
2.834612131118774414e+00,2.000000476837158203e-01,1.943179199218750000e+03
2.793452024459838867e+00,2.000000476837158203e-01,1.943174682617187500e+03
2.752416372299194336e+00,2.000000476837158203e-01,1.943169067382812500e+03
2.711529970169067383e+00,2.000000476837158203e-01,1.943162475585937500e+03
2.670817136764526367e+00,2.000000476837158203e-01,1.943154907226562500e+03
2.630302667617797852e+00,2.000000476837158203e-01,1.943146362304687500e+03
2.590010881423950195e+00,2.000000476837158203e-01,1.943136718750000000e+03
2.549966096878051758e+00,2.000000476837158203e-01,1.943126220703125000e+03
2.510192394256591797e+00,2.000000476837158203e-01,1.943114624023437500e+03
2.470713615417480469e+00,2.000000476837158203e-01,1.943102172851562500e+03
2.431553840637207031e+00,2.000000476837158203e-01,1.943088745117187500e+03
2.392736434936523438e+00,2.000000476837158203e-01,1.943074218750000000e+03
2.354284763336181641e+00,2.000000476837158203e-01,1.943058837890625000e+03
2.316221952438354492e+00,2.000000476837158203e-01,1.943042602539062500e+03
2.278571128845214844e+00,2.000000476837158203e-01,1.943025390625000000e+03
2.241354942321777344e+00,2.000000476837158203e-01,1.943007202148437500e+03
2.204595565795898438e+00,2.000000476837158203e-01,1.942988037109375000e+03
2.168315410614013672e+00,2.000000476837158203e-01,1.942968139648437500e+03
2.132536172866821289e+00,2.000000476837158203e-01,1.942947265625000000e+03
2.097279548645019531e+00,2.000000476837158203e-01,1.942925537109375000e+03
2.062566518783569336e+00,2.000000476837158203e-01,1.942902954101562500e+03
2.028418302536010742e+00,2.000000476837158203e-01,1.942879516601562500e+03
1.994855403900146484e+00,2.000000476837158203e-01,1.942855224609375000e+03
1.961897850036621094e+00,2.000000476837158203e-01,1.942830200195312500e+03
1.929565668106079102e+00,2.000000476837158203e-01,1.942804321289062500e+03
1.897878289222717285e+00,2.000000476837158203e-01,1.942777709960937500e+03
1.866854667663574219e+00,2.000000476837158203e-01,1.942750244140625000e+03
1.836513638496398926e+00,2.000000476837158203e-01,1.942722045898437500e+03
1.806873559951782227e+00,2.000000476837158203e-01,1.942693115234375000e+03
1.777952194213867188e+00,2.000000476837158203e-01,1.942663452148437500e+03
1.749766826629638672e+00,2.000000476837158203e-01,1.942633178710937500e+03
1.722334504127502441e+00,2.000000476837158203e-01,1.942602172851562500e+03
1.695671916007995605e+00,2.000000476837158203e-01,1.942570434570312500e+03
1.669795036315917969e+00,2.000000476837158203e-01,1.942538085937500000e+03
1.644719362258911133e+00,2.000000476837158203e-01,1.942505126953125000e+03
1.620460152626037598e+00,2.000000476837158203e-01,1.942471557617187500e+03
1.597031831741333008e+00,2.000000476837158203e-01,1.942437377929687500e+03
1.574448585510253906e+00,2.000000476837158203e-01,1.942402709960937500e+03
1.552724003791809082e+00,2.000000476837158203e-01,1.942367431640625000e+03
1.531871318817138672e+00,2.000000476837158203e-01,1.942331665039062500e+03
1.511902928352355957e+00,2.000000476837158203e-01,1.942295410156250000e+03
1.492830991744995117e+00,2.000000476837158203e-01,1.942258666992187500e+03
1.474666714668273926e+00,2.000000476837158203e-01,1.942221435546875000e+03
1.457421422004699707e+00,2.000000476837158203e-01,1.942183837890625000e+03
1.441105127334594727e+00,2.000000476837158203e-01,1.942145751953125000e+03
1.425727963447570801e+00,2.000000476837158203e-01,1.942107299804687500e+03
1.411299228668212891e+00,2.000000476837158203e-01,1.942068481445312500e+03
1.397827386856079102e+00,2.000000476837158203e-01,1.942029296875000000e+03
1.385320544242858887e+00,2.000000476837158203e-01,1.941989868164062500e+03
1.373786330223083496e+00,2.000000476837158203e-01,1.941950073242187500e+03
1.363231778144836426e+00,2.000000476837158203e-01,1.941910034179687500e+03
1.353663086891174316e+00,2.000000476837158203e-01,1.941869750976562500e+03
1.345086097717285156e+00,2.000000476837158203e-01,1.941829223632812500e+03
1.337505936622619629e+00,2.000000476837158203e-01,1.941788452148437500e+03
1.330927371978759766e+00,2.000000476837158203e-01,1.941747558593750000e+03
1.325353980064392090e+00,2.000000476837158203e-01,1.941706542968750000e+03
1.320789337158203125e+00,2.000000476837158203e-01,1.941665405273437500e+03
1.317236304283142090e+00,2.000000476837158203e-01,1.941624145507812500e+03
1.314697027206420898e+00,2.000000476837158203e-01,1.941582763671875000e+03
1.313172578811645508e+00,2.000000476837158203e-01,1.941541381835937500e+03
1.312664508819580078e+00,2.000000476837158203e-01,1.941500000000000000e+03
1.313172578811645508e+00,2.000000476837158203e-01,1.941458618164062500e+03
1.314697027206420898e+00,2.000000476837158203e-01,1.941417236328125000e+03
1.317236304283142090e+00,2.000000476837158203e-01,1.941375854492187500e+03
1.320789337158203125e+00,2.000000476837158203e-01,1.941334594726562500e+03
1.325353980064392090e+00,2.000000476837158203e-01,1.941293457031250000e+03
1.330927371978759766e+00,2.000000476837158203e-01,1.941252441406250000e+03
1.337505936622619629e+00,2.000000476837158203e-01,1.941211547851562500e+03
1.345086097717285156e+00,2.000000476837158203e-01,1.941170776367187500e+03
1.353663086891174316e+00,2.000000476837158203e-01,1.941130249023437500e+03
1.363231778144836426e+00,2.000000476837158203e-01,1.941089965820312500e+03
1.373786330223083496e+00,2.000000476837158203e-01,1.941049926757812500e+03
1.385320544242858887e+00,2.000000476837158203e-01,1.941010131835937500e+03
1.397827386856079102e+00,2.000000476837158203e-01,1.940970703125000000e+03
1.411299228668212891e+00,2.000000476837158203e-01,1.940931518554687500e+03
1.425727963447570801e+00,2.000000476837158203e-01,1.940892700195312500e+03
1.441105127334594727e+00,2.000000476837158203e-01,1.940854248046875000e+03
1.457421422004699707e+00,2.000000476837158203e-01,1.940816162109375000e+03
1.474666714668273926e+00,2.000000476837158203e-01,1.940778564453125000e+03
1.492830991744995117e+00,2.000000476837158203e-01,1.940741333007812500e+03
1.511902928352355957e+00,2.000000476837158203e-01,1.940704589843750000e+03
1.531871318817138672e+00,2.000000476837158203e-01,1.940668334960937500e+03
1.552724003791809082e+00,2.000000476837158203e-01,1.940632568359375000e+03
1.574448585510253906e+00,2.000000476837158203e-01,1.940597290039062500e+03
1.597031831741333008e+00,2.000000476837158203e-01,1.940562622070312500e+03
1.620460152626037598e+00,2.000000476837158203e-01,1.940528442382812500e+03
1.644719362258911133e+00,2.000000476837158203e-01,1.940494873046875000e+03
1.669795036315917969e+00,2.000000476837158203e-01,1.940461914062500000e+03
1.695671916007995605e+00,2.000000476837158203e-01,1.940429565429687500e+03
1.722334504127502441e+00,2.000000476837158203e-01,1.940397827148437500e+03
1.749766826629638672e+00,2.000000476837158203e-01,1.940366821289062500e+03
1.777952194213867188e+00,2.000000476837158203e-01,1.940336547851562500e+03
1.806873559951782227e+00,2.000000476837158203e-01,1.940306884765625000e+03
1.836513638496398926e+00,2.000000476837158203e-01,1.940277954101562500e+03
1.866854667663574219e+00,2.000000476837158203e-01,1.940249755859375000e+03
1.897878289222717285e+00,2.000000476837158203e-01,1.940222290039062500e+03
1.929565668106079102e+00,2.000000476837158203e-01,1.940195678710937500e+03
1.961897850036621094e+00,2.000000476837158203e-01,1.940169799804687500e+03
1.994855403900146484e+00,2.000000476837158203e-01,1.940144775390625000e+03
2.028418302536010742e+00,2.000000476837158203e-01,1.940120483398437500e+03
2.062566518783569336e+00,2.000000476837158203e-01,1.940097045898437500e+03
2.097279548645019531e+00,2.000000476837158203e-01,1.940074462890625000e+03
2.132536172866821289e+00,2.000000476837158203e-01,1.940052734375000000e+03
2.168315410614013672e+00,2.000000476837158203e-01,1.940031860351562500e+03
2.204595565795898438e+00,2.000000476837158203e-01,1.940011962890625000e+03
2.241354942321777344e+00,2.000000476837158203e-01,1.939992797851562500e+03
2.278571128845214844e+00,2.000000476837158203e-01,1.939974609375000000e+03
2.316221952438354492e+00,2.000000476837158203e-01,1.939957397460937500e+03
2.354284763336181641e+00,2.000000476837158203e-01,1.939941162109375000e+03
2.392736434936523438e+00,2.000000476837158203e-01,1.939925781250000000e+03
2.431553840637207031e+00,2.000000476837158203e-01,1.939911254882812500e+03
2.470713615417480469e+00,2.000000476837158203e-01,1.939897827148437500e+03
2.510192394256591797e+00,2.000000476837158203e-01,1.939885375976562500e+03
2.549966096878051758e+00,2.000000476837158203e-01,1.939873779296875000e+03
2.590010881423950195e+00,2.000000476837158203e-01,1.939863281250000000e+03
2.630302667617797852e+00,2.000000476837158203e-01,1.939853637695312500e+03
2.670817136764526367e+00,2.000000476837158203e-01,1.939845092773437500e+03
2.711529970169067383e+00,2.000000476837158203e-01,1.939837524414062500e+03
2.752416372299194336e+00,2.000000476837158203e-01,1.939830932617187500e+03
2.793452024459838867e+00,2.000000476837158203e-01,1.939825317382812500e+03
2.834612131118774414e+00,2.000000476837158203e-01,1.939820800781250000e+03
2.875871896743774414e+00,2.000000476837158203e-01,1.939817260742187500e+03
2.917206287384033203e+00,2.000000476837158203e-01,1.939814697265625000e+03
2.958590745925903320e+00,2.000000476837158203e-01,1.939813232421875000e+03
3.000000000000000000e+00,2.000000476837158203e-01,1.939812622070312500e+03
3.041409254074096680e+00,2.000000476837158203e-01,1.939813232421875000e+03
3.082793712615966797e+00,2.000000476837158203e-01,1.939814697265625000e+03
3.124128103256225586e+00,2.000000476837158203e-01,1.939817260742187500e+03
3.165387868881225586e+00,2.000000476837158203e-01,1.939820800781250000e+03
3.206547975540161133e+00,2.000000476837158203e-01,1.939825317382812500e+03
3.247583627700805664e+00,2.000000476837158203e-01,1.939830932617187500e+03
3.288470029830932617e+00,2.000000476837158203e-01,1.939837524414062500e+03
3.329182863235473633e+00,2.000000476837158203e-01,1.939845092773437500e+03
3.369697332382202148e+00,2.000000476837158203e-01,1.939853637695312500e+03
3.409989118576049805e+00,2.000000476837158203e-01,1.939863281250000000e+03
3.450033903121948242e+00,2.000000476837158203e-01,1.939873779296875000e+03
3.489807605743408203e+00,2.000000476837158203e-01,1.939885375976562500e+03
3.529286384582519531e+00,2.000000476837158203e-01,1.939897827148437500e+03
3.568446159362792969e+00,2.000000476837158203e-01,1.939911254882812500e+03
3.607263565063476562e+00,2.000000476837158203e-01,1.939925781250000000e+03
3.645715236663818359e+00,2.000000476837158203e-01,1.939941162109375000e+03
3.683778047561645508e+00,2.000000476837158203e-01,1.939957397460937500e+03
3.721428871154785156e+00,2.000000476837158203e-01,1.939974609375000000e+03
3.758645057678222656e+00,2.000000476837158203e-01,1.939992797851562500e+03
3.795404434204101562e+00,2.000000476837158203e-01,1.940011962890625000e+03
3.831684589385986328e+00,2.000000476837158203e-01,1.940031860351562500e+03
3.867463827133178711e+00,2.000000476837158203e-01,1.940052734375000000e+03
3.902720451354980469e+00,2.000000476837158203e-01,1.940074462890625000e+03
3.937433481216430664e+00,2.000000476837158203e-01,1.940097045898437500e+03
3.971581697463989258e+00,2.000000476837158203e-01,1.940120483398437500e+03
4.005144596099853516e+00,2.000000476837158203e-01,1.940144775390625000e+03
4.038102149963378906e+00,2.000000476837158203e-01,1.940169799804687500e+03
4.070434570312500000e+00,2.000000476837158203e-01,1.940195678710937500e+03
4.102121829986572266e+00,2.000000476837158203e-01,1.940222290039062500e+03
4.133145332336425781e+00,2.000000476837158203e-01,1.940249755859375000e+03
4.163486480712890625e+00,2.000000476837158203e-01,1.940277954101562500e+03
4.193126678466796875e+00,2.000000476837158203e-01,1.940306884765625000e+03
4.222047805786132812e+00,2.000000476837158203e-01,1.940336547851562500e+03
4.250233173370361328e+00,2.000000476837158203e-01,1.940366821289062500e+03
4.277665615081787109e+00,2.000000476837158203e-01,1.940397827148437500e+03
4.304327964782714844e+00,2.000000476837158203e-01,1.940429565429687500e+03
4.330204963684082031e+00,2.000000476837158203e-01,1.940461914062500000e+03
4.355280876159667969e+00,2.000000476837158203e-01,1.940494873046875000e+03
4.379539966583251953e+00,2.000000476837158203e-01,1.940528442382812500e+03
4.402968406677246094e+00,2.000000476837158203e-01,1.940562622070312500e+03
4.425551414489746094e+00,2.000000476837158203e-01,1.940597290039062500e+03
4.447276115417480469e+00,2.000000476837158203e-01,1.940632568359375000e+03
4.468128681182861328e+00,2.000000476837158203e-01,1.940668334960937500e+03
4.488097190856933594e+00,2.000000476837158203e-01,1.940704589843750000e+03
4.507168769836425781e+00,2.000000476837158203e-01,1.940741333007812500e+03
4.525333404541015625e+00,2.000000476837158203e-01,1.940778564453125000e+03
4.542578697204589844e+00,2.000000476837158203e-01,1.940816162109375000e+03
4.558895111083984375e+00,2.000000476837158203e-01,1.940854248046875000e+03
4.574272155761718750e+00,2.000000476837158203e-01,1.940892700195312500e+03
4.588700771331787109e+00,2.000000476837158203e-01,1.940931518554687500e+03
4.602172851562500000e+00,2.000000476837158203e-01,1.940970703125000000e+03
4.614679336547851562e+00,2.000000476837158203e-01,1.941010131835937500e+03
4.626213550567626953e+00,2.000000476837158203e-01,1.941049926757812500e+03
4.636768341064453125e+00,2.000000476837158203e-01,1.941089965820312500e+03
4.646337032318115234e+00,2.000000476837158203e-01,1.941130249023437500e+03
4.654913902282714844e+00,2.000000476837158203e-01,1.941170776367187500e+03
4.662494182586669922e+00,2.000000476837158203e-01,1.941211547851562500e+03
4.669072628021240234e+00,2.000000476837158203e-01,1.941252441406250000e+03
4.674645900726318359e+00,2.000000476837158203e-01,1.941293457031250000e+03
4.679210662841796875e+00,2.000000476837158203e-01,1.941334594726562500e+03
4.682763576507568359e+00,2.000000476837158203e-01,1.941375854492187500e+03
4.685302734375000000e+00,2.000000476837158203e-01,1.941417236328125000e+03
4.686827659606933594e+00,2.000000476837158203e-01,1.941458618164062500e+03
4.753602981567382812e+00,2.000001668930053711e-01,1.941500000000000000e+03
4.753074645996093750e+00,2.000001668930053711e-01,1.941543090820312500e+03
4.751490592956542969e+00,2.000001668930053711e-01,1.941586059570312500e+03
4.748851299285888672e+00,2.000001668930053711e-01,1.941629028320312500e+03
4.745158672332763672e+00,2.000001668930053711e-01,1.941671875000000000e+03
4.740414619445800781e+00,2.000001668930053711e-01,1.941714599609375000e+03
4.734622478485107422e+00,2.000001668930053711e-01,1.941757324218750000e+03
4.727785587310791016e+00,2.000001668930053711e-01,1.941799804687500000e+03
4.719907760620117188e+00,2.000001668930053711e-01,1.941842163085937500e+03
4.710993766784667969e+00,2.000001668930053711e-01,1.941884277343750000e+03
4.701049327850341797e+00,2.000001668930053711e-01,1.941926147460937500e+03
4.690080642700195312e+00,2.000001668930053711e-01,1.941967651367187500e+03
4.678093433380126953e+00,2.000001668930053711e-01,1.942009033203125000e+03
4.665095329284667969e+00,2.000001668930053711e-01,1.942050048828125000e+03
4.651094436645507812e+00,2.000001668930053711e-01,1.942090820312500000e+03
4.636098861694335938e+00,2.000001668930053711e-01,1.942131103515625000e+03
4.620117664337158203e+00,2.000001668930053711e-01,1.942171020507812500e+03
4.603160858154296875e+00,2.000001668930053711e-01,1.942210693359375000e+03
4.585237979888916016e+00,2.000001668930053711e-01,1.942249755859375000e+03
4.566360473632812500e+00,2.000001668930053711e-01,1.942288452148437500e+03
4.546539783477783203e+00,2.000001668930053711e-01,1.942326660156250000e+03
4.525786876678466797e+00,2.000001668930053711e-01,1.942364379882812500e+03
4.504115104675292969e+00,2.000001668930053711e-01,1.942401489257812500e+03
4.481537818908691406e+00,2.000001668930053711e-01,1.942438232421875000e+03
4.458067417144775391e+00,2.000001668930053711e-01,1.942474243164062500e+03
4.433719158172607422e+00,2.000001668930053711e-01,1.942509765625000000e+03
4.408506870269775391e+00,2.000001668930053711e-01,1.942544677734375000e+03
4.382446289062500000e+00,2.000001668930053711e-01,1.942578857421875000e+03
4.355553150177001953e+00,2.000001668930053711e-01,1.942612426757812500e+03
4.327843666076660156e+00,2.000001668930053711e-01,1.942645385742187500e+03
4.299334049224853516e+00,2.000001668930053711e-01,1.942677612304687500e+03
4.270041465759277344e+00,2.000001668930053711e-01,1.942709228515625000e+03
4.239984512329101562e+00,2.000001668930053711e-01,1.942739990234375000e+03
4.209180355072021484e+00,2.000001668930053711e-01,1.942770019531250000e+03
4.177647590637207031e+00,2.000001668930053711e-01,1.942799316406250000e+03
4.145405769348144531e+00,2.000001668930053711e-01,1.942827880859375000e+03
4.112473964691162109e+00,2.000001668930053711e-01,1.942855590820312500e+03
4.078871726989746094e+00,2.000001668930053711e-01,1.942882446289062500e+03
4.044620037078857422e+00,2.000001668930053711e-01,1.942908447265625000e+03
4.009738922119140625e+00,2.000001668930053711e-01,1.942933715820312500e+03
3.974249362945556641e+00,2.000001668930053711e-01,1.942958007812500000e+03
3.938173294067382812e+00,2.000001668930053711e-01,1.942981567382812500e+03
3.901531934738159180e+00,2.000001668930053711e-01,1.943004150390625000e+03
3.864347696304321289e+00,2.000001668930053711e-01,1.943025756835937500e+03
3.826642513275146484e+00,2.000001668930053711e-01,1.943046508789062500e+03
3.788439750671386719e+00,2.000001668930053711e-01,1.943066406250000000e+03
3.749761819839477539e+00,2.000001668930053711e-01,1.943085205078125000e+03
3.710632324218750000e+00,2.000001668930053711e-01,1.943103149414062500e+03
3.671074867248535156e+00,2.000001668930053711e-01,1.943120117187500000e+03
3.631113052368164062e+00,2.000001668930053711e-01,1.943136108398437500e+03
3.590770959854125977e+00,2.000001668930053711e-01,1.943151123046875000e+03
3.550073146820068359e+00,2.000001668930053711e-01,1.943165039062500000e+03
3.509044170379638672e+00,2.000001668930053711e-01,1.943178100585937500e+03
3.467708349227905273e+00,2.000001668930053711e-01,1.943190063476562500e+03
3.426090717315673828e+00,2.000001668930053711e-01,1.943201049804687500e+03
3.384216547012329102e+00,2.000001668930053711e-01,1.943210937500000000e+03
3.342110872268676758e+00,2.000001668930053711e-01,1.943219848632812500e+03
3.299799203872680664e+00,2.000001668930053711e-01,1.943227783203125000e+03
3.257307052612304688e+00,2.000001668930053711e-01,1.943234619140625000e+03
3.214659690856933594e+00,2.000001668930053711e-01,1.943240356445312500e+03
3.171883106231689453e+00,2.000001668930053711e-01,1.943245117187500000e+03
3.129003047943115234e+00,2.000001668930053711e-01,1.943248901367187500e+03
3.086045265197753906e+00,2.000001668930053711e-01,1.943251464843750000e+03
3.043035507202148438e+00,2.000001668930053711e-01,1.943253051757812500e+03
3.000000000000000000e+00,2.000001668930053711e-01,1.943253662109375000e+03
2.956964492797851562e+00,2.000001668930053711e-01,1.943253051757812500e+03
2.913954734802246094e+00,2.000001668930053711e-01,1.943251464843750000e+03
2.870996952056884766e+00,2.000001668930053711e-01,1.943248901367187500e+03
2.828116893768310547e+00,2.000001668930053711e-01,1.943245117187500000e+03
2.785340309143066406e+00,2.000001668930053711e-01,1.943240356445312500e+03
2.742692947387695312e+00,2.000001668930053711e-01,1.943234619140625000e+03
2.700200796127319336e+00,2.000001668930053711e-01,1.943227783203125000e+03
2.657889127731323242e+00,2.000001668930053711e-01,1.943219848632812500e+03
2.615783452987670898e+00,2.000001668930053711e-01,1.943210937500000000e+03
2.573909282684326172e+00,2.000001668930053711e-01,1.943201049804687500e+03
2.532291650772094727e+00,2.000001668930053711e-01,1.943190063476562500e+03
2.490955829620361328e+00,2.000001668930053711e-01,1.943178100585937500e+03
2.449926853179931641e+00,2.000001668930053711e-01,1.943165039062500000e+03
2.409229040145874023e+00,2.000001668930053711e-01,1.943151123046875000e+03
2.368886947631835938e+00,2.000001668930053711e-01,1.943136108398437500e+03
2.328925132751464844e+00,2.000001668930053711e-01,1.943120117187500000e+03
2.289367675781250000e+00,2.000001668930053711e-01,1.943103149414062500e+03
2.250238180160522461e+00,2.000001668930053711e-01,1.943085205078125000e+03
2.211560249328613281e+00,2.000001668930053711e-01,1.943066406250000000e+03
2.173357486724853516e+00,2.000001668930053711e-01,1.943046508789062500e+03
2.135652303695678711e+00,2.000001668930053711e-01,1.943025756835937500e+03
2.098468065261840820e+00,2.000001668930053711e-01,1.943004150390625000e+03
2.061826705932617188e+00,2.000001668930053711e-01,1.942981567382812500e+03
2.025750637054443359e+00,2.000001668930053711e-01,1.942958007812500000e+03
1.990261197090148926e+00,2.000001668930053711e-01,1.942933715820312500e+03
1.955380082130432129e+00,2.000001668930053711e-01,1.942908447265625000e+03
1.921128153800964355e+00,2.000001668930053711e-01,1.942882446289062500e+03
1.887526154518127441e+00,2.000001668930053711e-01,1.942855590820312500e+03
1.854594230651855469e+00,2.000001668930053711e-01,1.942827880859375000e+03
1.822352290153503418e+00,2.000001668930053711e-01,1.942799316406250000e+03
1.790819764137268066e+00,2.000001668930053711e-01,1.942770019531250000e+03
1.760015487670898438e+00,2.000001668930053711e-01,1.942739990234375000e+03
1.729958295822143555e+00,2.000001668930053711e-01,1.942709228515625000e+03
1.700666069984436035e+00,2.000001668930053711e-01,1.942677612304687500e+03
1.672156572341918945e+00,2.000001668930053711e-01,1.942645385742187500e+03
1.644446730613708496e+00,2.000001668930053711e-01,1.942612426757812500e+03
1.617553591728210449e+00,2.000001668930053711e-01,1.942578857421875000e+03
1.591493010520935059e+00,2.000001668930053711e-01,1.942544677734375000e+03
1.566280961036682129e+00,2.000001668930053711e-01,1.942509765625000000e+03
1.541932582855224609e+00,2.000001668930053711e-01,1.942474243164062500e+03
1.518462419509887695e+00,2.000001668930053711e-01,1.942438232421875000e+03
1.495884656906127930e+00,2.000001668930053711e-01,1.942401489257812500e+03
1.474213123321533203e+00,2.000001668930053711e-01,1.942364379882812500e+03
1.453460335731506348e+00,2.000001668930053711e-01,1.942326660156250000e+03
1.433639407157897949e+00,2.000001668930053711e-01,1.942288452148437500e+03
1.414761900901794434e+00,2.000001668930053711e-01,1.942249755859375000e+03
1.396839261054992676e+00,2.000001668930053711e-01,1.942210693359375000e+03
1.379882216453552246e+00,2.000001668930053711e-01,1.942171020507812500e+03
1.363901257514953613e+00,2.000001668930053711e-01,1.942131103515625000e+03
1.348905801773071289e+00,2.000001668930053711e-01,1.942090820312500000e+03
1.334904670715332031e+00,2.000001668930053711e-01,1.942050048828125000e+03
1.321906685829162598e+00,2.000001668930053711e-01,1.942009033203125000e+03
1.309919595718383789e+00,2.000001668930053711e-01,1.941967651367187500e+03
1.298950552940368652e+00,2.000001668930053711e-01,1.941926147460937500e+03
1.289006114006042480e+00,2.000001668930053711e-01,1.941884277343750000e+03
1.280092120170593262e+00,2.000001668930053711e-01,1.941842163085937500e+03
1.272214293479919434e+00,2.000001668930053711e-01,1.941799804687500000e+03
1.265377402305603027e+00,2.000001668930053711e-01,1.941757324218750000e+03
1.259585142135620117e+00,2.000001668930053711e-01,1.941714599609375000e+03
1.254841208457946777e+00,2.000001668930053711e-01,1.941671875000000000e+03
1.251148700714111328e+00,2.000001668930053711e-01,1.941629028320312500e+03
1.248509526252746582e+00,2.000001668930053711e-01,1.941586059570312500e+03
1.246925354003906250e+00,2.000001668930053711e-01,1.941543090820312500e+03
1.246397256851196289e+00,2.000001668930053711e-01,1.941500000000000000e+03
1.246925354003906250e+00,2.000001668930053711e-01,1.941456909179687500e+03
1.248509526252746582e+00,2.000001668930053711e-01,1.941413940429687500e+03
1.251148700714111328e+00,2.000001668930053711e-01,1.941370971679687500e+03
1.254841208457946777e+00,2.000001668930053711e-01,1.941328125000000000e+03
1.259585142135620117e+00,2.000001668930053711e-01,1.941285400390625000e+03
1.265377402305603027e+00,2.000001668930053711e-01,1.941242675781250000e+03
1.272214293479919434e+00,2.000001668930053711e-01,1.941200195312500000e+03
1.280092120170593262e+00,2.000001668930053711e-01,1.941157836914062500e+03
1.289006114006042480e+00,2.000001668930053711e-01,1.941115722656250000e+03
1.298950552940368652e+00,2.000001668930053711e-01,1.941073852539062500e+03
1.309919595718383789e+00,2.000001668930053711e-01,1.941032348632812500e+03
1.321906685829162598e+00,2.000001668930053711e-01,1.940990966796875000e+03
1.334904670715332031e+00,2.000001668930053711e-01,1.940949951171875000e+03
1.348905801773071289e+00,2.000001668930053711e-01,1.940909179687500000e+03
1.363901257514953613e+00,2.000001668930053711e-01,1.940868896484375000e+03
1.379882216453552246e+00,2.000001668930053711e-01,1.940828979492187500e+03
1.396839261054992676e+00,2.000001668930053711e-01,1.940789306640625000e+03
1.414761900901794434e+00,2.000001668930053711e-01,1.940750244140625000e+03
1.433639407157897949e+00,2.000001668930053711e-01,1.940711547851562500e+03
1.453460335731506348e+00,2.000001668930053711e-01,1.940673339843750000e+03
1.474213123321533203e+00,2.000001668930053711e-01,1.940635620117187500e+03
1.495884656906127930e+00,2.000001668930053711e-01,1.940598510742187500e+03
1.518462419509887695e+00,2.000001668930053711e-01,1.940561767578125000e+03
1.541932582855224609e+00,2.000001668930053711e-01,1.940525756835937500e+03
1.566280961036682129e+00,2.000001668930053711e-01,1.940490234375000000e+03
1.591493010520935059e+00,2.000001668930053711e-01,1.940455322265625000e+03
1.617553591728210449e+00,2.000001668930053711e-01,1.940421142578125000e+03
1.644446730613708496e+00,2.000001668930053711e-01,1.940387573242187500e+03
1.672156572341918945e+00,2.000001668930053711e-01,1.940354614257812500e+03
1.700666069984436035e+00,2.000001668930053711e-01,1.940322387695312500e+03
1.729958295822143555e+00,2.000001668930053711e-01,1.940290771484375000e+03
1.760015487670898438e+00,2.000001668930053711e-01,1.940260009765625000e+03
1.790819764137268066e+00,2.000001668930053711e-01,1.940229980468750000e+03
1.822352290153503418e+00,2.000001668930053711e-01,1.940200683593750000e+03
1.854594230651855469e+00,2.000001668930053711e-01,1.940172119140625000e+03
1.887526154518127441e+00,2.000001668930053711e-01,1.940144409179687500e+03
1.921128153800964355e+00,2.000001668930053711e-01,1.940117553710937500e+03
1.955380082130432129e+00,2.000001668930053711e-01,1.940091552734375000e+03
1.990261197090148926e+00,2.000001668930053711e-01,1.940066284179687500e+03
2.025750637054443359e+00,2.000001668930053711e-01,1.940041992187500000e+03
2.061826705932617188e+00,2.000001668930053711e-01,1.940018432617187500e+03
2.098468065261840820e+00,2.000001668930053711e-01,1.939995849609375000e+03
2.135652303695678711e+00,2.000001668930053711e-01,1.939974243164062500e+03
2.173357486724853516e+00,2.000001668930053711e-01,1.939953491210937500e+03
2.211560249328613281e+00,2.000001668930053711e-01,1.939933593750000000e+03
2.250238180160522461e+00,2.000001668930053711e-01,1.939914794921875000e+03
2.289367675781250000e+00,2.000001668930053711e-01,1.939896850585937500e+03
2.328925132751464844e+00,2.000001668930053711e-01,1.939879882812500000e+03
2.368886947631835938e+00,2.000001668930053711e-01,1.939863891601562500e+03
2.409229040145874023e+00,2.000001668930053711e-01,1.939848876953125000e+03
2.449926853179931641e+00,2.000001668930053711e-01,1.939834960937500000e+03
2.490955829620361328e+00,2.000001668930053711e-01,1.939821899414062500e+03
2.532291650772094727e+00,2.000001668930053711e-01,1.939809936523437500e+03
2.573909282684326172e+00,2.000001668930053711e-01,1.939798950195312500e+03
2.615783452987670898e+00,2.000001668930053711e-01,1.939789062500000000e+03
2.657889127731323242e+00,2.000001668930053711e-01,1.939780151367187500e+03
2.700200796127319336e+00,2.000001668930053711e-01,1.939772216796875000e+03
2.742692947387695312e+00,2.000001668930053711e-01,1.939765380859375000e+03
2.785340309143066406e+00,2.000001668930053711e-01,1.939759643554687500e+03
2.828116893768310547e+00,2.000001668930053711e-01,1.939754882812500000e+03
2.870996952056884766e+00,2.000001668930053711e-01,1.939751098632812500e+03
2.913954734802246094e+00,2.000001668930053711e-01,1.939748535156250000e+03
2.956964492797851562e+00,2.000001668930053711e-01,1.939746948242187500e+03
3.000000000000000000e+00,2.000001668930053711e-01,1.939746337890625000e+03
3.043035507202148438e+00,2.000001668930053711e-01,1.939746948242187500e+03
3.086045265197753906e+00,2.000001668930053711e-01,1.939748535156250000e+03
3.129003047943115234e+00,2.000001668930053711e-01,1.939751098632812500e+03
3.171883106231689453e+00,2.000001668930053711e-01,1.939754882812500000e+03
3.214659690856933594e+00,2.000001668930053711e-01,1.939759643554687500e+03
3.257307052612304688e+00,2.000001668930053711e-01,1.939765380859375000e+03
3.299799203872680664e+00,2.000001668930053711e-01,1.939772216796875000e+03
3.342110872268676758e+00,2.000001668930053711e-01,1.939780151367187500e+03
3.384216547012329102e+00,2.000001668930053711e-01,1.939789062500000000e+03
3.426090717315673828e+00,2.000001668930053711e-01,1.939798950195312500e+03
3.467708349227905273e+00,2.000001668930053711e-01,1.939809936523437500e+03
3.509044170379638672e+00,2.000001668930053711e-01,1.939821899414062500e+03
3.550073146820068359e+00,2.000001668930053711e-01,1.939834960937500000e+03
3.590770959854125977e+00,2.000001668930053711e-01,1.939848876953125000e+03
3.631113052368164062e+00,2.000001668930053711e-01,1.939863891601562500e+03
3.671074867248535156e+00,2.000001668930053711e-01,1.939879882812500000e+03
3.710632324218750000e+00,2.000001668930053711e-01,1.939896850585937500e+03
3.749761819839477539e+00,2.000001668930053711e-01,1.939914794921875000e+03
3.788439750671386719e+00,2.000001668930053711e-01,1.939933593750000000e+03
3.826642513275146484e+00,2.000001668930053711e-01,1.939953491210937500e+03
3.864347696304321289e+00,2.000001668930053711e-01,1.939974243164062500e+03
3.901531934738159180e+00,2.000001668930053711e-01,1.939995849609375000e+03
3.938173294067382812e+00,2.000001668930053711e-01,1.940018432617187500e+03
3.974249362945556641e+00,2.000001668930053711e-01,1.940041992187500000e+03
4.009738922119140625e+00,2.000001668930053711e-01,1.940066284179687500e+03
4.044620037078857422e+00,2.000001668930053711e-01,1.940091552734375000e+03
4.078871726989746094e+00,2.000001668930053711e-01,1.940117553710937500e+03
4.112473964691162109e+00,2.000001668930053711e-01,1.940144409179687500e+03
4.145405769348144531e+00,2.000001668930053711e-01,1.940172119140625000e+03
4.177647590637207031e+00,2.000001668930053711e-01,1.940200683593750000e+03
4.209180355072021484e+00,2.000001668930053711e-01,1.940229980468750000e+03
4.239984512329101562e+00,2.000001668930053711e-01,1.940260009765625000e+03
4.270041465759277344e+00,2.000001668930053711e-01,1.940290771484375000e+03
4.299334049224853516e+00,2.000001668930053711e-01,1.940322387695312500e+03
4.327843666076660156e+00,2.000001668930053711e-01,1.940354614257812500e+03
4.355553150177001953e+00,2.000001668930053711e-01,1.940387573242187500e+03
4.382446289062500000e+00,2.000001668930053711e-01,1.940421142578125000e+03
4.408506870269775391e+00,2.000001668930053711e-01,1.940455322265625000e+03
4.433719158172607422e+00,2.000001668930053711e-01,1.940490234375000000e+03
4.458067417144775391e+00,2.000001668930053711e-01,1.940525756835937500e+03
4.481537818908691406e+00,2.000001668930053711e-01,1.940561767578125000e+03
4.504115104675292969e+00,2.000001668930053711e-01,1.940598510742187500e+03
4.525786876678466797e+00,2.000001668930053711e-01,1.940635620117187500e+03
4.546539783477783203e+00,2.000001668930053711e-01,1.940673339843750000e+03
4.566360473632812500e+00,2.000001668930053711e-01,1.940711547851562500e+03
4.585237979888916016e+00,2.000001668930053711e-01,1.940750244140625000e+03
4.603160858154296875e+00,2.000001668930053711e-01,1.940789306640625000e+03
4.620117664337158203e+00,2.000001668930053711e-01,1.940828979492187500e+03
4.636098861694335938e+00,2.000001668930053711e-01,1.940868896484375000e+03
4.651094436645507812e+00,2.000001668930053711e-01,1.940909179687500000e+03
4.665095329284667969e+00,2.000001668930053711e-01,1.940949951171875000e+03
4.678093433380126953e+00,2.000001668930053711e-01,1.940990966796875000e+03
4.690080642700195312e+00,2.000001668930053711e-01,1.941032348632812500e+03
4.701049327850341797e+00,2.000001668930053711e-01,1.941073852539062500e+03
4.710993766784667969e+00,2.000001668930053711e-01,1.941115722656250000e+03
4.719907760620117188e+00,2.000001668930053711e-01,1.941157836914062500e+03
4.727785587310791016e+00,2.000001668930053711e-01,1.941200195312500000e+03
4.734622478485107422e+00,2.000001668930053711e-01,1.941242675781250000e+03
4.740414619445800781e+00,2.000001668930053711e-01,1.941285400390625000e+03
4.745158672332763672e+00,2.000001668930053711e-01,1.941328125000000000e+03
4.748851299285888672e+00,2.000001668930053711e-01,1.941370971679687500e+03
4.751490592956542969e+00,2.000001668930053711e-01,1.941413940429687500e+03
4.753074645996093750e+00,2.000001668930053711e-01,1.941456909179687500e+03
4.822402000427246094e+00,2.000000476837158203e-01,1.941500000000000000e+03
4.821853160858154297e+00,2.000000476837158203e-01,1.941544677734375000e+03
4.820206642150878906e+00,2.000000476837158203e-01,1.941589477539062500e+03
4.817464351654052734e+00,2.000000476837158203e-01,1.941634033203125000e+03
4.813626766204833984e+00,2.000000476837158203e-01,1.941678588867187500e+03
4.808696746826171875e+00,2.000000476837158203e-01,1.941723022460937500e+03
4.802677154541015625e+00,2.000000476837158203e-01,1.941767456054687500e+03
4.795572280883789062e+00,2.000000476837158203e-01,1.941811523437500000e+03
4.787384986877441406e+00,2.000000476837158203e-01,1.941855590820312500e+03
4.778121948242187500e+00,2.000000476837158203e-01,1.941899291992187500e+03
4.767786979675292969e+00,2.000000476837158203e-01,1.941942749023437500e+03
4.756387710571289062e+00,2.000000476837158203e-01,1.941986083984375000e+03
4.743929862976074219e+00,2.000000476837158203e-01,1.942029052734375000e+03
4.730422019958496094e+00,2.000000476837158203e-01,1.942071655273437500e+03
4.715871810913085938e+00,2.000000476837158203e-01,1.942113891601562500e+03
4.700287818908691406e+00,2.000000476837158203e-01,1.942155883789062500e+03
4.683680057525634766e+00,2.000000476837158203e-01,1.942197387695312500e+03
4.666057586669921875e+00,2.000000476837158203e-01,1.942238525390625000e+03
4.647431850433349609e+00,2.000000476837158203e-01,1.942279174804687500e+03
4.627813816070556641e+00,2.000000476837158203e-01,1.942319335937500000e+03
4.607214927673339844e+00,2.000000476837158203e-01,1.942359130859375000e+03
4.585648536682128906e+00,2.000000476837158203e-01,1.942398315429687500e+03
4.563126564025878906e+00,2.000000476837158203e-01,1.942436889648437500e+03
4.539662837982177734e+00,2.000000476837158203e-01,1.942474975585937500e+03
4.515272140502929688e+00,2.000000476837158203e-01,1.942512451171875000e+03
4.489968299865722656e+00,2.000000476837158203e-01,1.942549316406250000e+03
4.463767051696777344e+00,2.000000476837158203e-01,1.942585571289062500e+03
4.436684131622314453e+00,2.000000476837158203e-01,1.942621215820312500e+03
4.408735752105712891e+00,2.000000476837158203e-01,1.942656127929687500e+03
4.379939079284667969e+00,2.000000476837158203e-01,1.942690307617187500e+03
4.350310802459716797e+00,2.000000476837158203e-01,1.942723876953125000e+03
4.319869518280029297e+00,2.000000476837158203e-01,1.942756591796875000e+03
4.288632869720458984e+00,2.000000476837158203e-01,1.942788574218750000e+03
4.256620407104492188e+00,2.000000476837158203e-01,1.942819824218750000e+03
4.223850250244140625e+00,2.000000476837158203e-01,1.942850341796875000e+03
4.190343379974365234e+00,2.000000476837158203e-01,1.942879882812500000e+03
4.156119823455810547e+00,2.000000476837158203e-01,1.942908691406250000e+03
4.121199607849121094e+00,2.000000476837158203e-01,1.942936645507812500e+03
4.085603713989257812e+00,2.000000476837158203e-01,1.942963745117187500e+03
4.049354076385498047e+00,2.000000476837158203e-01,1.942989990234375000e+03
4.012472152709960938e+00,2.000000476837158203e-01,1.943015258789062500e+03
3.974980831146240234e+00,2.000000476837158203e-01,1.943039672851562500e+03
3.936902046203613281e+00,2.000000476837158203e-01,1.943063110351562500e+03
3.898258686065673828e+00,2.000000476837158203e-01,1.943085693359375000e+03
3.859074354171752930e+00,2.000000476837158203e-01,1.943107177734375000e+03
3.819372653961181641e+00,2.000000476837158203e-01,1.943127807617187500e+03
3.779177188873291016e+00,2.000000476837158203e-01,1.943147460937500000e+03
3.738512516021728516e+00,2.000000476837158203e-01,1.943166015625000000e+03
3.697402954101562500e+00,2.000000476837158203e-01,1.943183715820312500e+03
3.655873537063598633e+00,2.000000476837158203e-01,1.943200317382812500e+03
3.613948822021484375e+00,2.000000476837158203e-01,1.943215820312500000e+03
3.571654319763183594e+00,2.000000476837158203e-01,1.943230468750000000e+03
3.529015541076660156e+00,2.000000476837158203e-01,1.943243896484375000e+03
3.486057758331298828e+00,2.000000476837158203e-01,1.943256347656250000e+03
3.442807674407958984e+00,2.000000476837158203e-01,1.943267822265625000e+03
3.399290561676025391e+00,2.000000476837158203e-01,1.943278076171875000e+03
3.355533123016357422e+00,2.000000476837158203e-01,1.943287353515625000e+03
3.311561346054077148e+00,2.000000476837158203e-01,1.943295532226562500e+03
3.267401933670043945e+00,2.000000476837158203e-01,1.943302734375000000e+03
3.223081588745117188e+00,2.000000476837158203e-01,1.943308715820312500e+03
3.178626537322998047e+00,2.000000476837158203e-01,1.943313598632812500e+03
3.134064197540283203e+00,2.000000476837158203e-01,1.943317504882812500e+03
3.089421033859252930e+00,2.000000476837158203e-01,1.943320190429687500e+03
3.044723987579345703e+00,2.000000476837158203e-01,1.943321899414062500e+03
3.000000000000000000e+00,2.000000476837158203e-01,1.943322387695312500e+03
2.955276012420654297e+00,2.000000476837158203e-01,1.943321899414062500e+03
2.910578966140747070e+00,2.000000476837158203e-01,1.943320190429687500e+03
2.865935802459716797e+00,2.000000476837158203e-01,1.943317504882812500e+03
2.821373462677001953e+00,2.000000476837158203e-01,1.943313598632812500e+03
2.776918411254882812e+00,2.000000476837158203e-01,1.943308715820312500e+03
2.732598066329956055e+00,2.000000476837158203e-01,1.943302734375000000e+03
2.688438653945922852e+00,2.000000476837158203e-01,1.943295532226562500e+03
2.644466876983642578e+00,2.000000476837158203e-01,1.943287353515625000e+03
2.600709438323974609e+00,2.000000476837158203e-01,1.943278076171875000e+03
2.557192325592041016e+00,2.000000476837158203e-01,1.943267822265625000e+03
2.513942241668701172e+00,2.000000476837158203e-01,1.943256347656250000e+03
2.470984458923339844e+00,2.000000476837158203e-01,1.943243896484375000e+03
2.428345680236816406e+00,2.000000476837158203e-01,1.943230468750000000e+03
2.386051177978515625e+00,2.000000476837158203e-01,1.943215820312500000e+03
2.344126462936401367e+00,2.000000476837158203e-01,1.943200317382812500e+03
2.302597045898437500e+00,2.000000476837158203e-01,1.943183715820312500e+03
2.261487483978271484e+00,2.000000476837158203e-01,1.943166015625000000e+03
2.220822811126708984e+00,2.000000476837158203e-01,1.943147460937500000e+03
2.180627346038818359e+00,2.000000476837158203e-01,1.943127807617187500e+03
2.140925645828247070e+00,2.000000476837158203e-01,1.943107177734375000e+03
2.101741313934326172e+00,2.000000476837158203e-01,1.943085693359375000e+03
2.063097953796386719e+00,2.000000476837158203e-01,1.943063110351562500e+03
2.025019168853759766e+00,2.000000476837158203e-01,1.943039672851562500e+03
1.987527608871459961e+00,2.000000476837158203e-01,1.943015258789062500e+03
1.950645923614501953e+00,2.000000476837158203e-01,1.942989990234375000e+03
1.914396286010742188e+00,2.000000476837158203e-01,1.942963745117187500e+03
1.878800630569458008e+00,2.000000476837158203e-01,1.942936645507812500e+03
1.843880295753479004e+00,2.000000476837158203e-01,1.942908691406250000e+03
1.809656500816345215e+00,2.000000476837158203e-01,1.942879882812500000e+03
1.776149511337280273e+00,2.000000476837158203e-01,1.942850341796875000e+03
1.743379831314086914e+00,2.000000476837158203e-01,1.942819824218750000e+03
1.711367130279541016e+00,2.000000476837158203e-01,1.942788574218750000e+03
1.680130600929260254e+00,2.000000476837158203e-01,1.942756591796875000e+03
1.649689078330993652e+00,2.000000476837158203e-01,1.942723876953125000e+03
1.620060920715332031e+00,2.000000476837158203e-01,1.942690307617187500e+03
1.591264128684997559e+00,2.000000476837158203e-01,1.942656127929687500e+03
1.563315868377685547e+00,2.000000476837158203e-01,1.942621215820312500e+03
1.536232948303222656e+00,2.000000476837158203e-01,1.942585571289062500e+03
1.510031700134277344e+00,2.000000476837158203e-01,1.942549316406250000e+03
1.484727978706359863e+00,2.000000476837158203e-01,1.942512451171875000e+03
1.460337042808532715e+00,2.000000476837158203e-01,1.942474975585937500e+03
1.436873555183410645e+00,2.000000476837158203e-01,1.942436889648437500e+03
1.414351582527160645e+00,2.000000476837158203e-01,1.942398315429687500e+03
1.392784833908081055e+00,2.000000476837158203e-01,1.942359130859375000e+03
1.372186064720153809e+00,2.000000476837158203e-01,1.942319335937500000e+03
1.352568030357360840e+00,2.000000476837158203e-01,1.942279174804687500e+03
1.333942174911499023e+00,2.000000476837158203e-01,1.942238525390625000e+03
1.316320061683654785e+00,2.000000476837158203e-01,1.942197387695312500e+03
1.299711942672729492e+00,2.000000476837158203e-01,1.942155883789062500e+03
1.284128069877624512e+00,2.000000476837158203e-01,1.942113891601562500e+03
1.269577860832214355e+00,2.000000476837158203e-01,1.942071655273437500e+03
1.256069898605346680e+00,2.000000476837158203e-01,1.942029052734375000e+03
1.243612527847290039e+00,2.000000476837158203e-01,1.941986083984375000e+03
1.232212901115417480e+00,2.000000476837158203e-01,1.941942749023437500e+03
1.221878290176391602e+00,2.000000476837158203e-01,1.941899291992187500e+03
1.212614893913269043e+00,2.000000476837158203e-01,1.941855590820312500e+03
1.204427957534790039e+00,2.000000476837158203e-01,1.941811523437500000e+03
1.197322607040405273e+00,2.000000476837158203e-01,1.941767456054687500e+03
1.191303133964538574e+00,2.000000476837158203e-01,1.941723022460937500e+03
1.186373233795166016e+00,2.000000476837158203e-01,1.941678588867187500e+03
1.182535767555236816e+00,2.000000476837158203e-01,1.941634033203125000e+03
1.179793119430541992e+00,2.000000476837158203e-01,1.941589477539062500e+03
1.178146839141845703e+00,2.000000476837158203e-01,1.941544677734375000e+03
1.177597880363464355e+00,2.000000476837158203e-01,1.941500000000000000e+03
1.178146839141845703e+00,2.000000476837158203e-01,1.941455322265625000e+03
1.179793119430541992e+00,2.000000476837158203e-01,1.941410522460937500e+03
1.182535767555236816e+00,2.000000476837158203e-01,1.941365966796875000e+03
1.186373233795166016e+00,2.000000476837158203e-01,1.941321411132812500e+03
1.191303133964538574e+00,2.000000476837158203e-01,1.941276977539062500e+03
1.197322607040405273e+00,2.000000476837158203e-01,1.941232543945312500e+03
1.204427957534790039e+00,2.000000476837158203e-01,1.941188476562500000e+03
1.212614893913269043e+00,2.000000476837158203e-01,1.941144409179687500e+03
1.221878290176391602e+00,2.000000476837158203e-01,1.941100708007812500e+03
1.232212901115417480e+00,2.000000476837158203e-01,1.941057250976562500e+03
1.243612527847290039e+00,2.000000476837158203e-01,1.941013916015625000e+03
1.256069898605346680e+00,2.000000476837158203e-01,1.940970947265625000e+03
1.269577860832214355e+00,2.000000476837158203e-01,1.940928344726562500e+03
1.284128069877624512e+00,2.000000476837158203e-01,1.940886108398437500e+03
1.299711942672729492e+00,2.000000476837158203e-01,1.940844116210937500e+03
1.316320061683654785e+00,2.000000476837158203e-01,1.940802612304687500e+03
1.333942174911499023e+00,2.000000476837158203e-01,1.940761474609375000e+03
1.352568030357360840e+00,2.000000476837158203e-01,1.940720825195312500e+03
1.372186064720153809e+00,2.000000476837158203e-01,1.940680664062500000e+03
1.392784833908081055e+00,2.000000476837158203e-01,1.940640869140625000e+03
1.414351582527160645e+00,2.000000476837158203e-01,1.940601684570312500e+03
1.436873555183410645e+00,2.000000476837158203e-01,1.940563110351562500e+03
1.460337042808532715e+00,2.000000476837158203e-01,1.940525024414062500e+03
1.484727978706359863e+00,2.000000476837158203e-01,1.940487548828125000e+03
1.510031700134277344e+00,2.000000476837158203e-01,1.940450683593750000e+03
1.536232948303222656e+00,2.000000476837158203e-01,1.940414428710937500e+03
1.563315868377685547e+00,2.000000476837158203e-01,1.940378784179687500e+03
1.591264128684997559e+00,2.000000476837158203e-01,1.940343872070312500e+03
1.620060920715332031e+00,2.000000476837158203e-01,1.940309692382812500e+03
1.649689078330993652e+00,2.000000476837158203e-01,1.940276123046875000e+03
1.680130600929260254e+00,2.000000476837158203e-01,1.940243408203125000e+03
1.711367130279541016e+00,2.000000476837158203e-01,1.940211425781250000e+03
1.743379831314086914e+00,2.000000476837158203e-01,1.940180175781250000e+03
1.776149511337280273e+00,2.000000476837158203e-01,1.940149658203125000e+03
1.809656500816345215e+00,2.000000476837158203e-01,1.940120117187500000e+03
1.843880295753479004e+00,2.000000476837158203e-01,1.940091308593750000e+03
1.878800630569458008e+00,2.000000476837158203e-01,1.940063354492187500e+03
1.914396286010742188e+00,2.000000476837158203e-01,1.940036254882812500e+03
1.950645923614501953e+00,2.000000476837158203e-01,1.940010009765625000e+03
1.987527608871459961e+00,2.000000476837158203e-01,1.939984741210937500e+03
2.025019168853759766e+00,2.000000476837158203e-01,1.939960327148437500e+03
2.063097953796386719e+00,2.000000476837158203e-01,1.939936889648437500e+03
2.101741313934326172e+00,2.000000476837158203e-01,1.939914306640625000e+03
2.140925645828247070e+00,2.000000476837158203e-01,1.939892822265625000e+03
2.180627346038818359e+00,2.000000476837158203e-01,1.939872192382812500e+03
2.220822811126708984e+00,2.000000476837158203e-01,1.939852539062500000e+03
2.261487483978271484e+00,2.000000476837158203e-01,1.939833984375000000e+03
2.302597045898437500e+00,2.000000476837158203e-01,1.939816284179687500e+03
2.344126462936401367e+00,2.000000476837158203e-01,1.939799682617187500e+03
2.386051177978515625e+00,2.000000476837158203e-01,1.939784179687500000e+03
2.428345680236816406e+00,2.000000476837158203e-01,1.939769531250000000e+03
2.470984458923339844e+00,2.000000476837158203e-01,1.939756103515625000e+03
2.513942241668701172e+00,2.000000476837158203e-01,1.939743652343750000e+03
2.557192325592041016e+00,2.000000476837158203e-01,1.939732177734375000e+03
2.600709438323974609e+00,2.000000476837158203e-01,1.939721923828125000e+03
2.644466876983642578e+00,2.000000476837158203e-01,1.939712646484375000e+03
2.688438653945922852e+00,2.000000476837158203e-01,1.939704467773437500e+03
2.732598066329956055e+00,2.000000476837158203e-01,1.939697265625000000e+03
2.776918411254882812e+00,2.000000476837158203e-01,1.939691284179687500e+03
2.821373462677001953e+00,2.000000476837158203e-01,1.939686401367187500e+03
2.865935802459716797e+00,2.000000476837158203e-01,1.939682495117187500e+03
2.910578966140747070e+00,2.000000476837158203e-01,1.939679809570312500e+03
2.955276012420654297e+00,2.000000476837158203e-01,1.939678100585937500e+03
3.000000000000000000e+00,2.000000476837158203e-01,1.939677612304687500e+03
3.044723987579345703e+00,2.000000476837158203e-01,1.939678100585937500e+03
3.089421033859252930e+00,2.000000476837158203e-01,1.939679809570312500e+03
3.134064197540283203e+00,2.000000476837158203e-01,1.939682495117187500e+03
3.178626537322998047e+00,2.000000476837158203e-01,1.939686401367187500e+03
3.223081588745117188e+00,2.000000476837158203e-01,1.939691284179687500e+03
3.267401933670043945e+00,2.000000476837158203e-01,1.939697265625000000e+03
3.311561346054077148e+00,2.000000476837158203e-01,1.939704467773437500e+03
3.355533123016357422e+00,2.000000476837158203e-01,1.939712646484375000e+03
3.399290561676025391e+00,2.000000476837158203e-01,1.939721923828125000e+03
3.442807674407958984e+00,2.000000476837158203e-01,1.939732177734375000e+03
3.486057758331298828e+00,2.000000476837158203e-01,1.939743652343750000e+03
3.529015541076660156e+00,2.000000476837158203e-01,1.939756103515625000e+03
3.571654319763183594e+00,2.000000476837158203e-01,1.939769531250000000e+03
3.613948822021484375e+00,2.000000476837158203e-01,1.939784179687500000e+03
3.655873537063598633e+00,2.000000476837158203e-01,1.939799682617187500e+03
3.697402954101562500e+00,2.000000476837158203e-01,1.939816284179687500e+03
3.738512516021728516e+00,2.000000476837158203e-01,1.939833984375000000e+03
3.779177188873291016e+00,2.000000476837158203e-01,1.939852539062500000e+03
3.819372653961181641e+00,2.000000476837158203e-01,1.939872192382812500e+03
3.859074354171752930e+00,2.000000476837158203e-01,1.939892822265625000e+03
3.898258686065673828e+00,2.000000476837158203e-01,1.939914306640625000e+03
3.936902046203613281e+00,2.000000476837158203e-01,1.939936889648437500e+03
3.974980831146240234e+00,2.000000476837158203e-01,1.939960327148437500e+03
4.012472152709960938e+00,2.000000476837158203e-01,1.939984741210937500e+03
4.049354076385498047e+00,2.000000476837158203e-01,1.940010009765625000e+03
4.085603713989257812e+00,2.000000476837158203e-01,1.940036254882812500e+03
4.121199607849121094e+00,2.000000476837158203e-01,1.940063354492187500e+03
4.156119823455810547e+00,2.000000476837158203e-01,1.940091308593750000e+03
4.190343379974365234e+00,2.000000476837158203e-01,1.940120117187500000e+03
4.223850250244140625e+00,2.000000476837158203e-01,1.940149658203125000e+03
4.256620407104492188e+00,2.000000476837158203e-01,1.940180175781250000e+03
4.288632869720458984e+00,2.000000476837158203e-01,1.940211425781250000e+03
4.319869518280029297e+00,2.000000476837158203e-01,1.940243408203125000e+03
4.350310802459716797e+00,2.000000476837158203e-01,1.940276123046875000e+03
4.379939079284667969e+00,2.000000476837158203e-01,1.940309692382812500e+03
4.408735752105712891e+00,2.000000476837158203e-01,1.940343872070312500e+03
4.436684131622314453e+00,2.000000476837158203e-01,1.940378784179687500e+03
4.463767051696777344e+00,2.000000476837158203e-01,1.940414428710937500e+03
4.489968299865722656e+00,2.000000476837158203e-01,1.940450683593750000e+03
4.515272140502929688e+00,2.000000476837158203e-01,1.940487548828125000e+03
4.539662837982177734e+00,2.000000476837158203e-01,1.940525024414062500e+03
4.563126564025878906e+00,2.000000476837158203e-01,1.940563110351562500e+03
4.585648536682128906e+00,2.000000476837158203e-01,1.940601684570312500e+03
4.607214927673339844e+00,2.000000476837158203e-01,1.940640869140625000e+03
4.627813816070556641e+00,2.000000476837158203e-01,1.940680664062500000e+03
4.647431850433349609e+00,2.000000476837158203e-01,1.940720825195312500e+03
4.666057586669921875e+00,2.000000476837158203e-01,1.940761474609375000e+03
4.683680057525634766e+00,2.000000476837158203e-01,1.940802612304687500e+03
4.700287818908691406e+00,2.000000476837158203e-01,1.940844116210937500e+03
4.715871810913085938e+00,2.000000476837158203e-01,1.940886108398437500e+03
4.730422019958496094e+00,2.000000476837158203e-01,1.940928344726562500e+03
4.743929862976074219e+00,2.000000476837158203e-01,1.940970947265625000e+03
4.756387710571289062e+00,2.000000476837158203e-01,1.941013916015625000e+03
4.767786979675292969e+00,2.000000476837158203e-01,1.941057250976562500e+03
4.778121948242187500e+00,2.000000476837158203e-01,1.941100708007812500e+03
4.787384986877441406e+00,2.000000476837158203e-01,1.941144409179687500e+03
4.795572280883789062e+00,2.000000476837158203e-01,1.941188476562500000e+03
4.802677154541015625e+00,2.000000476837158203e-01,1.941232543945312500e+03
4.808696746826171875e+00,2.000000476837158203e-01,1.941276977539062500e+03
4.813626766204833984e+00,2.000000476837158203e-01,1.941321411132812500e+03
4.817464351654052734e+00,2.000000476837158203e-01,1.941365966796875000e+03
4.820206642150878906e+00,2.000000476837158203e-01,1.941410522460937500e+03
4.821853160858154297e+00,2.000000476837158203e-01,1.941455322265625000e+03
4.893935203552246094e+00,2.000000476837158203e-01,1.941500000000000000e+03
4.893364906311035156e+00,2.000000476837158203e-01,1.941546508789062500e+03
4.891653537750244141e+00,2.000000476837158203e-01,1.941592895507812500e+03
4.888803482055664062e+00,2.000000476837158203e-01,1.941639282226562500e+03
4.884815216064453125e+00,2.000000476837158203e-01,1.941685668945312500e+03
4.879691600799560547e+00,2.000000476837158203e-01,1.941731811523437500e+03
4.873435974121093750e+00,2.000000476837158203e-01,1.941777954101562500e+03
4.866051673889160156e+00,2.000000476837158203e-01,1.941823730468750000e+03
4.857543468475341797e+00,2.000000476837158203e-01,1.941869506835937500e+03
4.847916603088378906e+00,2.000000476837158203e-01,1.941914916992187500e+03
4.837176322937011719e+00,2.000000476837158203e-01,1.941960205078125000e+03
4.825329303741455078e+00,2.000000476837158203e-01,1.942005126953125000e+03
4.812382698059082031e+00,2.000000476837158203e-01,1.942049804687500000e+03
4.798344612121582031e+00,2.000000476837158203e-01,1.942094116210937500e+03
4.783223152160644531e+00,2.000000476837158203e-01,1.942138061523437500e+03
4.767027854919433594e+00,2.000000476837158203e-01,1.942181640625000000e+03
4.749767780303955078e+00,2.000000476837158203e-01,1.942224731445312500e+03
4.731453895568847656e+00,2.000000476837158203e-01,1.942267456054687500e+03
4.712097167968750000e+00,2.000000476837158203e-01,1.942309814453125000e+03
4.691708564758300781e+00,2.000000476837158203e-01,1.942351562500000000e+03
4.670301437377929688e+00,2.000000476837158203e-01,1.942392822265625000e+03
4.647888183593750000e+00,2.000000476837158203e-01,1.942433471679687500e+03
4.624482154846191406e+00,2.000000476837158203e-01,1.942473632812500000e+03
4.600097656250000000e+00,2.000000476837158203e-01,1.942513305664062500e+03
4.574749469757080078e+00,2.000000476837158203e-01,1.942552246093750000e+03
4.548452377319335938e+00,2.000000476837158203e-01,1.942590576171875000e+03
4.521223068237304688e+00,2.000000476837158203e-01,1.942628173828125000e+03
4.493077278137207031e+00,2.000000476837158203e-01,1.942665161132812500e+03
4.464031696319580078e+00,2.000000476837158203e-01,1.942701538085937500e+03
4.434104442596435547e+00,2.000000476837158203e-01,1.942737060546875000e+03
4.403313636779785156e+00,2.000000476837158203e-01,1.942771850585937500e+03
4.371676921844482422e+00,2.000000476837158203e-01,1.942805908203125000e+03
4.339214324951171875e+00,2.000000476837158203e-01,1.942839233398437500e+03
4.305944919586181641e+00,2.000000476837158203e-01,1.942871704101562500e+03
4.271889209747314453e+00,2.000000476837158203e-01,1.942903320312500000e+03
4.237067222595214844e+00,2.000000476837158203e-01,1.942934082031250000e+03
4.201499938964843750e+00,2.000000476837158203e-01,1.942963989257812500e+03
4.165208816528320312e+00,2.000000476837158203e-01,1.942993041992187500e+03
4.128215789794921875e+00,2.000000476837158203e-01,1.943021240234375000e+03
4.090543270111083984e+00,2.000000476837158203e-01,1.943048461914062500e+03
4.052213668823242188e+00,2.000000476837158203e-01,1.943074707031250000e+03
4.013250827789306641e+00,2.000000476837158203e-01,1.943100097656250000e+03
3.973677158355712891e+00,2.000000476837158203e-01,1.943124511718750000e+03
3.933517217636108398e+00,2.000000476837158203e-01,1.943147949218750000e+03
3.892794847488403320e+00,2.000000476837158203e-01,1.943170288085937500e+03
3.851534843444824219e+00,2.000000476837158203e-01,1.943191650390625000e+03
3.809761524200439453e+00,2.000000476837158203e-01,1.943212036132812500e+03
3.767500877380371094e+00,2.000000476837158203e-01,1.943231445312500000e+03
3.724777698516845703e+00,2.000000476837158203e-01,1.943249755859375000e+03
3.681617736816406250e+00,2.000000476837158203e-01,1.943266967773437500e+03
3.638047456741333008e+00,2.000000476837158203e-01,1.943283203125000000e+03
3.594092845916748047e+00,2.000000476837158203e-01,1.943298339843750000e+03
3.549780368804931641e+00,2.000000476837158203e-01,1.943312377929687500e+03
3.505136489868164062e+00,2.000000476837158203e-01,1.943325317382812500e+03
3.460188627243041992e+00,2.000000476837158203e-01,1.943337158203125000e+03
3.414963483810424805e+00,2.000000476837158203e-01,1.943347900390625000e+03
3.369488477706909180e+00,2.000000476837158203e-01,1.943357543945312500e+03
3.323790788650512695e+00,2.000000476837158203e-01,1.943366088867187500e+03
3.277898073196411133e+00,2.000000476837158203e-01,1.943373413085937500e+03
3.231837749481201172e+00,2.000000476837158203e-01,1.943379638671875000e+03
3.185638189315795898e+00,2.000000476837158203e-01,1.943384765625000000e+03
3.139326572418212891e+00,2.000000476837158203e-01,1.943388793945312500e+03
3.092931032180786133e+00,2.000000476837158203e-01,1.943391601562500000e+03
3.046479463577270508e+00,2.000000476837158203e-01,1.943393310546875000e+03
3.000000000000000000e+00,2.000000476837158203e-01,1.943393920898437500e+03
2.953520536422729492e+00,2.000000476837158203e-01,1.943393310546875000e+03
2.907068967819213867e+00,2.000000476837158203e-01,1.943391601562500000e+03
2.860673427581787109e+00,2.000000476837158203e-01,1.943388793945312500e+03
2.814361810684204102e+00,2.000000476837158203e-01,1.943384765625000000e+03
2.768162250518798828e+00,2.000000476837158203e-01,1.943379638671875000e+03
2.722101926803588867e+00,2.000000476837158203e-01,1.943373413085937500e+03
2.676209211349487305e+00,2.000000476837158203e-01,1.943366088867187500e+03
2.630511522293090820e+00,2.000000476837158203e-01,1.943357543945312500e+03
2.585036516189575195e+00,2.000000476837158203e-01,1.943347900390625000e+03
2.539811372756958008e+00,2.000000476837158203e-01,1.943337158203125000e+03
2.494863510131835938e+00,2.000000476837158203e-01,1.943325317382812500e+03
2.450219631195068359e+00,2.000000476837158203e-01,1.943312377929687500e+03
2.405907154083251953e+00,2.000000476837158203e-01,1.943298339843750000e+03
2.361952543258666992e+00,2.000000476837158203e-01,1.943283203125000000e+03
2.318382263183593750e+00,2.000000476837158203e-01,1.943266967773437500e+03
2.275222301483154297e+00,2.000000476837158203e-01,1.943249755859375000e+03
2.232499122619628906e+00,2.000000476837158203e-01,1.943231445312500000e+03
2.190238475799560547e+00,2.000000476837158203e-01,1.943212036132812500e+03
2.148465156555175781e+00,2.000000476837158203e-01,1.943191650390625000e+03
2.107205152511596680e+00,2.000000476837158203e-01,1.943170288085937500e+03
2.066482782363891602e+00,2.000000476837158203e-01,1.943147949218750000e+03
2.026322841644287109e+00,2.000000476837158203e-01,1.943124511718750000e+03
1.986749291419982910e+00,2.000000476837158203e-01,1.943100097656250000e+03
1.947786092758178711e+00,2.000000476837158203e-01,1.943074707031250000e+03
1.909456729888916016e+00,2.000000476837158203e-01,1.943048461914062500e+03
1.871784210205078125e+00,2.000000476837158203e-01,1.943021240234375000e+03
1.834791302680969238e+00,2.000000476837158203e-01,1.942993041992187500e+03
1.798500299453735352e+00,2.000000476837158203e-01,1.942963989257812500e+03
1.762933015823364258e+00,2.000000476837158203e-01,1.942934082031250000e+03
1.728110909461975098e+00,2.000000476837158203e-01,1.942903320312500000e+03
1.694054961204528809e+00,2.000000476837158203e-01,1.942871704101562500e+03
1.660785555839538574e+00,2.000000476837158203e-01,1.942839233398437500e+03
1.628323078155517578e+00,2.000000476837158203e-01,1.942805908203125000e+03
1.596686601638793945e+00,2.000000476837158203e-01,1.942771850585937500e+03
1.565895676612854004e+00,2.000000476837158203e-01,1.942737060546875000e+03
1.535968422889709473e+00,2.000000476837158203e-01,1.942701538085937500e+03
1.506922960281372070e+00,2.000000476837158203e-01,1.942665161132812500e+03
1.478777050971984863e+00,2.000000476837158203e-01,1.942628173828125000e+03
1.451547503471374512e+00,2.000000476837158203e-01,1.942590576171875000e+03
1.425250530242919922e+00,2.000000476837158203e-01,1.942552246093750000e+03
1.399902105331420898e+00,2.000000476837158203e-01,1.942513305664062500e+03
1.375517725944519043e+00,2.000000476837158203e-01,1.942473632812500000e+03
1.352111697196960449e+00,2.000000476837158203e-01,1.942433471679687500e+03
1.329698324203491211e+00,2.000000476837158203e-01,1.942392822265625000e+03
1.308291196823120117e+00,2.000000476837158203e-01,1.942351562500000000e+03
1.287902951240539551e+00,2.000000476837158203e-01,1.942309814453125000e+03
1.268546104431152344e+00,2.000000476837158203e-01,1.942267456054687500e+03
1.250232100486755371e+00,2.000000476837158203e-01,1.942224731445312500e+03
1.232972264289855957e+00,2.000000476837158203e-01,1.942181640625000000e+03
1.216776609420776367e+00,2.000000476837158203e-01,1.942138061523437500e+03
1.201655149459838867e+00,2.000000476837158203e-01,1.942094116210937500e+03
1.187617182731628418e+00,2.000000476837158203e-01,1.942049804687500000e+03
1.174670577049255371e+00,2.000000476837158203e-01,1.942005126953125000e+03
1.162823796272277832e+00,2.000000476837158203e-01,1.941960205078125000e+03
1.152083516120910645e+00,2.000000476837158203e-01,1.941914916992187500e+03
1.142456412315368652e+00,2.000000476837158203e-01,1.941869506835937500e+03
1.133948087692260742e+00,2.000000476837158203e-01,1.941823730468750000e+03
1.126563906669616699e+00,2.000000476837158203e-01,1.941777954101562500e+03
1.120308279991149902e+00,2.000000476837158203e-01,1.941731811523437500e+03
1.115184783935546875e+00,2.000000476837158203e-01,1.941685668945312500e+03
1.111196637153625488e+00,2.000000476837158203e-01,1.941639282226562500e+03
1.108346343040466309e+00,2.000000476837158203e-01,1.941592895507812500e+03
1.106635332107543945e+00,2.000000476837158203e-01,1.941546508789062500e+03
1.106064915657043457e+00,2.000000476837158203e-01,1.941500000000000000e+03
1.106635332107543945e+00,2.000000476837158203e-01,1.941453491210937500e+03
1.108346343040466309e+00,2.000000476837158203e-01,1.941407104492187500e+03
1.111196637153625488e+00,2.000000476837158203e-01,1.941360717773437500e+03
1.115184783935546875e+00,2.000000476837158203e-01,1.941314331054687500e+03
1.120308279991149902e+00,2.000000476837158203e-01,1.941268188476562500e+03
1.126563906669616699e+00,2.000000476837158203e-01,1.941222045898437500e+03
1.133948087692260742e+00,2.000000476837158203e-01,1.941176269531250000e+03
1.142456412315368652e+00,2.000000476837158203e-01,1.941130493164062500e+03
1.152083516120910645e+00,2.000000476837158203e-01,1.941085083007812500e+03
1.162823796272277832e+00,2.000000476837158203e-01,1.941039794921875000e+03
1.174670577049255371e+00,2.000000476837158203e-01,1.940994873046875000e+03
1.187617182731628418e+00,2.000000476837158203e-01,1.940950195312500000e+03
1.201655149459838867e+00,2.000000476837158203e-01,1.940905883789062500e+03
1.216776609420776367e+00,2.000000476837158203e-01,1.940861938476562500e+03
1.232972264289855957e+00,2.000000476837158203e-01,1.940818359375000000e+03
1.250232100486755371e+00,2.000000476837158203e-01,1.940775268554687500e+03
1.268546104431152344e+00,2.000000476837158203e-01,1.940732543945312500e+03
1.287902951240539551e+00,2.000000476837158203e-01,1.940690185546875000e+03
1.308291196823120117e+00,2.000000476837158203e-01,1.940648437500000000e+03
1.329698324203491211e+00,2.000000476837158203e-01,1.940607177734375000e+03
1.352111697196960449e+00,2.000000476837158203e-01,1.940566528320312500e+03
1.375517725944519043e+00,2.000000476837158203e-01,1.940526367187500000e+03
1.399902105331420898e+00,2.000000476837158203e-01,1.940486694335937500e+03
1.425250530242919922e+00,2.000000476837158203e-01,1.940447753906250000e+03
1.451547503471374512e+00,2.000000476837158203e-01,1.940409423828125000e+03
1.478777050971984863e+00,2.000000476837158203e-01,1.940371826171875000e+03
1.506922960281372070e+00,2.000000476837158203e-01,1.940334838867187500e+03
1.535968422889709473e+00,2.000000476837158203e-01,1.940298461914062500e+03
1.565895676612854004e+00,2.000000476837158203e-01,1.940262939453125000e+03
1.596686601638793945e+00,2.000000476837158203e-01,1.940228149414062500e+03
1.628323078155517578e+00,2.000000476837158203e-01,1.940194091796875000e+03
1.660785555839538574e+00,2.000000476837158203e-01,1.940160766601562500e+03
1.694054961204528809e+00,2.000000476837158203e-01,1.940128295898437500e+03
1.728110909461975098e+00,2.000000476837158203e-01,1.940096679687500000e+03
1.762933015823364258e+00,2.000000476837158203e-01,1.940065917968750000e+03
1.798500299453735352e+00,2.000000476837158203e-01,1.940036010742187500e+03
1.834791302680969238e+00,2.000000476837158203e-01,1.940006958007812500e+03
1.871784210205078125e+00,2.000000476837158203e-01,1.939978759765625000e+03
1.909456729888916016e+00,2.000000476837158203e-01,1.939951538085937500e+03
1.947786092758178711e+00,2.000000476837158203e-01,1.939925292968750000e+03
1.986749291419982910e+00,2.000000476837158203e-01,1.939899902343750000e+03
2.026322841644287109e+00,2.000000476837158203e-01,1.939875488281250000e+03
2.066482782363891602e+00,2.000000476837158203e-01,1.939852050781250000e+03
2.107205152511596680e+00,2.000000476837158203e-01,1.939829711914062500e+03
2.148465156555175781e+00,2.000000476837158203e-01,1.939808349609375000e+03
2.190238475799560547e+00,2.000000476837158203e-01,1.939787963867187500e+03
2.232499122619628906e+00,2.000000476837158203e-01,1.939768554687500000e+03
2.275222301483154297e+00,2.000000476837158203e-01,1.939750244140625000e+03
2.318382263183593750e+00,2.000000476837158203e-01,1.939733032226562500e+03
2.361952543258666992e+00,2.000000476837158203e-01,1.939716796875000000e+03
2.405907154083251953e+00,2.000000476837158203e-01,1.939701660156250000e+03
2.450219631195068359e+00,2.000000476837158203e-01,1.939687622070312500e+03
2.494863510131835938e+00,2.000000476837158203e-01,1.939674682617187500e+03
2.539811372756958008e+00,2.000000476837158203e-01,1.939662841796875000e+03
2.585036516189575195e+00,2.000000476837158203e-01,1.939652099609375000e+03
2.630511522293090820e+00,2.000000476837158203e-01,1.939642456054687500e+03
2.676209211349487305e+00,2.000000476837158203e-01,1.939633911132812500e+03
2.722101926803588867e+00,2.000000476837158203e-01,1.939626586914062500e+03
2.768162250518798828e+00,2.000000476837158203e-01,1.939620361328125000e+03
2.814361810684204102e+00,2.000000476837158203e-01,1.939615234375000000e+03
2.860673427581787109e+00,2.000000476837158203e-01,1.939611206054687500e+03
2.907068967819213867e+00,2.000000476837158203e-01,1.939608398437500000e+03
2.953520536422729492e+00,2.000000476837158203e-01,1.939606689453125000e+03
3.000000000000000000e+00,2.000000476837158203e-01,1.939606079101562500e+03
3.046479463577270508e+00,2.000000476837158203e-01,1.939606689453125000e+03
3.092931032180786133e+00,2.000000476837158203e-01,1.939608398437500000e+03
3.139326572418212891e+00,2.000000476837158203e-01,1.939611206054687500e+03
3.185638189315795898e+00,2.000000476837158203e-01,1.939615234375000000e+03
3.231837749481201172e+00,2.000000476837158203e-01,1.939620361328125000e+03
3.277898073196411133e+00,2.000000476837158203e-01,1.939626586914062500e+03
3.323790788650512695e+00,2.000000476837158203e-01,1.939633911132812500e+03
3.369488477706909180e+00,2.000000476837158203e-01,1.939642456054687500e+03
3.414963483810424805e+00,2.000000476837158203e-01,1.939652099609375000e+03
3.460188627243041992e+00,2.000000476837158203e-01,1.939662841796875000e+03
3.505136489868164062e+00,2.000000476837158203e-01,1.939674682617187500e+03
3.549780368804931641e+00,2.000000476837158203e-01,1.939687622070312500e+03
3.594092845916748047e+00,2.000000476837158203e-01,1.939701660156250000e+03
3.638047456741333008e+00,2.000000476837158203e-01,1.939716796875000000e+03
3.681617736816406250e+00,2.000000476837158203e-01,1.939733032226562500e+03
3.724777698516845703e+00,2.000000476837158203e-01,1.939750244140625000e+03
3.767500877380371094e+00,2.000000476837158203e-01,1.939768554687500000e+03
3.809761524200439453e+00,2.000000476837158203e-01,1.939787963867187500e+03
3.851534843444824219e+00,2.000000476837158203e-01,1.939808349609375000e+03
3.892794847488403320e+00,2.000000476837158203e-01,1.939829711914062500e+03
3.933517217636108398e+00,2.000000476837158203e-01,1.939852050781250000e+03
3.973677158355712891e+00,2.000000476837158203e-01,1.939875488281250000e+03
4.013250827789306641e+00,2.000000476837158203e-01,1.939899902343750000e+03
4.052213668823242188e+00,2.000000476837158203e-01,1.939925292968750000e+03
4.090543270111083984e+00,2.000000476837158203e-01,1.939951538085937500e+03
4.128215789794921875e+00,2.000000476837158203e-01,1.939978759765625000e+03
4.165208816528320312e+00,2.000000476837158203e-01,1.940006958007812500e+03
4.201499938964843750e+00,2.000000476837158203e-01,1.940036010742187500e+03
4.237067222595214844e+00,2.000000476837158203e-01,1.940065917968750000e+03
4.271889209747314453e+00,2.000000476837158203e-01,1.940096679687500000e+03
4.305944919586181641e+00,2.000000476837158203e-01,1.940128295898437500e+03
4.339214324951171875e+00,2.000000476837158203e-01,1.940160766601562500e+03
4.371676921844482422e+00,2.000000476837158203e-01,1.940194091796875000e+03
4.403313636779785156e+00,2.000000476837158203e-01,1.940228149414062500e+03
4.434104442596435547e+00,2.000000476837158203e-01,1.940262939453125000e+03
4.464031696319580078e+00,2.000000476837158203e-01,1.940298461914062500e+03
4.493077278137207031e+00,2.000000476837158203e-01,1.940334838867187500e+03
4.521223068237304688e+00,2.000000476837158203e-01,1.940371826171875000e+03
4.548452377319335938e+00,2.000000476837158203e-01,1.940409423828125000e+03
4.574749469757080078e+00,2.000000476837158203e-01,1.940447753906250000e+03
4.600097656250000000e+00,2.000000476837158203e-01,1.940486694335937500e+03
4.624482154846191406e+00,2.000000476837158203e-01,1.940526367187500000e+03
4.647888183593750000e+00,2.000000476837158203e-01,1.940566528320312500e+03
4.670301437377929688e+00,2.000000476837158203e-01,1.940607177734375000e+03
4.691708564758300781e+00,2.000000476837158203e-01,1.940648437500000000e+03
4.712097167968750000e+00,2.000000476837158203e-01,1.940690185546875000e+03
4.731453895568847656e+00,2.000000476837158203e-01,1.940732543945312500e+03
4.749767780303955078e+00,2.000000476837158203e-01,1.940775268554687500e+03
4.767027854919433594e+00,2.000000476837158203e-01,1.940818359375000000e+03
4.783223152160644531e+00,2.000000476837158203e-01,1.940861938476562500e+03
4.798344612121582031e+00,2.000000476837158203e-01,1.940905883789062500e+03
4.812382698059082031e+00,2.000000476837158203e-01,1.940950195312500000e+03
4.825329303741455078e+00,2.000000476837158203e-01,1.940994873046875000e+03
4.837176322937011719e+00,2.000000476837158203e-01,1.941039794921875000e+03
4.847916603088378906e+00,2.000000476837158203e-01,1.941085083007812500e+03
4.857543468475341797e+00,2.000000476837158203e-01,1.941130493164062500e+03
4.866051673889160156e+00,2.000000476837158203e-01,1.941176269531250000e+03
4.873435974121093750e+00,2.000000476837158203e-01,1.941222045898437500e+03
4.879691600799560547e+00,2.000000476837158203e-01,1.941268188476562500e+03
4.884815216064453125e+00,2.000000476837158203e-01,1.941314331054687500e+03
4.888803482055664062e+00,2.000000476837158203e-01,1.941360717773437500e+03
4.891653537750244141e+00,2.000000476837158203e-01,1.941407104492187500e+03
4.893364906311035156e+00,2.000000476837158203e-01,1.941453491210937500e+03
4.968424797058105469e+00,2.000000476837158203e-01,1.941500000000000000e+03
4.967831611633300781e+00,2.000000476837158203e-01,1.941548339843750000e+03
4.966053485870361328e+00,2.000000476837158203e-01,1.941596557617187500e+03
4.963090896606445312e+00,2.000000476837158203e-01,1.941644775390625000e+03
4.958946228027343750e+00,2.000000476837158203e-01,1.941692993164062500e+03
4.953620910644531250e+00,2.000000476837158203e-01,1.941740966796875000e+03
4.947119235992431641e+00,2.000000476837158203e-01,1.941788818359375000e+03
4.939444541931152344e+00,2.000000476837158203e-01,1.941836547851562500e+03
4.930602073669433594e+00,2.000000476837158203e-01,1.941884033203125000e+03
4.920596122741699219e+00,2.000000476837158203e-01,1.941931274414062500e+03
4.909433364868164062e+00,2.000000476837158203e-01,1.941978271484375000e+03
4.897120475769042969e+00,2.000000476837158203e-01,1.942025024414062500e+03
4.883665084838867188e+00,2.000000476837158203e-01,1.942071411132812500e+03
4.869074821472167969e+00,2.000000476837158203e-01,1.942117431640625000e+03
4.853358268737792969e+00,2.000000476837158203e-01,1.942163085937500000e+03
4.836525917053222656e+00,2.000000476837158203e-01,1.942208374023437500e+03
4.818587303161621094e+00,2.000000476837158203e-01,1.942253295898437500e+03
4.799552917480468750e+00,2.000000476837158203e-01,1.942297729492187500e+03
4.779434680938720703e+00,2.000000476837158203e-01,1.942341552734375000e+03
4.758244514465332031e+00,2.000000476837158203e-01,1.942385009765625000e+03
4.735995292663574219e+00,2.000000476837158203e-01,1.942427856445312500e+03
4.712700843811035156e+00,2.000000476837158203e-01,1.942470214843750000e+03
4.688374042510986328e+00,2.000000476837158203e-01,1.942511962890625000e+03
4.663030624389648438e+00,2.000000476837158203e-01,1.942553100585937500e+03
4.636685371398925781e+00,2.000000476837158203e-01,1.942593627929687500e+03
4.609354019165039062e+00,2.000000476837158203e-01,1.942633422851562500e+03
4.581053733825683594e+00,2.000000476837158203e-01,1.942672607421875000e+03
4.551800727844238281e+00,2.000000476837158203e-01,1.942711059570312500e+03
4.521612644195556641e+00,2.000000476837158203e-01,1.942748779296875000e+03
4.490508556365966797e+00,2.000000476837158203e-01,1.942785766601562500e+03
4.458506584167480469e+00,2.000000476837158203e-01,1.942821899414062500e+03
4.425625801086425781e+00,2.000000476837158203e-01,1.942857299804687500e+03
4.391886234283447266e+00,2.000000476837158203e-01,1.942891845703125000e+03
4.357308387756347656e+00,2.000000476837158203e-01,1.942925659179687500e+03
4.321913242340087891e+00,2.000000476837158203e-01,1.942958496093750000e+03
4.285721778869628906e+00,2.000000476837158203e-01,1.942990478515625000e+03
4.248755455017089844e+00,2.000000476837158203e-01,1.943021606445312500e+03
4.211037158966064453e+00,2.000000476837158203e-01,1.943051757812500000e+03
4.172589302062988281e+00,2.000000476837158203e-01,1.943081054687500000e+03
4.133435249328613281e+00,2.000000476837158203e-01,1.943109375000000000e+03
4.093598365783691406e+00,2.000000476837158203e-01,1.943136718750000000e+03
4.053102493286132812e+00,2.000000476837158203e-01,1.943163085937500000e+03
4.011972427368164062e+00,2.000000476837158203e-01,1.943188354492187500e+03
3.970232963562011719e+00,2.000000476837158203e-01,1.943212646484375000e+03
3.927908897399902344e+00,2.000000476837158203e-01,1.943235961914062500e+03
3.885025978088378906e+00,2.000000476837158203e-01,1.943258300781250000e+03
3.841609954833984375e+00,2.000000476837158203e-01,1.943279418945312500e+03
3.797687053680419922e+00,2.000000476837158203e-01,1.943299560546875000e+03
3.753283500671386719e+00,2.000000476837158203e-01,1.943318603515625000e+03
3.708426237106323242e+00,2.000000476837158203e-01,1.943336547851562500e+03
3.663142204284667969e+00,2.000000476837158203e-01,1.943353393554687500e+03
3.617458820343017578e+00,2.000000476837158203e-01,1.943369018554687500e+03
3.571403503417968750e+00,2.000000476837158203e-01,1.943383666992187500e+03
3.525003910064697266e+00,2.000000476837158203e-01,1.943397094726562500e+03
3.478288173675537109e+00,2.000000476837158203e-01,1.943409423828125000e+03
3.431284189224243164e+00,2.000000476837158203e-01,1.943420654296875000e+03
3.384020566940307617e+00,2.000000476837158203e-01,1.943430541992187500e+03
3.336525678634643555e+00,2.000000476837158203e-01,1.943439453125000000e+03
3.288827896118164062e+00,2.000000476837158203e-01,1.943447143554687500e+03
3.240956306457519531e+00,2.000000476837158203e-01,1.943453613281250000e+03
3.192939281463623047e+00,2.000000476837158203e-01,1.943458984375000000e+03
3.144806385040283203e+00,2.000000476837158203e-01,1.943463134765625000e+03
3.096585988998413086e+00,2.000000476837158203e-01,1.943466064453125000e+03
3.048307657241821289e+00,2.000000476837158203e-01,1.943467773437500000e+03
3.000000000000000000e+00,2.000000476837158203e-01,1.943468383789062500e+03
2.951692342758178711e+00,2.000000476837158203e-01,1.943467773437500000e+03
2.903414011001586914e+00,2.000000476837158203e-01,1.943466064453125000e+03
2.855193614959716797e+00,2.000000476837158203e-01,1.943463134765625000e+03
2.807060718536376953e+00,2.000000476837158203e-01,1.943458984375000000e+03
2.759043693542480469e+00,2.000000476837158203e-01,1.943453613281250000e+03
2.711172103881835938e+00,2.000000476837158203e-01,1.943447143554687500e+03
2.663474321365356445e+00,2.000000476837158203e-01,1.943439453125000000e+03
2.615979433059692383e+00,2.000000476837158203e-01,1.943430541992187500e+03
2.568715810775756836e+00,2.000000476837158203e-01,1.943420654296875000e+03
2.521711826324462891e+00,2.000000476837158203e-01,1.943409423828125000e+03
2.474996089935302734e+00,2.000000476837158203e-01,1.943397094726562500e+03
2.428596496582031250e+00,2.000000476837158203e-01,1.943383666992187500e+03
2.382541179656982422e+00,2.000000476837158203e-01,1.943369018554687500e+03
2.336857795715332031e+00,2.000000476837158203e-01,1.943353393554687500e+03
2.291573762893676758e+00,2.000000476837158203e-01,1.943336547851562500e+03
2.246716499328613281e+00,2.000000476837158203e-01,1.943318603515625000e+03
2.202312946319580078e+00,2.000000476837158203e-01,1.943299560546875000e+03
2.158390045166015625e+00,2.000000476837158203e-01,1.943279418945312500e+03
2.114974021911621094e+00,2.000000476837158203e-01,1.943258300781250000e+03
2.072091102600097656e+00,2.000000476837158203e-01,1.943235961914062500e+03
2.029767036437988281e+00,2.000000476837158203e-01,1.943212646484375000e+03
1.988027453422546387e+00,2.000000476837158203e-01,1.943188354492187500e+03
1.946897506713867188e+00,2.000000476837158203e-01,1.943163085937500000e+03
1.906401872634887695e+00,2.000000476837158203e-01,1.943136718750000000e+03
1.866564989089965820e+00,2.000000476837158203e-01,1.943109375000000000e+03
1.827410817146301270e+00,2.000000476837158203e-01,1.943081054687500000e+03
1.788962960243225098e+00,2.000000476837158203e-01,1.943051757812500000e+03
1.751244664192199707e+00,2.000000476837158203e-01,1.943021606445312500e+03
1.714278459548950195e+00,2.000000476837158203e-01,1.942990478515625000e+03
1.678086876869201660e+00,2.000000476837158203e-01,1.942958496093750000e+03
1.642691373825073242e+00,2.000000476837158203e-01,1.942925659179687500e+03
1.608113646507263184e+00,2.000000476837158203e-01,1.942891845703125000e+03
1.574374318122863770e+00,2.000000476837158203e-01,1.942857299804687500e+03
1.541493654251098633e+00,2.000000476837158203e-01,1.942821899414062500e+03
1.509491443634033203e+00,2.000000476837158203e-01,1.942785766601562500e+03
1.478387236595153809e+00,2.000000476837158203e-01,1.942748779296875000e+03
1.448199510574340820e+00,2.000000476837158203e-01,1.942711059570312500e+03
1.418946504592895508e+00,2.000000476837158203e-01,1.942672607421875000e+03
1.390645861625671387e+00,2.000000476837158203e-01,1.942633422851562500e+03
1.363314747810363770e+00,2.000000476837158203e-01,1.942593627929687500e+03
1.336969375610351562e+00,2.000000476837158203e-01,1.942553100585937500e+03
1.311625838279724121e+00,2.000000476837158203e-01,1.942511962890625000e+03
1.287299394607543945e+00,2.000000476837158203e-01,1.942470214843750000e+03
1.264004468917846680e+00,2.000000476837158203e-01,1.942427856445312500e+03
1.241755247116088867e+00,2.000000476837158203e-01,1.942385009765625000e+03
1.220565319061279297e+00,2.000000476837158203e-01,1.942341552734375000e+03
1.200447082519531250e+00,2.000000476837158203e-01,1.942297729492187500e+03
1.181412816047668457e+00,2.000000476837158203e-01,1.942253295898437500e+03
1.163473963737487793e+00,2.000000476837158203e-01,1.942208374023437500e+03
1.146641492843627930e+00,2.000000476837158203e-01,1.942163085937500000e+03
1.130925297737121582e+00,2.000000476837158203e-01,1.942117431640625000e+03
1.116335034370422363e+00,2.000000476837158203e-01,1.942071411132812500e+03
1.102879405021667480e+00,2.000000476837158203e-01,1.942025024414062500e+03
1.090566635131835938e+00,2.000000476837158203e-01,1.941978271484375000e+03
1.079403877258300781e+00,2.000000476837158203e-01,1.941931274414062500e+03
1.069398164749145508e+00,2.000000476837158203e-01,1.941884033203125000e+03
1.060555219650268555e+00,2.000000476837158203e-01,1.941836547851562500e+03
1.052880644798278809e+00,2.000000476837158203e-01,1.941788818359375000e+03
1.046378850936889648e+00,2.000000476837158203e-01,1.941740966796875000e+03
1.041053771972656250e+00,2.000000476837158203e-01,1.941692993164062500e+03
1.036908864974975586e+00,2.000000476837158203e-01,1.941644775390625000e+03
1.033946394920349121e+00,2.000000476837158203e-01,1.941596557617187500e+03
1.032168269157409668e+00,2.000000476837158203e-01,1.941548339843750000e+03
1.031575441360473633e+00,2.000000476837158203e-01,1.941500000000000000e+03
1.032168269157409668e+00,2.000000476837158203e-01,1.941451660156250000e+03
1.033946394920349121e+00,2.000000476837158203e-01,1.941403442382812500e+03
1.036908864974975586e+00,2.000000476837158203e-01,1.941355224609375000e+03
1.041053771972656250e+00,2.000000476837158203e-01,1.941307006835937500e+03
1.046378850936889648e+00,2.000000476837158203e-01,1.941259033203125000e+03
1.052880644798278809e+00,2.000000476837158203e-01,1.941211181640625000e+03
1.060555219650268555e+00,2.000000476837158203e-01,1.941163452148437500e+03
1.069398164749145508e+00,2.000000476837158203e-01,1.941115966796875000e+03
1.079403877258300781e+00,2.000000476837158203e-01,1.941068725585937500e+03
1.090566635131835938e+00,2.000000476837158203e-01,1.941021728515625000e+03
1.102879405021667480e+00,2.000000476837158203e-01,1.940974975585937500e+03
1.116335034370422363e+00,2.000000476837158203e-01,1.940928588867187500e+03
1.130925297737121582e+00,2.000000476837158203e-01,1.940882568359375000e+03
1.146641492843627930e+00,2.000000476837158203e-01,1.940836914062500000e+03
1.163473963737487793e+00,2.000000476837158203e-01,1.940791625976562500e+03
1.181412816047668457e+00,2.000000476837158203e-01,1.940746704101562500e+03
1.200447082519531250e+00,2.000000476837158203e-01,1.940702270507812500e+03
1.220565319061279297e+00,2.000000476837158203e-01,1.940658447265625000e+03
1.241755247116088867e+00,2.000000476837158203e-01,1.940614990234375000e+03
1.264004468917846680e+00,2.000000476837158203e-01,1.940572143554687500e+03
1.287299394607543945e+00,2.000000476837158203e-01,1.940529785156250000e+03
1.311625838279724121e+00,2.000000476837158203e-01,1.940488037109375000e+03
1.336969375610351562e+00,2.000000476837158203e-01,1.940446899414062500e+03
1.363314747810363770e+00,2.000000476837158203e-01,1.940406372070312500e+03
1.390645861625671387e+00,2.000000476837158203e-01,1.940366577148437500e+03
1.418946504592895508e+00,2.000000476837158203e-01,1.940327392578125000e+03
1.448199510574340820e+00,2.000000476837158203e-01,1.940288940429687500e+03
1.478387236595153809e+00,2.000000476837158203e-01,1.940251220703125000e+03
1.509491443634033203e+00,2.000000476837158203e-01,1.940214233398437500e+03
1.541493654251098633e+00,2.000000476837158203e-01,1.940178100585937500e+03
1.574374318122863770e+00,2.000000476837158203e-01,1.940142700195312500e+03
1.608113646507263184e+00,2.000000476837158203e-01,1.940108154296875000e+03
1.642691373825073242e+00,2.000000476837158203e-01,1.940074340820312500e+03
1.678086876869201660e+00,2.000000476837158203e-01,1.940041503906250000e+03
1.714278459548950195e+00,2.000000476837158203e-01,1.940009521484375000e+03
1.751244664192199707e+00,2.000000476837158203e-01,1.939978393554687500e+03
1.788962960243225098e+00,2.000000476837158203e-01,1.939948242187500000e+03
1.827410817146301270e+00,2.000000476837158203e-01,1.939918945312500000e+03
1.866564989089965820e+00,2.000000476837158203e-01,1.939890625000000000e+03
1.906401872634887695e+00,2.000000476837158203e-01,1.939863281250000000e+03
1.946897506713867188e+00,2.000000476837158203e-01,1.939836914062500000e+03
1.988027453422546387e+00,2.000000476837158203e-01,1.939811645507812500e+03
2.029767036437988281e+00,2.000000476837158203e-01,1.939787353515625000e+03
2.072091102600097656e+00,2.000000476837158203e-01,1.939764038085937500e+03
2.114974021911621094e+00,2.000000476837158203e-01,1.939741699218750000e+03
2.158390045166015625e+00,2.000000476837158203e-01,1.939720581054687500e+03
2.202312946319580078e+00,2.000000476837158203e-01,1.939700439453125000e+03
2.246716499328613281e+00,2.000000476837158203e-01,1.939681396484375000e+03
2.291573762893676758e+00,2.000000476837158203e-01,1.939663452148437500e+03
2.336857795715332031e+00,2.000000476837158203e-01,1.939646606445312500e+03
2.382541179656982422e+00,2.000000476837158203e-01,1.939630981445312500e+03
2.428596496582031250e+00,2.000000476837158203e-01,1.939616333007812500e+03
2.474996089935302734e+00,2.000000476837158203e-01,1.939602905273437500e+03
2.521711826324462891e+00,2.000000476837158203e-01,1.939590576171875000e+03
2.568715810775756836e+00,2.000000476837158203e-01,1.939579345703125000e+03
2.615979433059692383e+00,2.000000476837158203e-01,1.939569458007812500e+03
2.663474321365356445e+00,2.000000476837158203e-01,1.939560546875000000e+03
2.711172103881835938e+00,2.000000476837158203e-01,1.939552856445312500e+03
2.759043693542480469e+00,2.000000476837158203e-01,1.939546386718750000e+03
2.807060718536376953e+00,2.000000476837158203e-01,1.939541015625000000e+03
2.855193614959716797e+00,2.000000476837158203e-01,1.939536865234375000e+03
2.903414011001586914e+00,2.000000476837158203e-01,1.939533935546875000e+03
2.951692342758178711e+00,2.000000476837158203e-01,1.939532226562500000e+03
3.000000000000000000e+00,2.000000476837158203e-01,1.939531616210937500e+03
3.048307657241821289e+00,2.000000476837158203e-01,1.939532226562500000e+03
3.096585988998413086e+00,2.000000476837158203e-01,1.939533935546875000e+03
3.144806385040283203e+00,2.000000476837158203e-01,1.939536865234375000e+03
3.192939281463623047e+00,2.000000476837158203e-01,1.939541015625000000e+03
3.240956306457519531e+00,2.000000476837158203e-01,1.939546386718750000e+03
3.288827896118164062e+00,2.000000476837158203e-01,1.939552856445312500e+03
3.336525678634643555e+00,2.000000476837158203e-01,1.939560546875000000e+03
3.384020566940307617e+00,2.000000476837158203e-01,1.939569458007812500e+03
3.431284189224243164e+00,2.000000476837158203e-01,1.939579345703125000e+03
3.478288173675537109e+00,2.000000476837158203e-01,1.939590576171875000e+03
3.525003910064697266e+00,2.000000476837158203e-01,1.939602905273437500e+03
3.571403503417968750e+00,2.000000476837158203e-01,1.939616333007812500e+03
3.617458820343017578e+00,2.000000476837158203e-01,1.939630981445312500e+03
3.663142204284667969e+00,2.000000476837158203e-01,1.939646606445312500e+03
3.708426237106323242e+00,2.000000476837158203e-01,1.939663452148437500e+03
3.753283500671386719e+00,2.000000476837158203e-01,1.939681396484375000e+03
3.797687053680419922e+00,2.000000476837158203e-01,1.939700439453125000e+03
3.841609954833984375e+00,2.000000476837158203e-01,1.939720581054687500e+03
3.885025978088378906e+00,2.000000476837158203e-01,1.939741699218750000e+03
3.927908897399902344e+00,2.000000476837158203e-01,1.939764038085937500e+03
3.970232963562011719e+00,2.000000476837158203e-01,1.939787353515625000e+03
4.011972427368164062e+00,2.000000476837158203e-01,1.939811645507812500e+03
4.053102493286132812e+00,2.000000476837158203e-01,1.939836914062500000e+03
4.093598365783691406e+00,2.000000476837158203e-01,1.939863281250000000e+03
4.133435249328613281e+00,2.000000476837158203e-01,1.939890625000000000e+03
4.172589302062988281e+00,2.000000476837158203e-01,1.939918945312500000e+03
4.211037158966064453e+00,2.000000476837158203e-01,1.939948242187500000e+03
4.248755455017089844e+00,2.000000476837158203e-01,1.939978393554687500e+03
4.285721778869628906e+00,2.000000476837158203e-01,1.940009521484375000e+03
4.321913242340087891e+00,2.000000476837158203e-01,1.940041503906250000e+03
4.357308387756347656e+00,2.000000476837158203e-01,1.940074340820312500e+03
4.391886234283447266e+00,2.000000476837158203e-01,1.940108154296875000e+03
4.425625801086425781e+00,2.000000476837158203e-01,1.940142700195312500e+03
4.458506584167480469e+00,2.000000476837158203e-01,1.940178100585937500e+03
4.490508556365966797e+00,2.000000476837158203e-01,1.940214233398437500e+03
4.521612644195556641e+00,2.000000476837158203e-01,1.940251220703125000e+03
4.551800727844238281e+00,2.000000476837158203e-01,1.940288940429687500e+03
4.581053733825683594e+00,2.000000476837158203e-01,1.940327392578125000e+03
4.609354019165039062e+00,2.000000476837158203e-01,1.940366577148437500e+03
4.636685371398925781e+00,2.000000476837158203e-01,1.940406372070312500e+03
4.663030624389648438e+00,2.000000476837158203e-01,1.940446899414062500e+03
4.688374042510986328e+00,2.000000476837158203e-01,1.940488037109375000e+03
4.712700843811035156e+00,2.000000476837158203e-01,1.940529785156250000e+03
4.735995292663574219e+00,2.000000476837158203e-01,1.940572143554687500e+03
4.758244514465332031e+00,2.000000476837158203e-01,1.940614990234375000e+03
4.779434680938720703e+00,2.000000476837158203e-01,1.940658447265625000e+03
4.799552917480468750e+00,2.000000476837158203e-01,1.940702270507812500e+03
4.818587303161621094e+00,2.000000476837158203e-01,1.940746704101562500e+03
4.836525917053222656e+00,2.000000476837158203e-01,1.940791625976562500e+03
4.853358268737792969e+00,2.000000476837158203e-01,1.940836914062500000e+03
4.869074821472167969e+00,2.000000476837158203e-01,1.940882568359375000e+03
4.883665084838867188e+00,2.000000476837158203e-01,1.940928588867187500e+03
4.897120475769042969e+00,2.000000476837158203e-01,1.940974975585937500e+03
4.909433364868164062e+00,2.000000476837158203e-01,1.941021728515625000e+03
4.920596122741699219e+00,2.000000476837158203e-01,1.941068725585937500e+03
4.930602073669433594e+00,2.000000476837158203e-01,1.941115966796875000e+03
4.939444541931152344e+00,2.000000476837158203e-01,1.941163452148437500e+03
4.947119235992431641e+00,2.000000476837158203e-01,1.941211181640625000e+03
4.953620910644531250e+00,2.000000476837158203e-01,1.941259033203125000e+03
4.958946228027343750e+00,2.000000476837158203e-01,1.941307006835937500e+03
4.963090896606445312e+00,2.000000476837158203e-01,1.941355224609375000e+03
4.966053485870361328e+00,2.000000476837158203e-01,1.941403442382812500e+03
4.967831611633300781e+00,2.000000476837158203e-01,1.941451660156250000e+03
5.046116352081298828e+00,2.000001668930053711e-01,1.941500000000000000e+03
5.045499801635742188e+00,2.000001668930053711e-01,1.941550170898437500e+03
5.043651580810546875e+00,2.000001668930053711e-01,1.941600341796875000e+03
5.040572166442871094e+00,2.000001668930053711e-01,1.941650512695312500e+03
5.036263465881347656e+00,2.000001668930053711e-01,1.941700561523437500e+03
5.030728340148925781e+00,2.000001668930053711e-01,1.941750488281250000e+03
5.023970127105712891e+00,2.000001668930053711e-01,1.941800170898437500e+03
5.015992641448974609e+00,2.000001668930053711e-01,1.941849853515625000e+03
5.006800651550292969e+00,2.000001668930053711e-01,1.941899169921875000e+03
4.996399879455566406e+00,2.000001668930053711e-01,1.941948364257812500e+03
4.984796524047851562e+00,2.000001668930053711e-01,1.941997192382812500e+03
4.971998214721679688e+00,2.000001668930053711e-01,1.942045776367187500e+03
4.958011150360107422e+00,2.000001668930053711e-01,1.942093994140625000e+03
4.942845344543457031e+00,2.000001668930053711e-01,1.942141845703125000e+03
4.926508903503417969e+00,2.000001668930053711e-01,1.942189331054687500e+03
4.909011840820312500e+00,2.000001668930053711e-01,1.942236328125000000e+03
4.890365123748779297e+00,2.000001668930053711e-01,1.942282958984375000e+03
4.870579719543457031e+00,2.000001668930053711e-01,1.942329223632812500e+03
4.849667072296142578e+00,2.000001668930053711e-01,1.942374877929687500e+03
4.827640533447265625e+00,2.000001668930053711e-01,1.942419921875000000e+03
4.804513454437255859e+00,2.000001668930053711e-01,1.942464477539062500e+03
4.780299186706542969e+00,2.000001668930053711e-01,1.942508544921875000e+03
4.755012512207031250e+00,2.000001668930053711e-01,1.942551879882812500e+03
4.728668689727783203e+00,2.000001668930053711e-01,1.942594726562500000e+03
4.701283454895019531e+00,2.000001668930053711e-01,1.942636718750000000e+03
4.672873497009277344e+00,2.000001668930053711e-01,1.942678222656250000e+03
4.643455982208251953e+00,2.000001668930053711e-01,1.942718872070312500e+03
4.613048553466796875e+00,2.000001668930053711e-01,1.942758789062500000e+03
4.581669330596923828e+00,2.000001668930053711e-01,1.942798095703125000e+03
4.549337387084960938e+00,2.000001668930053711e-01,1.942836425781250000e+03
4.516072273254394531e+00,2.000001668930053711e-01,1.942874145507812500e+03
4.481893539428710938e+00,2.000001668930053711e-01,1.942910888671875000e+03
4.446822643280029297e+00,2.000001668930053711e-01,1.942946777343750000e+03
4.410880088806152344e+00,2.000001668930053711e-01,1.942981933593750000e+03
4.374087810516357422e+00,2.000001668930053711e-01,1.943016113281250000e+03
4.336467742919921875e+00,2.000001668930053711e-01,1.943049316406250000e+03
4.298042297363281250e+00,2.000001668930053711e-01,1.943081665039062500e+03
4.258835315704345703e+00,2.000001668930053711e-01,1.943113037109375000e+03
4.218870162963867188e+00,2.000001668930053711e-01,1.943143432617187500e+03
4.178170680999755859e+00,2.000001668930053711e-01,1.943172851562500000e+03
4.136761188507080078e+00,2.000001668930053711e-01,1.943201293945312500e+03
4.094667434692382812e+00,2.000001668930053711e-01,1.943228637695312500e+03
4.051914215087890625e+00,2.000001668930053711e-01,1.943255004882812500e+03
4.008526802062988281e+00,2.000001668930053711e-01,1.943280273437500000e+03
3.964532613754272461e+00,2.000001668930053711e-01,1.943304565429687500e+03
3.919957160949707031e+00,2.000001668930053711e-01,1.943327636718750000e+03
3.874827384948730469e+00,2.000001668930053711e-01,1.943349609375000000e+03
3.829170703887939453e+00,2.000001668930053711e-01,1.943370605468750000e+03
3.783014774322509766e+00,2.000001668930053711e-01,1.943390380859375000e+03
3.736387252807617188e+00,2.000001668930053711e-01,1.943409057617187500e+03
3.689315795898437500e+00,2.000001668930053711e-01,1.943426513671875000e+03
3.641829490661621094e+00,2.000001668930053711e-01,1.943442871093750000e+03
3.593956232070922852e+00,2.000001668930053711e-01,1.943458007812500000e+03
3.545725345611572266e+00,2.000001668930053711e-01,1.943472045898437500e+03
3.497165679931640625e+00,2.000001668930053711e-01,1.943484741210937500e+03
3.448306560516357422e+00,2.000001668930053711e-01,1.943496459960937500e+03
3.399177551269531250e+00,2.000001668930053711e-01,1.943506835937500000e+03
3.349807977676391602e+00,2.000001668930053711e-01,1.943515991210937500e+03
3.300227642059326172e+00,2.000001668930053711e-01,1.943523925781250000e+03
3.250466585159301758e+00,2.000001668930053711e-01,1.943530761718750000e+03
3.200554370880126953e+00,2.000001668930053711e-01,1.943536254882812500e+03
3.150521755218505859e+00,2.000001668930053711e-01,1.943540527343750000e+03
3.100398063659667969e+00,2.000001668930053711e-01,1.943543701171875000e+03
3.050214290618896484e+00,2.000001668930053711e-01,1.943545532226562500e+03
3.000000000000000000e+00,2.000001668930053711e-01,1.943546142578125000e+03
2.949785709381103516e+00,2.000001668930053711e-01,1.943545532226562500e+03
2.899601936340332031e+00,2.000001668930053711e-01,1.943543701171875000e+03
2.849478244781494141e+00,2.000001668930053711e-01,1.943540527343750000e+03
2.799445629119873047e+00,2.000001668930053711e-01,1.943536254882812500e+03
2.749533414840698242e+00,2.000001668930053711e-01,1.943530761718750000e+03
2.699772357940673828e+00,2.000001668930053711e-01,1.943523925781250000e+03
2.650192022323608398e+00,2.000001668930053711e-01,1.943515991210937500e+03
2.600822448730468750e+00,2.000001668930053711e-01,1.943506835937500000e+03
2.551693439483642578e+00,2.000001668930053711e-01,1.943496459960937500e+03
2.502834320068359375e+00,2.000001668930053711e-01,1.943484741210937500e+03
2.454274654388427734e+00,2.000001668930053711e-01,1.943472045898437500e+03
2.406043767929077148e+00,2.000001668930053711e-01,1.943458007812500000e+03
2.358170509338378906e+00,2.000001668930053711e-01,1.943442871093750000e+03
2.310684204101562500e+00,2.000001668930053711e-01,1.943426513671875000e+03
2.263612747192382812e+00,2.000001668930053711e-01,1.943409057617187500e+03
2.216985225677490234e+00,2.000001668930053711e-01,1.943390380859375000e+03
2.170829296112060547e+00,2.000001668930053711e-01,1.943370605468750000e+03
2.125172615051269531e+00,2.000001668930053711e-01,1.943349609375000000e+03
2.080042839050292969e+00,2.000001668930053711e-01,1.943327636718750000e+03
2.035467386245727539e+00,2.000001668930053711e-01,1.943304565429687500e+03
1.991472959518432617e+00,2.000001668930053711e-01,1.943280273437500000e+03
1.948086023330688477e+00,2.000001668930053711e-01,1.943255004882812500e+03
1.905332565307617188e+00,2.000001668930053711e-01,1.943228637695312500e+03
1.863238692283630371e+00,2.000001668930053711e-01,1.943201293945312500e+03
1.821829438209533691e+00,2.000001668930053711e-01,1.943172851562500000e+03
1.781129956245422363e+00,2.000001668930053711e-01,1.943143432617187500e+03
1.741164565086364746e+00,2.000001668930053711e-01,1.943113037109375000e+03
1.701957583427429199e+00,2.000001668930053711e-01,1.943081665039062500e+03
1.663532376289367676e+00,2.000001668930053711e-01,1.943049316406250000e+03
1.625912189483642578e+00,2.000001668930053711e-01,1.943016113281250000e+03
1.589119791984558105e+00,2.000001668930053711e-01,1.942981933593750000e+03
1.553177237510681152e+00,2.000001668930053711e-01,1.942946777343750000e+03
1.518106222152709961e+00,2.000001668930053711e-01,1.942910888671875000e+03
1.483927845954895020e+00,2.000001668930053711e-01,1.942874145507812500e+03
1.450662732124328613e+00,2.000001668930053711e-01,1.942836425781250000e+03
1.418330669403076172e+00,2.000001668930053711e-01,1.942798095703125000e+03
1.386951565742492676e+00,2.000001668930053711e-01,1.942758789062500000e+03
1.356544017791748047e+00,2.000001668930053711e-01,1.942718872070312500e+03
1.327126383781433105e+00,2.000001668930053711e-01,1.942678222656250000e+03
1.298716425895690918e+00,2.000001668930053711e-01,1.942636718750000000e+03
1.271331429481506348e+00,2.000001668930053711e-01,1.942594726562500000e+03
1.244987487792968750e+00,2.000001668930053711e-01,1.942551879882812500e+03
1.219700813293457031e+00,2.000001668930053711e-01,1.942508544921875000e+03
1.195486545562744141e+00,2.000001668930053711e-01,1.942464477539062500e+03
1.172359228134155273e+00,2.000001668930053711e-01,1.942419921875000000e+03
1.150332808494567871e+00,2.000001668930053711e-01,1.942374877929687500e+03
1.129420399665832520e+00,2.000001668930053711e-01,1.942329223632812500e+03
1.109634995460510254e+00,2.000001668930053711e-01,1.942282958984375000e+03
1.090988278388977051e+00,2.000001668930053711e-01,1.942236328125000000e+03
1.073491334915161133e+00,2.000001668930053711e-01,1.942189331054687500e+03
1.057154893875122070e+00,2.000001668930053711e-01,1.942141845703125000e+03
1.041988849639892578e+00,2.000001668930053711e-01,1.942093994140625000e+03
1.028002023696899414e+00,2.000001668930053711e-01,1.942045776367187500e+03
1.015203237533569336e+00,2.000001668930053711e-01,1.941997192382812500e+03
1.003600001335144043e+00,2.000001668930053711e-01,1.941948364257812500e+03
9.931993484497070312e-01,2.000001668930053711e-01,1.941899169921875000e+03
9.840073585510253906e-01,2.000001668930053711e-01,1.941849853515625000e+03
9.760298728942871094e-01,2.000001668930053711e-01,1.941800170898437500e+03
9.692714214324951172e-01,2.000001668930053711e-01,1.941750488281250000e+03
9.637362957000732422e-01,2.000001668930053711e-01,1.941700561523437500e+03
9.594278335571289062e-01,2.000001668930053711e-01,1.941650512695312500e+03
9.563484191894531250e-01,2.000001668930053711e-01,1.941600341796875000e+03
9.544999599456787109e-01,2.000001668930053711e-01,1.941550170898437500e+03
9.538836479187011719e-01,2.000001668930053711e-01,1.941500000000000000e+03
9.544999599456787109e-01,2.000001668930053711e-01,1.941449829101562500e+03
9.563484191894531250e-01,2.000001668930053711e-01,1.941399658203125000e+03
9.594278335571289062e-01,2.000001668930053711e-01,1.941349487304687500e+03
9.637362957000732422e-01,2.000001668930053711e-01,1.941299438476562500e+03
9.692714214324951172e-01,2.000001668930053711e-01,1.941249511718750000e+03
9.760298728942871094e-01,2.000001668930053711e-01,1.941199829101562500e+03
9.840073585510253906e-01,2.000001668930053711e-01,1.941150146484375000e+03
9.931993484497070312e-01,2.000001668930053711e-01,1.941100830078125000e+03
1.003600001335144043e+00,2.000001668930053711e-01,1.941051635742187500e+03
1.015203237533569336e+00,2.000001668930053711e-01,1.941002807617187500e+03
1.028002023696899414e+00,2.000001668930053711e-01,1.940954223632812500e+03
1.041988849639892578e+00,2.000001668930053711e-01,1.940906005859375000e+03
1.057154893875122070e+00,2.000001668930053711e-01,1.940858154296875000e+03
1.073491334915161133e+00,2.000001668930053711e-01,1.940810668945312500e+03
1.090988278388977051e+00,2.000001668930053711e-01,1.940763671875000000e+03
1.109634995460510254e+00,2.000001668930053711e-01,1.940717041015625000e+03
1.129420399665832520e+00,2.000001668930053711e-01,1.940670776367187500e+03
1.150332808494567871e+00,2.000001668930053711e-01,1.940625122070312500e+03
1.172359228134155273e+00,2.000001668930053711e-01,1.940580078125000000e+03
1.195486545562744141e+00,2.000001668930053711e-01,1.940535522460937500e+03
1.219700813293457031e+00,2.000001668930053711e-01,1.940491455078125000e+03
1.244987487792968750e+00,2.000001668930053711e-01,1.940448120117187500e+03
1.271331429481506348e+00,2.000001668930053711e-01,1.940405273437500000e+03
1.298716425895690918e+00,2.000001668930053711e-01,1.940363281250000000e+03
1.327126383781433105e+00,2.000001668930053711e-01,1.940321777343750000e+03
1.356544017791748047e+00,2.000001668930053711e-01,1.940281127929687500e+03
1.386951565742492676e+00,2.000001668930053711e-01,1.940241210937500000e+03
1.418330669403076172e+00,2.000001668930053711e-01,1.940201904296875000e+03
1.450662732124328613e+00,2.000001668930053711e-01,1.940163574218750000e+03
1.483927845954895020e+00,2.000001668930053711e-01,1.940125854492187500e+03
1.518106222152709961e+00,2.000001668930053711e-01,1.940089111328125000e+03
1.553177237510681152e+00,2.000001668930053711e-01,1.940053222656250000e+03
1.589119791984558105e+00,2.000001668930053711e-01,1.940018066406250000e+03
1.625912189483642578e+00,2.000001668930053711e-01,1.939983886718750000e+03
1.663532376289367676e+00,2.000001668930053711e-01,1.939950683593750000e+03
1.701957583427429199e+00,2.000001668930053711e-01,1.939918334960937500e+03
1.741164565086364746e+00,2.000001668930053711e-01,1.939886962890625000e+03
1.781129956245422363e+00,2.000001668930053711e-01,1.939856567382812500e+03
1.821829438209533691e+00,2.000001668930053711e-01,1.939827148437500000e+03
1.863238692283630371e+00,2.000001668930053711e-01,1.939798706054687500e+03
1.905332565307617188e+00,2.000001668930053711e-01,1.939771362304687500e+03
1.948086023330688477e+00,2.000001668930053711e-01,1.939744995117187500e+03
1.991472959518432617e+00,2.000001668930053711e-01,1.939719726562500000e+03
2.035467386245727539e+00,2.000001668930053711e-01,1.939695434570312500e+03
2.080042839050292969e+00,2.000001668930053711e-01,1.939672363281250000e+03
2.125172615051269531e+00,2.000001668930053711e-01,1.939650390625000000e+03
2.170829296112060547e+00,2.000001668930053711e-01,1.939629394531250000e+03
2.216985225677490234e+00,2.000001668930053711e-01,1.939609619140625000e+03
2.263612747192382812e+00,2.000001668930053711e-01,1.939590942382812500e+03
2.310684204101562500e+00,2.000001668930053711e-01,1.939573486328125000e+03
2.358170509338378906e+00,2.000001668930053711e-01,1.939557128906250000e+03
2.406043767929077148e+00,2.000001668930053711e-01,1.939541992187500000e+03
2.454274654388427734e+00,2.000001668930053711e-01,1.939527954101562500e+03
2.502834320068359375e+00,2.000001668930053711e-01,1.939515258789062500e+03
2.551693439483642578e+00,2.000001668930053711e-01,1.939503540039062500e+03
2.600822448730468750e+00,2.000001668930053711e-01,1.939493164062500000e+03
2.650192022323608398e+00,2.000001668930053711e-01,1.939484008789062500e+03
2.699772357940673828e+00,2.000001668930053711e-01,1.939476074218750000e+03
2.749533414840698242e+00,2.000001668930053711e-01,1.939469238281250000e+03
2.799445629119873047e+00,2.000001668930053711e-01,1.939463745117187500e+03
2.849478244781494141e+00,2.000001668930053711e-01,1.939459472656250000e+03
2.899601936340332031e+00,2.000001668930053711e-01,1.939456298828125000e+03
2.949785709381103516e+00,2.000001668930053711e-01,1.939454467773437500e+03
3.000000000000000000e+00,2.000001668930053711e-01,1.939453857421875000e+03
3.050214290618896484e+00,2.000001668930053711e-01,1.939454467773437500e+03
3.100398063659667969e+00,2.000001668930053711e-01,1.939456298828125000e+03
3.150521755218505859e+00,2.000001668930053711e-01,1.939459472656250000e+03
3.200554370880126953e+00,2.000001668930053711e-01,1.939463745117187500e+03
3.250466585159301758e+00,2.000001668930053711e-01,1.939469238281250000e+03
3.300227642059326172e+00,2.000001668930053711e-01,1.939476074218750000e+03
3.349807977676391602e+00,2.000001668930053711e-01,1.939484008789062500e+03
3.399177551269531250e+00,2.000001668930053711e-01,1.939493164062500000e+03
3.448306560516357422e+00,2.000001668930053711e-01,1.939503540039062500e+03
3.497165679931640625e+00,2.000001668930053711e-01,1.939515258789062500e+03
3.545725345611572266e+00,2.000001668930053711e-01,1.939527954101562500e+03
3.593956232070922852e+00,2.000001668930053711e-01,1.939541992187500000e+03
3.641829490661621094e+00,2.000001668930053711e-01,1.939557128906250000e+03
3.689315795898437500e+00,2.000001668930053711e-01,1.939573486328125000e+03
3.736387252807617188e+00,2.000001668930053711e-01,1.939590942382812500e+03
3.783014774322509766e+00,2.000001668930053711e-01,1.939609619140625000e+03
3.829170703887939453e+00,2.000001668930053711e-01,1.939629394531250000e+03
3.874827384948730469e+00,2.000001668930053711e-01,1.939650390625000000e+03
3.919957160949707031e+00,2.000001668930053711e-01,1.939672363281250000e+03
3.964532613754272461e+00,2.000001668930053711e-01,1.939695434570312500e+03
4.008526802062988281e+00,2.000001668930053711e-01,1.939719726562500000e+03
4.051914215087890625e+00,2.000001668930053711e-01,1.939744995117187500e+03
4.094667434692382812e+00,2.000001668930053711e-01,1.939771362304687500e+03
4.136761188507080078e+00,2.000001668930053711e-01,1.939798706054687500e+03
4.178170680999755859e+00,2.000001668930053711e-01,1.939827148437500000e+03
4.218870162963867188e+00,2.000001668930053711e-01,1.939856567382812500e+03
4.258835315704345703e+00,2.000001668930053711e-01,1.939886962890625000e+03
4.298042297363281250e+00,2.000001668930053711e-01,1.939918334960937500e+03
4.336467742919921875e+00,2.000001668930053711e-01,1.939950683593750000e+03
4.374087810516357422e+00,2.000001668930053711e-01,1.939983886718750000e+03
4.410880088806152344e+00,2.000001668930053711e-01,1.940018066406250000e+03
4.446822643280029297e+00,2.000001668930053711e-01,1.940053222656250000e+03
4.481893539428710938e+00,2.000001668930053711e-01,1.940089111328125000e+03
4.516072273254394531e+00,2.000001668930053711e-01,1.940125854492187500e+03
4.549337387084960938e+00,2.000001668930053711e-01,1.940163574218750000e+03
4.581669330596923828e+00,2.000001668930053711e-01,1.940201904296875000e+03
4.613048553466796875e+00,2.000001668930053711e-01,1.940241210937500000e+03
4.643455982208251953e+00,2.000001668930053711e-01,1.940281127929687500e+03
4.672873497009277344e+00,2.000001668930053711e-01,1.940321777343750000e+03
4.701283454895019531e+00,2.000001668930053711e-01,1.940363281250000000e+03
4.728668689727783203e+00,2.000001668930053711e-01,1.940405273437500000e+03
4.755012512207031250e+00,2.000001668930053711e-01,1.940448120117187500e+03
4.780299186706542969e+00,2.000001668930053711e-01,1.940491455078125000e+03
4.804513454437255859e+00,2.000001668930053711e-01,1.940535522460937500e+03
4.827640533447265625e+00,2.000001668930053711e-01,1.940580078125000000e+03
4.849667072296142578e+00,2.000001668930053711e-01,1.940625122070312500e+03
4.870579719543457031e+00,2.000001668930053711e-01,1.940670776367187500e+03
4.890365123748779297e+00,2.000001668930053711e-01,1.940717041015625000e+03
4.909011840820312500e+00,2.000001668930053711e-01,1.940763671875000000e+03
4.926508903503417969e+00,2.000001668930053711e-01,1.940810668945312500e+03
4.942845344543457031e+00,2.000001668930053711e-01,1.940858154296875000e+03
4.958011150360107422e+00,2.000001668930053711e-01,1.940906005859375000e+03
4.971998214721679688e+00,2.000001668930053711e-01,1.940954223632812500e+03
4.984796524047851562e+00,2.000001668930053711e-01,1.941002807617187500e+03
4.996399879455566406e+00,2.000001668930053711e-01,1.941051635742187500e+03
5.006800651550292969e+00,2.000001668930053711e-01,1.941100830078125000e+03
5.015992641448974609e+00,2.000001668930053711e-01,1.941150146484375000e+03
5.023970127105712891e+00,2.000001668930053711e-01,1.941199829101562500e+03
5.030728340148925781e+00,2.000001668930053711e-01,1.941249511718750000e+03
5.036263465881347656e+00,2.000001668930053711e-01,1.941299438476562500e+03
5.040572166442871094e+00,2.000001668930053711e-01,1.941349487304687500e+03
5.043651580810546875e+00,2.000001668930053711e-01,1.941399658203125000e+03
5.045499801635742188e+00,2.000001668930053711e-01,1.941449829101562500e+03
5.127283096313476562e+00,2.000000476837158203e-01,1.941500000000000000e+03
5.126642227172851562e+00,2.000000476837158203e-01,1.941552246093750000e+03
5.124720573425292969e+00,2.000000476837158203e-01,1.941604370117187500e+03
5.121519088745117188e+00,2.000000476837158203e-01,1.941656494140625000e+03
5.117039680480957031e+00,2.000000476837158203e-01,1.941708496093750000e+03
5.111284732818603516e+00,2.000000476837158203e-01,1.941760375976562500e+03
5.104258537292480469e+00,2.000000476837158203e-01,1.941812133789062500e+03
5.095964431762695312e+00,2.000000476837158203e-01,1.941863647460937500e+03
5.086407661437988281e+00,2.000000476837158203e-01,1.941915039062500000e+03
5.075594902038574219e+00,2.000000476837158203e-01,1.941966064453125000e+03
5.063530921936035156e+00,2.000000476837158203e-01,1.942016845703125000e+03
5.050224304199218750e+00,2.000000476837158203e-01,1.942067382812500000e+03
5.035682678222656250e+00,2.000000476837158203e-01,1.942117553710937500e+03
5.019915580749511719e+00,2.000000476837158203e-01,1.942167236328125000e+03
5.002930641174316406e+00,2.000000476837158203e-01,1.942216674804687500e+03
4.984739780426025391e+00,2.000000476837158203e-01,1.942265625000000000e+03
4.965353012084960938e+00,2.000000476837158203e-01,1.942314086914062500e+03
4.944782733917236328e+00,2.000000476837158203e-01,1.942362060546875000e+03
4.923040866851806641e+00,2.000000476837158203e-01,1.942409545898437500e+03
4.900140762329101562e+00,2.000000476837158203e-01,1.942456420898437500e+03
4.876096248626708984e+00,2.000000476837158203e-01,1.942502807617187500e+03
4.850921154022216797e+00,2.000000476837158203e-01,1.942548583984375000e+03
4.824631690979003906e+00,2.000000476837158203e-01,1.942593627929687500e+03
4.797242641448974609e+00,2.000000476837158203e-01,1.942638061523437500e+03
4.768771171569824219e+00,2.000000476837158203e-01,1.942681884765625000e+03
4.739234447479248047e+00,2.000000476837158203e-01,1.942724853515625000e+03
4.708649635314941406e+00,2.000000476837158203e-01,1.942767211914062500e+03
4.677036285400390625e+00,2.000000476837158203e-01,1.942808715820312500e+03
4.644412040710449219e+00,2.000000476837158203e-01,1.942849487304687500e+03
4.610797405242919922e+00,2.000000476837158203e-01,1.942889526367187500e+03
4.576212882995605469e+00,2.000000476837158203e-01,1.942928588867187500e+03
4.540678501129150391e+00,2.000000476837158203e-01,1.942966796875000000e+03
4.504216194152832031e+00,2.000000476837158203e-01,1.943004272460937500e+03
4.466847896575927734e+00,2.000000476837158203e-01,1.943040649414062500e+03
4.428596019744873047e+00,2.000000476837158203e-01,1.943076171875000000e+03
4.389483451843261719e+00,2.000000476837158203e-01,1.943110839843750000e+03
4.349534034729003906e+00,2.000000476837158203e-01,1.943144409179687500e+03
4.308771610260009766e+00,2.000000476837158203e-01,1.943177001953125000e+03
4.267220973968505859e+00,2.000000476837158203e-01,1.943208618164062500e+03
4.224906921386718750e+00,2.000000476837158203e-01,1.943239257812500000e+03
4.181855201721191406e+00,2.000000476837158203e-01,1.943268798828125000e+03
4.138091087341308594e+00,2.000000476837158203e-01,1.943297241210937500e+03
4.093642234802246094e+00,2.000000476837158203e-01,1.943324584960937500e+03
4.048533916473388672e+00,2.000000476837158203e-01,1.943350952148437500e+03
4.002794265747070312e+00,2.000000476837158203e-01,1.943376098632812500e+03
3.956450462341308594e+00,2.000000476837158203e-01,1.943400146484375000e+03
3.909530639648437500e+00,2.000000476837158203e-01,1.943423095703125000e+03
3.862062931060791016e+00,2.000000476837158203e-01,1.943444824218750000e+03
3.814075946807861328e+00,2.000000476837158203e-01,1.943465332031250000e+03
3.765598773956298828e+00,2.000000476837158203e-01,1.943484741210937500e+03
3.716660022735595703e+00,2.000000476837158203e-01,1.943502929687500000e+03
3.667289733886718750e+00,2.000000476837158203e-01,1.943519897460937500e+03
3.617517709732055664e+00,2.000000476837158203e-01,1.943535644531250000e+03
3.567373514175415039e+00,2.000000476837158203e-01,1.943550170898437500e+03
3.516887664794921875e+00,2.000000476837158203e-01,1.943563476562500000e+03
3.466090202331542969e+00,2.000000476837158203e-01,1.943575561523437500e+03
3.415012359619140625e+00,2.000000476837158203e-01,1.943586425781250000e+03
3.363684415817260742e+00,2.000000476837158203e-01,1.943595947265625000e+03
3.312137126922607422e+00,2.000000476837158203e-01,1.943604248046875000e+03
3.260402202606201172e+00,2.000000476837158203e-01,1.943611328125000000e+03
3.208510160446166992e+00,2.000000476837158203e-01,1.943617065429687500e+03
3.156492710113525391e+00,2.000000476837158203e-01,1.943621459960937500e+03
3.104380846023559570e+00,2.000000476837158203e-01,1.943624755859375000e+03
3.052206039428710938e+00,2.000000476837158203e-01,1.943626586914062500e+03
3.000000000000000000e+00,2.000000476837158203e-01,1.943627319335937500e+03
2.947793960571289062e+00,2.000000476837158203e-01,1.943626586914062500e+03
2.895619153976440430e+00,2.000000476837158203e-01,1.943624755859375000e+03
2.843507289886474609e+00,2.000000476837158203e-01,1.943621459960937500e+03
2.791489839553833008e+00,2.000000476837158203e-01,1.943617065429687500e+03
2.739597797393798828e+00,2.000000476837158203e-01,1.943611328125000000e+03
2.687862873077392578e+00,2.000000476837158203e-01,1.943604248046875000e+03
2.636315584182739258e+00,2.000000476837158203e-01,1.943595947265625000e+03
2.584987640380859375e+00,2.000000476837158203e-01,1.943586425781250000e+03
2.533909797668457031e+00,2.000000476837158203e-01,1.943575561523437500e+03
2.483112335205078125e+00,2.000000476837158203e-01,1.943563476562500000e+03
2.432626485824584961e+00,2.000000476837158203e-01,1.943550170898437500e+03
2.382482290267944336e+00,2.000000476837158203e-01,1.943535644531250000e+03
2.332710266113281250e+00,2.000000476837158203e-01,1.943519897460937500e+03
2.283339977264404297e+00,2.000000476837158203e-01,1.943502929687500000e+03
2.234401226043701172e+00,2.000000476837158203e-01,1.943484741210937500e+03
2.185924053192138672e+00,2.000000476837158203e-01,1.943465332031250000e+03
2.137937068939208984e+00,2.000000476837158203e-01,1.943444824218750000e+03
2.090469360351562500e+00,2.000000476837158203e-01,1.943423095703125000e+03
2.043549537658691406e+00,2.000000476837158203e-01,1.943400146484375000e+03
1.997205734252929688e+00,2.000000476837158203e-01,1.943376098632812500e+03
1.951465964317321777e+00,2.000000476837158203e-01,1.943350952148437500e+03
1.906358003616333008e+00,2.000000476837158203e-01,1.943324584960937500e+03
1.861908674240112305e+00,2.000000476837158203e-01,1.943297241210937500e+03
1.818144798278808594e+00,2.000000476837158203e-01,1.943268798828125000e+03
1.775092959403991699e+00,2.000000476837158203e-01,1.943239257812500000e+03
1.732778906822204590e+00,2.000000476837158203e-01,1.943208618164062500e+03
1.691228270530700684e+00,2.000000476837158203e-01,1.943177001953125000e+03
1.650465965270996094e+00,2.000000476837158203e-01,1.943144409179687500e+03
1.610516548156738281e+00,2.000000476837158203e-01,1.943110839843750000e+03
1.571403980255126953e+00,2.000000476837158203e-01,1.943076171875000000e+03
1.533152103424072266e+00,2.000000476837158203e-01,1.943040649414062500e+03
1.495783805847167969e+00,2.000000476837158203e-01,1.943004272460937500e+03
1.459321498870849609e+00,2.000000476837158203e-01,1.942966796875000000e+03
1.423787355422973633e+00,2.000000476837158203e-01,1.942928588867187500e+03
1.389202594757080078e+00,2.000000476837158203e-01,1.942889526367187500e+03
1.355587959289550781e+00,2.000000476837158203e-01,1.942849487304687500e+03
1.322963953018188477e+00,2.000000476837158203e-01,1.942808715820312500e+03
1.291350245475769043e+00,2.000000476837158203e-01,1.942767211914062500e+03
1.260765671730041504e+00,2.000000476837158203e-01,1.942724853515625000e+03
1.231228828430175781e+00,2.000000476837158203e-01,1.942681884765625000e+03
1.202757358551025391e+00,2.000000476837158203e-01,1.942638061523437500e+03
1.175368428230285645e+00,2.000000476837158203e-01,1.942593627929687500e+03
1.149078726768493652e+00,2.000000476837158203e-01,1.942548583984375000e+03
1.123903751373291016e+00,2.000000476837158203e-01,1.942502807617187500e+03
1.099859237670898438e+00,2.000000476837158203e-01,1.942456420898437500e+03
1.076959013938903809e+00,2.000000476837158203e-01,1.942409545898437500e+03
1.055217146873474121e+00,2.000000476837158203e-01,1.942362060546875000e+03
1.034646749496459961e+00,2.000000476837158203e-01,1.942314086914062500e+03
1.015260338783264160e+00,2.000000476837158203e-01,1.942265625000000000e+03
9.970693588256835938e-01,2.000000476837158203e-01,1.942216674804687500e+03
9.800846576690673828e-01,2.000000476837158203e-01,1.942167236328125000e+03
9.643170833587646484e-01,2.000000476837158203e-01,1.942117553710937500e+03
9.497754573822021484e-01,2.000000476837158203e-01,1.942067382812500000e+03
9.364690780639648438e-01,2.000000476837158203e-01,1.942016845703125000e+03
9.244053363800048828e-01,2.000000476837158203e-01,1.941966064453125000e+03
9.135921001434326172e-01,2.000000476837158203e-01,1.941915039062500000e+03
9.040355682373046875e-01,2.000000476837158203e-01,1.941863647460937500e+03
8.957414627075195312e-01,2.000000476837158203e-01,1.941812133789062500e+03
8.887152671813964844e-01,2.000000476837158203e-01,1.941760375976562500e+03
8.829603195190429688e-01,2.000000476837158203e-01,1.941708496093750000e+03
8.784809112548828125e-01,2.000000476837158203e-01,1.941656494140625000e+03
8.752794265747070312e-01,2.000000476837158203e-01,1.941604370117187500e+03
8.733577728271484375e-01,2.000000476837158203e-01,1.941552246093750000e+03
8.727169036865234375e-01,2.000000476837158203e-01,1.941500000000000000e+03
8.733577728271484375e-01,2.000000476837158203e-01,1.941447753906250000e+03
8.752794265747070312e-01,2.000000476837158203e-01,1.941395629882812500e+03
8.784809112548828125e-01,2.000000476837158203e-01,1.941343505859375000e+03
8.829603195190429688e-01,2.000000476837158203e-01,1.941291503906250000e+03
8.887152671813964844e-01,2.000000476837158203e-01,1.941239624023437500e+03
8.957414627075195312e-01,2.000000476837158203e-01,1.941187866210937500e+03
9.040355682373046875e-01,2.000000476837158203e-01,1.941136352539062500e+03
9.135921001434326172e-01,2.000000476837158203e-01,1.941084960937500000e+03
9.244053363800048828e-01,2.000000476837158203e-01,1.941033935546875000e+03
9.364690780639648438e-01,2.000000476837158203e-01,1.940983154296875000e+03
9.497754573822021484e-01,2.000000476837158203e-01,1.940932617187500000e+03
9.643170833587646484e-01,2.000000476837158203e-01,1.940882446289062500e+03
9.800846576690673828e-01,2.000000476837158203e-01,1.940832763671875000e+03
9.970693588256835938e-01,2.000000476837158203e-01,1.940783325195312500e+03
1.015260338783264160e+00,2.000000476837158203e-01,1.940734375000000000e+03
1.034646749496459961e+00,2.000000476837158203e-01,1.940685913085937500e+03
1.055217146873474121e+00,2.000000476837158203e-01,1.940637939453125000e+03
1.076959013938903809e+00,2.000000476837158203e-01,1.940590454101562500e+03
1.099859237670898438e+00,2.000000476837158203e-01,1.940543579101562500e+03
1.123903751373291016e+00,2.000000476837158203e-01,1.940497192382812500e+03
1.149078726768493652e+00,2.000000476837158203e-01,1.940451416015625000e+03
1.175368428230285645e+00,2.000000476837158203e-01,1.940406372070312500e+03
1.202757358551025391e+00,2.000000476837158203e-01,1.940361938476562500e+03
1.231228828430175781e+00,2.000000476837158203e-01,1.940318115234375000e+03
1.260765671730041504e+00,2.000000476837158203e-01,1.940275146484375000e+03
1.291350245475769043e+00,2.000000476837158203e-01,1.940232788085937500e+03
1.322963953018188477e+00,2.000000476837158203e-01,1.940191284179687500e+03
1.355587959289550781e+00,2.000000476837158203e-01,1.940150512695312500e+03
1.389202594757080078e+00,2.000000476837158203e-01,1.940110473632812500e+03
1.423787355422973633e+00,2.000000476837158203e-01,1.940071411132812500e+03
1.459321498870849609e+00,2.000000476837158203e-01,1.940033203125000000e+03
1.495783805847167969e+00,2.000000476837158203e-01,1.939995727539062500e+03
1.533152103424072266e+00,2.000000476837158203e-01,1.939959350585937500e+03
1.571403980255126953e+00,2.000000476837158203e-01,1.939923828125000000e+03
1.610516548156738281e+00,2.000000476837158203e-01,1.939889160156250000e+03
1.650465965270996094e+00,2.000000476837158203e-01,1.939855590820312500e+03
1.691228270530700684e+00,2.000000476837158203e-01,1.939822998046875000e+03
1.732778906822204590e+00,2.000000476837158203e-01,1.939791381835937500e+03
1.775092959403991699e+00,2.000000476837158203e-01,1.939760742187500000e+03
1.818144798278808594e+00,2.000000476837158203e-01,1.939731201171875000e+03
1.861908674240112305e+00,2.000000476837158203e-01,1.939702758789062500e+03
1.906358003616333008e+00,2.000000476837158203e-01,1.939675415039062500e+03
1.951465964317321777e+00,2.000000476837158203e-01,1.939649047851562500e+03
1.997205734252929688e+00,2.000000476837158203e-01,1.939623901367187500e+03
2.043549537658691406e+00,2.000000476837158203e-01,1.939599853515625000e+03
2.090469360351562500e+00,2.000000476837158203e-01,1.939576904296875000e+03
2.137937068939208984e+00,2.000000476837158203e-01,1.939555175781250000e+03
2.185924053192138672e+00,2.000000476837158203e-01,1.939534667968750000e+03
2.234401226043701172e+00,2.000000476837158203e-01,1.939515258789062500e+03
2.283339977264404297e+00,2.000000476837158203e-01,1.939497070312500000e+03
2.332710266113281250e+00,2.000000476837158203e-01,1.939480102539062500e+03
2.382482290267944336e+00,2.000000476837158203e-01,1.939464355468750000e+03
2.432626485824584961e+00,2.000000476837158203e-01,1.939449829101562500e+03
2.483112335205078125e+00,2.000000476837158203e-01,1.939436523437500000e+03
2.533909797668457031e+00,2.000000476837158203e-01,1.939424438476562500e+03
2.584987640380859375e+00,2.000000476837158203e-01,1.939413574218750000e+03
2.636315584182739258e+00,2.000000476837158203e-01,1.939404052734375000e+03
2.687862873077392578e+00,2.000000476837158203e-01,1.939395751953125000e+03
2.739597797393798828e+00,2.000000476837158203e-01,1.939388671875000000e+03
2.791489839553833008e+00,2.000000476837158203e-01,1.939382934570312500e+03
2.843507289886474609e+00,2.000000476837158203e-01,1.939378540039062500e+03
2.895619153976440430e+00,2.000000476837158203e-01,1.939375244140625000e+03
2.947793960571289062e+00,2.000000476837158203e-01,1.939373413085937500e+03
3.000000000000000000e+00,2.000000476837158203e-01,1.939372680664062500e+03
3.052206039428710938e+00,2.000000476837158203e-01,1.939373413085937500e+03
3.104380846023559570e+00,2.000000476837158203e-01,1.939375244140625000e+03
3.156492710113525391e+00,2.000000476837158203e-01,1.939378540039062500e+03
3.208510160446166992e+00,2.000000476837158203e-01,1.939382934570312500e+03
3.260402202606201172e+00,2.000000476837158203e-01,1.939388671875000000e+03
3.312137126922607422e+00,2.000000476837158203e-01,1.939395751953125000e+03
3.363684415817260742e+00,2.000000476837158203e-01,1.939404052734375000e+03
3.415012359619140625e+00,2.000000476837158203e-01,1.939413574218750000e+03
3.466090202331542969e+00,2.000000476837158203e-01,1.939424438476562500e+03
3.516887664794921875e+00,2.000000476837158203e-01,1.939436523437500000e+03
3.567373514175415039e+00,2.000000476837158203e-01,1.939449829101562500e+03
3.617517709732055664e+00,2.000000476837158203e-01,1.939464355468750000e+03
3.667289733886718750e+00,2.000000476837158203e-01,1.939480102539062500e+03
3.716660022735595703e+00,2.000000476837158203e-01,1.939497070312500000e+03
3.765598773956298828e+00,2.000000476837158203e-01,1.939515258789062500e+03
3.814075946807861328e+00,2.000000476837158203e-01,1.939534667968750000e+03
3.862062931060791016e+00,2.000000476837158203e-01,1.939555175781250000e+03
3.909530639648437500e+00,2.000000476837158203e-01,1.939576904296875000e+03
3.956450462341308594e+00,2.000000476837158203e-01,1.939599853515625000e+03
4.002794265747070312e+00,2.000000476837158203e-01,1.939623901367187500e+03
4.048533916473388672e+00,2.000000476837158203e-01,1.939649047851562500e+03
4.093642234802246094e+00,2.000000476837158203e-01,1.939675415039062500e+03
4.138091087341308594e+00,2.000000476837158203e-01,1.939702758789062500e+03
4.181855201721191406e+00,2.000000476837158203e-01,1.939731201171875000e+03
4.224906921386718750e+00,2.000000476837158203e-01,1.939760742187500000e+03
4.267220973968505859e+00,2.000000476837158203e-01,1.939791381835937500e+03
4.308771610260009766e+00,2.000000476837158203e-01,1.939822998046875000e+03
4.349534034729003906e+00,2.000000476837158203e-01,1.939855590820312500e+03
4.389483451843261719e+00,2.000000476837158203e-01,1.939889160156250000e+03
4.428596019744873047e+00,2.000000476837158203e-01,1.939923828125000000e+03
4.466847896575927734e+00,2.000000476837158203e-01,1.939959350585937500e+03
4.504216194152832031e+00,2.000000476837158203e-01,1.939995727539062500e+03
4.540678501129150391e+00,2.000000476837158203e-01,1.940033203125000000e+03
4.576212882995605469e+00,2.000000476837158203e-01,1.940071411132812500e+03
4.610797405242919922e+00,2.000000476837158203e-01,1.940110473632812500e+03
4.644412040710449219e+00,2.000000476837158203e-01,1.940150512695312500e+03
4.677036285400390625e+00,2.000000476837158203e-01,1.940191284179687500e+03
4.708649635314941406e+00,2.000000476837158203e-01,1.940232788085937500e+03
4.739234447479248047e+00,2.000000476837158203e-01,1.940275146484375000e+03
4.768771171569824219e+00,2.000000476837158203e-01,1.940318115234375000e+03
4.797242641448974609e+00,2.000000476837158203e-01,1.940361938476562500e+03
4.824631690979003906e+00,2.000000476837158203e-01,1.940406372070312500e+03
4.850921154022216797e+00,2.000000476837158203e-01,1.940451416015625000e+03
4.876096248626708984e+00,2.000000476837158203e-01,1.940497192382812500e+03
4.900140762329101562e+00,2.000000476837158203e-01,1.940543579101562500e+03
4.923040866851806641e+00,2.000000476837158203e-01,1.940590454101562500e+03
4.944782733917236328e+00,2.000000476837158203e-01,1.940637939453125000e+03
4.965353012084960938e+00,2.000000476837158203e-01,1.940685913085937500e+03
4.984739780426025391e+00,2.000000476837158203e-01,1.940734375000000000e+03
5.002930641174316406e+00,2.000000476837158203e-01,1.940783325195312500e+03
5.019915580749511719e+00,2.000000476837158203e-01,1.940832763671875000e+03
5.035682678222656250e+00,2.000000476837158203e-01,1.940882446289062500e+03
5.050224304199218750e+00,2.000000476837158203e-01,1.940932617187500000e+03
5.063530921936035156e+00,2.000000476837158203e-01,1.940983154296875000e+03
5.075594902038574219e+00,2.000000476837158203e-01,1.941033935546875000e+03
5.086407661437988281e+00,2.000000476837158203e-01,1.941084960937500000e+03
5.095964431762695312e+00,2.000000476837158203e-01,1.941136352539062500e+03
5.104258537292480469e+00,2.000000476837158203e-01,1.941187866210937500e+03
5.111284732818603516e+00,2.000000476837158203e-01,1.941239624023437500e+03
5.117039680480957031e+00,2.000000476837158203e-01,1.941291503906250000e+03
5.121519088745117188e+00,2.000000476837158203e-01,1.941343505859375000e+03
5.124720573425292969e+00,2.000000476837158203e-01,1.941395629882812500e+03
5.126642227172851562e+00,2.000000476837158203e-01,1.941447753906250000e+03
5.212226867675781250e+00,2.000000476837158203e-01,1.941500000000000000e+03
5.211561203002929688e+00,2.000000476837158203e-01,1.941554321289062500e+03
5.209562301635742188e+00,2.000000476837158203e-01,1.941608520507812500e+03
5.206233024597167969e+00,2.000000476837158203e-01,1.941662719726562500e+03
5.201574325561523438e+00,2.000000476837158203e-01,1.941716796875000000e+03
5.195590019226074219e+00,2.000000476837158203e-01,1.941770751953125000e+03
5.188282966613769531e+00,2.000000476837158203e-01,1.941824584960937500e+03
5.179657936096191406e+00,2.000000476837158203e-01,1.941878173828125000e+03
5.169719696044921875e+00,2.000000476837158203e-01,1.941931640625000000e+03
5.158474922180175781e+00,2.000000476837158203e-01,1.941984741210937500e+03
5.145929336547851562e+00,2.000000476837158203e-01,1.942037475585937500e+03
5.132091522216796875e+00,2.000000476837158203e-01,1.942090087890625000e+03
5.116969108581542969e+00,2.000000476837158203e-01,1.942142211914062500e+03
5.100572109222412109e+00,2.000000476837158203e-01,1.942193969726562500e+03
5.082909584045410156e+00,2.000000476837158203e-01,1.942245239257812500e+03
5.063992023468017578e+00,2.000000476837158203e-01,1.942296142578125000e+03
5.043831348419189453e+00,2.000000476837158203e-01,1.942346557617187500e+03
5.022439956665039062e+00,2.000000476837158203e-01,1.942396484375000000e+03
4.999829769134521484e+00,2.000000476837158203e-01,1.942445800781250000e+03
4.976015090942382812e+00,2.000000476837158203e-01,1.942494628906250000e+03
4.951010227203369141e+00,2.000000476837158203e-01,1.942542846679687500e+03
4.924829959869384766e+00,2.000000476837158203e-01,1.942590454101562500e+03
4.897490501403808594e+00,2.000000476837158203e-01,1.942637329101562500e+03
4.869008064270019531e+00,2.000000476837158203e-01,1.942683593750000000e+03
4.839399814605712891e+00,2.000000476837158203e-01,1.942729003906250000e+03
4.808683395385742188e+00,2.000000476837158203e-01,1.942773803710937500e+03
4.776877403259277344e+00,2.000000476837158203e-01,1.942817871093750000e+03
4.744001388549804688e+00,2.000000476837158203e-01,1.942861083984375000e+03
4.710074424743652344e+00,2.000000476837158203e-01,1.942903442382812500e+03
4.675117969512939453e+00,2.000000476837158203e-01,1.942944946289062500e+03
4.639152526855468750e+00,2.000000476837158203e-01,1.942985595703125000e+03
4.602199077606201172e+00,2.000000476837158203e-01,1.943025390625000000e+03
4.564280509948730469e+00,2.000000476837158203e-01,1.943064331054687500e+03
4.525420188903808594e+00,2.000000476837158203e-01,1.943102172851562500e+03
4.485641002655029297e+00,2.000000476837158203e-01,1.943139160156250000e+03
4.444966793060302734e+00,2.000000476837158203e-01,1.943175170898437500e+03
4.403422355651855469e+00,2.000000476837158203e-01,1.943210083007812500e+03
4.361032009124755859e+00,2.000000476837158203e-01,1.943244018554687500e+03
4.317821979522705078e+00,2.000000476837158203e-01,1.943276855468750000e+03
4.273818492889404297e+00,2.000000476837158203e-01,1.943308715820312500e+03
4.229047775268554688e+00,2.000000476837158203e-01,1.943339355468750000e+03
4.183536529541015625e+00,2.000000476837158203e-01,1.943369018554687500e+03
4.137311935424804688e+00,2.000000476837158203e-01,1.943397460937500000e+03
4.090402603149414062e+00,2.000000476837158203e-01,1.943424804687500000e+03
4.042836666107177734e+00,2.000000476837158203e-01,1.943451049804687500e+03
3.994642257690429688e+00,2.000000476837158203e-01,1.943476074218750000e+03
3.945848941802978516e+00,2.000000476837158203e-01,1.943499877929687500e+03
3.896485805511474609e+00,2.000000476837158203e-01,1.943522460937500000e+03
3.846582651138305664e+00,2.000000476837158203e-01,1.943543823242187500e+03
3.796169519424438477e+00,2.000000476837158203e-01,1.943563964843750000e+03
3.745276927947998047e+00,2.000000476837158203e-01,1.943582885742187500e+03
3.693935394287109375e+00,2.000000476837158203e-01,1.943600585937500000e+03
3.642175674438476562e+00,2.000000476837158203e-01,1.943616943359375000e+03
3.590029239654541016e+00,2.000000476837158203e-01,1.943632080078125000e+03
3.537527322769165039e+00,2.000000476837158203e-01,1.943645874023437500e+03
3.484701633453369141e+00,2.000000476837158203e-01,1.943658447265625000e+03
3.431584119796752930e+00,2.000000476837158203e-01,1.943669677734375000e+03
3.378206491470336914e+00,2.000000476837158203e-01,1.943679687500000000e+03
3.324601173400878906e+00,2.000000476837158203e-01,1.943688232421875000e+03
3.270800113677978516e+00,2.000000476837158203e-01,1.943695556640625000e+03
3.216836214065551758e+00,2.000000476837158203e-01,1.943701538085937500e+03
3.162741422653198242e+00,2.000000476837158203e-01,1.943706176757812500e+03
3.108548879623413086e+00,2.000000476837158203e-01,1.943709594726562500e+03
3.054290771484375000e+00,2.000000476837158203e-01,1.943711547851562500e+03
3.000000000000000000e+00,2.000000476837158203e-01,1.943712280273437500e+03
2.945709228515625000e+00,2.000000476837158203e-01,1.943711547851562500e+03
2.891451120376586914e+00,2.000000476837158203e-01,1.943709594726562500e+03
2.837258577346801758e+00,2.000000476837158203e-01,1.943706176757812500e+03
2.783163785934448242e+00,2.000000476837158203e-01,1.943701538085937500e+03
2.729199886322021484e+00,2.000000476837158203e-01,1.943695556640625000e+03
2.675398826599121094e+00,2.000000476837158203e-01,1.943688232421875000e+03
2.621793508529663086e+00,2.000000476837158203e-01,1.943679687500000000e+03
2.568415880203247070e+00,2.000000476837158203e-01,1.943669677734375000e+03
2.515298366546630859e+00,2.000000476837158203e-01,1.943658447265625000e+03
2.462472677230834961e+00,2.000000476837158203e-01,1.943645874023437500e+03
2.409970760345458984e+00,2.000000476837158203e-01,1.943632080078125000e+03
2.357824325561523438e+00,2.000000476837158203e-01,1.943616943359375000e+03
2.306064605712890625e+00,2.000000476837158203e-01,1.943600585937500000e+03
2.254723072052001953e+00,2.000000476837158203e-01,1.943582885742187500e+03
2.203830480575561523e+00,2.000000476837158203e-01,1.943563964843750000e+03
2.153417348861694336e+00,2.000000476837158203e-01,1.943543823242187500e+03
2.103514194488525391e+00,2.000000476837158203e-01,1.943522460937500000e+03
2.054151058197021484e+00,2.000000476837158203e-01,1.943499877929687500e+03
2.005357742309570312e+00,2.000000476837158203e-01,1.943476074218750000e+03
1.957163333892822266e+00,2.000000476837158203e-01,1.943451049804687500e+03
1.909597277641296387e+00,2.000000476837158203e-01,1.943424804687500000e+03
1.862687945365905762e+00,2.000000476837158203e-01,1.943397460937500000e+03
1.816463708877563477e+00,2.000000476837158203e-01,1.943369018554687500e+03
1.770952463150024414e+00,2.000000476837158203e-01,1.943339355468750000e+03
1.726181507110595703e+00,2.000000476837158203e-01,1.943308715820312500e+03
1.682177901268005371e+00,2.000000476837158203e-01,1.943276855468750000e+03
1.638967990875244141e+00,2.000000476837158203e-01,1.943244018554687500e+03
1.596577882766723633e+00,2.000000476837158203e-01,1.943210083007812500e+03
1.555033326148986816e+00,2.000000476837158203e-01,1.943175170898437500e+03
1.514358997344970703e+00,2.000000476837158203e-01,1.943139160156250000e+03
1.474579572677612305e+00,2.000000476837158203e-01,1.943102172851562500e+03
1.435719251632690430e+00,2.000000476837158203e-01,1.943064331054687500e+03
1.397800922393798828e+00,2.000000476837158203e-01,1.943025390625000000e+03
1.360847711563110352e+00,2.000000476837158203e-01,1.942985595703125000e+03
1.324882030487060547e+00,2.000000476837158203e-01,1.942944946289062500e+03
1.289925336837768555e+00,2.000000476837158203e-01,1.942903442382812500e+03
1.255998611450195312e+00,2.000000476837158203e-01,1.942861083984375000e+03
1.223122477531433105e+00,2.000000476837158203e-01,1.942817871093750000e+03
1.191316723823547363e+00,2.000000476837158203e-01,1.942773803710937500e+03
1.160600304603576660e+00,2.000000476837158203e-01,1.942729003906250000e+03
1.130991935729980469e+00,2.000000476837158203e-01,1.942683593750000000e+03
1.102509498596191406e+00,2.000000476837158203e-01,1.942637329101562500e+03
1.075169920921325684e+00,2.000000476837158203e-01,1.942590454101562500e+03
1.048989772796630859e+00,2.000000476837158203e-01,1.942542846679687500e+03
1.023985028266906738e+00,2.000000476837158203e-01,1.942494628906250000e+03
1.000170350074768066e+00,2.000000476837158203e-01,1.942445800781250000e+03
9.775602817535400391e-01,2.000000476837158203e-01,1.942396484375000000e+03
9.561686515808105469e-01,2.000000476837158203e-01,1.942346557617187500e+03
9.360079765319824219e-01,2.000000476837158203e-01,1.942296142578125000e+03
9.170906543731689453e-01,2.000000476837158203e-01,1.942245239257812500e+03
8.994278907775878906e-01,2.000000476837158203e-01,1.942193969726562500e+03
8.830306529998779297e-01,2.000000476837158203e-01,1.942142211914062500e+03
8.679084777832031250e-01,2.000000476837158203e-01,1.942090087890625000e+03
8.540704250335693359e-01,2.000000476837158203e-01,1.942037475585937500e+03
8.415253162384033203e-01,2.000000476837158203e-01,1.941984741210937500e+03
8.302800655364990234e-01,2.000000476837158203e-01,1.941931640625000000e+03
8.203420639038085938e-01,2.000000476837158203e-01,1.941878173828125000e+03
8.117167949676513672e-01,2.000000476837158203e-01,1.941824584960937500e+03
8.044097423553466797e-01,2.000000476837158203e-01,1.941770751953125000e+03
7.984254360198974609e-01,2.000000476837158203e-01,1.941716796875000000e+03
7.937669754028320312e-01,2.000000476837158203e-01,1.941662719726562500e+03
7.904374599456787109e-01,2.000000476837158203e-01,1.941608520507812500e+03
7.884390354156494141e-01,2.000000476837158203e-01,1.941554321289062500e+03
7.877728939056396484e-01,2.000000476837158203e-01,1.941500000000000000e+03
7.884390354156494141e-01,2.000000476837158203e-01,1.941445678710937500e+03
7.904374599456787109e-01,2.000000476837158203e-01,1.941391479492187500e+03
7.937669754028320312e-01,2.000000476837158203e-01,1.941337280273437500e+03
7.984254360198974609e-01,2.000000476837158203e-01,1.941283203125000000e+03
8.044097423553466797e-01,2.000000476837158203e-01,1.941229248046875000e+03
8.117167949676513672e-01,2.000000476837158203e-01,1.941175415039062500e+03
8.203420639038085938e-01,2.000000476837158203e-01,1.941121826171875000e+03
8.302800655364990234e-01,2.000000476837158203e-01,1.941068359375000000e+03
8.415253162384033203e-01,2.000000476837158203e-01,1.941015258789062500e+03
8.540704250335693359e-01,2.000000476837158203e-01,1.940962524414062500e+03
8.679084777832031250e-01,2.000000476837158203e-01,1.940909912109375000e+03
8.830306529998779297e-01,2.000000476837158203e-01,1.940857788085937500e+03
8.994278907775878906e-01,2.000000476837158203e-01,1.940806030273437500e+03
9.170906543731689453e-01,2.000000476837158203e-01,1.940754760742187500e+03
9.360079765319824219e-01,2.000000476837158203e-01,1.940703857421875000e+03
9.561686515808105469e-01,2.000000476837158203e-01,1.940653442382812500e+03
9.775602817535400391e-01,2.000000476837158203e-01,1.940603515625000000e+03
1.000170350074768066e+00,2.000000476837158203e-01,1.940554199218750000e+03
1.023985028266906738e+00,2.000000476837158203e-01,1.940505371093750000e+03
1.048989772796630859e+00,2.000000476837158203e-01,1.940457153320312500e+03
1.075169920921325684e+00,2.000000476837158203e-01,1.940409545898437500e+03
1.102509498596191406e+00,2.000000476837158203e-01,1.940362670898437500e+03
1.130991935729980469e+00,2.000000476837158203e-01,1.940316406250000000e+03
1.160600304603576660e+00,2.000000476837158203e-01,1.940270996093750000e+03
1.191316723823547363e+00,2.000000476837158203e-01,1.940226196289062500e+03
1.223122477531433105e+00,2.000000476837158203e-01,1.940182128906250000e+03
1.255998611450195312e+00,2.000000476837158203e-01,1.940138916015625000e+03
1.289925336837768555e+00,2.000000476837158203e-01,1.940096557617187500e+03
1.324882030487060547e+00,2.000000476837158203e-01,1.940055053710937500e+03
1.360847711563110352e+00,2.000000476837158203e-01,1.940014404296875000e+03
1.397800922393798828e+00,2.000000476837158203e-01,1.939974609375000000e+03
1.435719251632690430e+00,2.000000476837158203e-01,1.939935668945312500e+03
1.474579572677612305e+00,2.000000476837158203e-01,1.939897827148437500e+03
1.514358997344970703e+00,2.000000476837158203e-01,1.939860839843750000e+03
1.555033326148986816e+00,2.000000476837158203e-01,1.939824829101562500e+03
1.596577882766723633e+00,2.000000476837158203e-01,1.939789916992187500e+03
1.638967990875244141e+00,2.000000476837158203e-01,1.939755981445312500e+03
1.682177901268005371e+00,2.000000476837158203e-01,1.939723144531250000e+03
1.726181507110595703e+00,2.000000476837158203e-01,1.939691284179687500e+03
1.770952463150024414e+00,2.000000476837158203e-01,1.939660644531250000e+03
1.816463708877563477e+00,2.000000476837158203e-01,1.939630981445312500e+03
1.862687945365905762e+00,2.000000476837158203e-01,1.939602539062500000e+03
1.909597277641296387e+00,2.000000476837158203e-01,1.939575195312500000e+03
1.957163333892822266e+00,2.000000476837158203e-01,1.939548950195312500e+03
2.005357742309570312e+00,2.000000476837158203e-01,1.939523925781250000e+03
2.054151058197021484e+00,2.000000476837158203e-01,1.939500122070312500e+03
2.103514194488525391e+00,2.000000476837158203e-01,1.939477539062500000e+03
2.153417348861694336e+00,2.000000476837158203e-01,1.939456176757812500e+03
2.203830480575561523e+00,2.000000476837158203e-01,1.939436035156250000e+03
2.254723072052001953e+00,2.000000476837158203e-01,1.939417114257812500e+03
2.306064605712890625e+00,2.000000476837158203e-01,1.939399414062500000e+03
2.357824325561523438e+00,2.000000476837158203e-01,1.939383056640625000e+03
2.409970760345458984e+00,2.000000476837158203e-01,1.939367919921875000e+03
2.462472677230834961e+00,2.000000476837158203e-01,1.939354125976562500e+03
2.515298366546630859e+00,2.000000476837158203e-01,1.939341552734375000e+03
2.568415880203247070e+00,2.000000476837158203e-01,1.939330322265625000e+03
2.621793508529663086e+00,2.000000476837158203e-01,1.939320312500000000e+03
2.675398826599121094e+00,2.000000476837158203e-01,1.939311767578125000e+03
2.729199886322021484e+00,2.000000476837158203e-01,1.939304443359375000e+03
2.783163785934448242e+00,2.000000476837158203e-01,1.939298461914062500e+03
2.837258577346801758e+00,2.000000476837158203e-01,1.939293823242187500e+03
2.891451120376586914e+00,2.000000476837158203e-01,1.939290405273437500e+03
2.945709228515625000e+00,2.000000476837158203e-01,1.939288452148437500e+03
3.000000000000000000e+00,2.000000476837158203e-01,1.939287719726562500e+03
3.054290771484375000e+00,2.000000476837158203e-01,1.939288452148437500e+03
3.108548879623413086e+00,2.000000476837158203e-01,1.939290405273437500e+03
3.162741422653198242e+00,2.000000476837158203e-01,1.939293823242187500e+03
3.216836214065551758e+00,2.000000476837158203e-01,1.939298461914062500e+03
3.270800113677978516e+00,2.000000476837158203e-01,1.939304443359375000e+03
3.324601173400878906e+00,2.000000476837158203e-01,1.939311767578125000e+03
3.378206491470336914e+00,2.000000476837158203e-01,1.939320312500000000e+03
3.431584119796752930e+00,2.000000476837158203e-01,1.939330322265625000e+03
3.484701633453369141e+00,2.000000476837158203e-01,1.939341552734375000e+03
3.537527322769165039e+00,2.000000476837158203e-01,1.939354125976562500e+03
3.590029239654541016e+00,2.000000476837158203e-01,1.939367919921875000e+03
3.642175674438476562e+00,2.000000476837158203e-01,1.939383056640625000e+03
3.693935394287109375e+00,2.000000476837158203e-01,1.939399414062500000e+03
3.745276927947998047e+00,2.000000476837158203e-01,1.939417114257812500e+03
3.796169519424438477e+00,2.000000476837158203e-01,1.939436035156250000e+03
3.846582651138305664e+00,2.000000476837158203e-01,1.939456176757812500e+03
3.896485805511474609e+00,2.000000476837158203e-01,1.939477539062500000e+03
3.945848941802978516e+00,2.000000476837158203e-01,1.939500122070312500e+03
3.994642257690429688e+00,2.000000476837158203e-01,1.939523925781250000e+03
4.042836666107177734e+00,2.000000476837158203e-01,1.939548950195312500e+03
4.090402603149414062e+00,2.000000476837158203e-01,1.939575195312500000e+03
4.137311935424804688e+00,2.000000476837158203e-01,1.939602539062500000e+03
4.183536529541015625e+00,2.000000476837158203e-01,1.939630981445312500e+03
4.229047775268554688e+00,2.000000476837158203e-01,1.939660644531250000e+03
4.273818492889404297e+00,2.000000476837158203e-01,1.939691284179687500e+03
4.317821979522705078e+00,2.000000476837158203e-01,1.939723144531250000e+03
4.361032009124755859e+00,2.000000476837158203e-01,1.939755981445312500e+03
4.403422355651855469e+00,2.000000476837158203e-01,1.939789916992187500e+03
4.444966793060302734e+00,2.000000476837158203e-01,1.939824829101562500e+03
4.485641002655029297e+00,2.000000476837158203e-01,1.939860839843750000e+03
4.525420188903808594e+00,2.000000476837158203e-01,1.939897827148437500e+03
4.564280509948730469e+00,2.000000476837158203e-01,1.939935668945312500e+03
4.602199077606201172e+00,2.000000476837158203e-01,1.939974609375000000e+03
4.639152526855468750e+00,2.000000476837158203e-01,1.940014404296875000e+03
4.675117969512939453e+00,2.000000476837158203e-01,1.940055053710937500e+03
4.710074424743652344e+00,2.000000476837158203e-01,1.940096557617187500e+03
4.744001388549804688e+00,2.000000476837158203e-01,1.940138916015625000e+03
4.776877403259277344e+00,2.000000476837158203e-01,1.940182128906250000e+03
4.808683395385742188e+00,2.000000476837158203e-01,1.940226196289062500e+03
4.839399814605712891e+00,2.000000476837158203e-01,1.940270996093750000e+03
4.869008064270019531e+00,2.000000476837158203e-01,1.940316406250000000e+03
4.897490501403808594e+00,2.000000476837158203e-01,1.940362670898437500e+03
4.924829959869384766e+00,2.000000476837158203e-01,1.940409545898437500e+03
4.951010227203369141e+00,2.000000476837158203e-01,1.940457153320312500e+03
4.976015090942382812e+00,2.000000476837158203e-01,1.940505371093750000e+03
4.999829769134521484e+00,2.000000476837158203e-01,1.940554199218750000e+03
5.022439956665039062e+00,2.000000476837158203e-01,1.940603515625000000e+03
5.043831348419189453e+00,2.000000476837158203e-01,1.940653442382812500e+03
5.063992023468017578e+00,2.000000476837158203e-01,1.940703857421875000e+03
5.082909584045410156e+00,2.000000476837158203e-01,1.940754760742187500e+03
5.100572109222412109e+00,2.000000476837158203e-01,1.940806030273437500e+03
5.116969108581542969e+00,2.000000476837158203e-01,1.940857788085937500e+03
5.132091522216796875e+00,2.000000476837158203e-01,1.940909912109375000e+03
5.145929336547851562e+00,2.000000476837158203e-01,1.940962524414062500e+03
5.158474922180175781e+00,2.000000476837158203e-01,1.941015258789062500e+03
5.169719696044921875e+00,2.000000476837158203e-01,1.941068359375000000e+03
5.179657936096191406e+00,2.000000476837158203e-01,1.941121826171875000e+03
5.188282966613769531e+00,2.000000476837158203e-01,1.941175415039062500e+03
5.195590019226074219e+00,2.000000476837158203e-01,1.941229248046875000e+03
5.201574325561523438e+00,2.000000476837158203e-01,1.941283203125000000e+03
5.206233024597167969e+00,2.000000476837158203e-01,1.941337280273437500e+03
5.209562301635742188e+00,2.000000476837158203e-01,1.941391479492187500e+03
5.211561203002929688e+00,2.000000476837158203e-01,1.941445678710937500e+03
5.301285743713378906e+00,2.000001668930053711e-01,1.941500000000000000e+03
5.300592899322509766e+00,2.000001668930053711e-01,1.941556518554687500e+03
5.298513889312744141e+00,2.000001668930053711e-01,1.941612915039062500e+03
5.295050621032714844e+00,2.000001668930053711e-01,1.941669311523437500e+03
5.290204524993896484e+00,2.000001668930053711e-01,1.941725585937500000e+03
5.283979415893554688e+00,2.000001668930053711e-01,1.941781738281250000e+03
5.276377677917480469e+00,2.000001668930053711e-01,1.941837646484375000e+03
5.267405509948730469e+00,2.000001668930053711e-01,1.941893432617187500e+03
5.257067203521728516e+00,2.000001668930053711e-01,1.941948974609375000e+03
5.245369911193847656e+00,2.000001668930053711e-01,1.942004272460937500e+03
5.232318878173828125e+00,2.000001668930053711e-01,1.942059204101562500e+03
5.217924118041992188e+00,2.000001668930053711e-01,1.942113769531250000e+03
5.202193260192871094e+00,2.000001668930053711e-01,1.942167968750000000e+03
5.185135841369628906e+00,2.000001668930053711e-01,1.942221923828125000e+03
5.166762351989746094e+00,2.000001668930053711e-01,1.942275268554687500e+03
5.147083282470703125e+00,2.000001668930053711e-01,1.942328247070312500e+03
5.126111030578613281e+00,2.000001668930053711e-01,1.942380615234375000e+03
5.103857994079589844e+00,2.000001668930053711e-01,1.942432617187500000e+03
5.080337524414062500e+00,2.000001668930053711e-01,1.942483886718750000e+03
5.055564403533935547e+00,2.000001668930053711e-01,1.942534667968750000e+03
5.029552936553955078e+00,2.000001668930053711e-01,1.942584838867187500e+03
5.002318859100341797e+00,2.000001668930053711e-01,1.942634277343750000e+03
4.973878860473632812e+00,2.000001668930053711e-01,1.942683105468750000e+03
4.944249629974365234e+00,2.000001668930053711e-01,1.942731201171875000e+03
4.913449287414550781e+00,2.000001668930053711e-01,1.942778564453125000e+03
4.881496429443359375e+00,2.000001668930053711e-01,1.942825073242187500e+03
4.848410129547119141e+00,2.000001668930053711e-01,1.942870849609375000e+03
4.814210414886474609e+00,2.000001668930053711e-01,1.942915771484375000e+03
4.778918266296386719e+00,2.000001668930053711e-01,1.942959960937500000e+03
4.742553710937500000e+00,2.000001668930053711e-01,1.943003173828125000e+03
4.705140590667724609e+00,2.000001668930053711e-01,1.943045410156250000e+03
4.666699409484863281e+00,2.000001668930053711e-01,1.943086791992187500e+03
4.627254962921142578e+00,2.000001668930053711e-01,1.943127197265625000e+03
4.586830139160156250e+00,2.000001668930053711e-01,1.943166748046875000e+03
4.545449256896972656e+00,2.000001668930053711e-01,1.943205200195312500e+03
4.503137588500976562e+00,2.000001668930053711e-01,1.943242553710937500e+03
4.459920406341552734e+00,2.000001668930053711e-01,1.943278930664062500e+03
4.415823936462402344e+00,2.000001668930053711e-01,1.943314208984375000e+03
4.370874404907226562e+00,2.000001668930053711e-01,1.943348388671875000e+03
4.325098991394042969e+00,2.000001668930053711e-01,1.943381469726562500e+03
4.278525829315185547e+00,2.000001668930053711e-01,1.943413452148437500e+03
4.231182575225830078e+00,2.000001668930053711e-01,1.943444213867187500e+03
4.183097362518310547e+00,2.000001668930053711e-01,1.943473876953125000e+03
4.134299755096435547e+00,2.000001668930053711e-01,1.943502319335937500e+03
4.084818840026855469e+00,2.000001668930053711e-01,1.943529541015625000e+03
4.034684181213378906e+00,2.000001668930053711e-01,1.943555541992187500e+03
3.983926534652709961e+00,2.000001668930053711e-01,1.943580322265625000e+03
3.932576179504394531e+00,2.000001668930053711e-01,1.943603881835937500e+03
3.880663871765136719e+00,2.000001668930053711e-01,1.943626098632812500e+03
3.828221321105957031e+00,2.000001668930053711e-01,1.943647094726562500e+03
3.775279998779296875e+00,2.000001668930053711e-01,1.943666748046875000e+03
3.721871376037597656e+00,2.000001668930053711e-01,1.943685180664062500e+03
3.668028116226196289e+00,2.000001668930053711e-01,1.943702148437500000e+03
3.613782405853271484e+00,2.000001668930053711e-01,1.943717895507812500e+03
3.559166908264160156e+00,2.000001668930053711e-01,1.943732299804687500e+03
3.504214525222778320e+00,2.000001668930053711e-01,1.943745361328125000e+03
3.448958635330200195e+00,2.000001668930053711e-01,1.943757080078125000e+03
3.393432140350341797e+00,2.000001668930053711e-01,1.943767456054687500e+03
3.337668895721435547e+00,2.000001668930053711e-01,1.943776367187500000e+03
3.281702041625976562e+00,2.000001668930053711e-01,1.943783935546875000e+03
3.225565433502197266e+00,2.000001668930053711e-01,1.943790161132812500e+03
3.169293165206909180e+00,2.000001668930053711e-01,1.943795043945312500e+03
3.112918853759765625e+00,2.000001668930053711e-01,1.943798461914062500e+03
3.056476354598999023e+00,2.000001668930053711e-01,1.943800537109375000e+03
3.000000000000000000e+00,2.000001668930053711e-01,1.943801269531250000e+03
2.943523645401000977e+00,2.000001668930053711e-01,1.943800537109375000e+03
2.887081146240234375e+00,2.000001668930053711e-01,1.943798461914062500e+03
2.830706834793090820e+00,2.000001668930053711e-01,1.943795043945312500e+03
2.774434566497802734e+00,2.000001668930053711e-01,1.943790161132812500e+03
2.718297958374023438e+00,2.000001668930053711e-01,1.943783935546875000e+03
2.662331104278564453e+00,2.000001668930053711e-01,1.943776367187500000e+03
2.606567859649658203e+00,2.000001668930053711e-01,1.943767456054687500e+03
2.551041364669799805e+00,2.000001668930053711e-01,1.943757080078125000e+03
2.495785474777221680e+00,2.000001668930053711e-01,1.943745361328125000e+03
2.440833091735839844e+00,2.000001668930053711e-01,1.943732299804687500e+03
2.386217594146728516e+00,2.000001668930053711e-01,1.943717895507812500e+03
2.331971883773803711e+00,2.000001668930053711e-01,1.943702148437500000e+03
2.278128623962402344e+00,2.000001668930053711e-01,1.943685180664062500e+03
2.224720001220703125e+00,2.000001668930053711e-01,1.943666748046875000e+03
2.171778678894042969e+00,2.000001668930053711e-01,1.943647094726562500e+03
2.119336128234863281e+00,2.000001668930053711e-01,1.943626098632812500e+03
2.067423820495605469e+00,2.000001668930053711e-01,1.943603881835937500e+03
2.016073465347290039e+00,2.000001668930053711e-01,1.943580322265625000e+03
1.965315818786621094e+00,2.000001668930053711e-01,1.943555541992187500e+03
1.915181398391723633e+00,2.000001668930053711e-01,1.943529541015625000e+03
1.865700244903564453e+00,2.000001668930053711e-01,1.943502319335937500e+03
1.816902518272399902e+00,2.000001668930053711e-01,1.943473876953125000e+03
1.768817543983459473e+00,2.000001668930053711e-01,1.943444213867187500e+03
1.721474051475524902e+00,2.000001668930053711e-01,1.943413452148437500e+03
1.674900770187377930e+00,2.000001668930053711e-01,1.943381469726562500e+03
1.629125595092773438e+00,2.000001668930053711e-01,1.943348388671875000e+03
1.584176182746887207e+00,2.000001668930053711e-01,1.943314208984375000e+03
1.540079712867736816e+00,2.000001668930053711e-01,1.943278930664062500e+03
1.496862530708312988e+00,2.000001668930053711e-01,1.943242553710937500e+03
1.454550743103027344e+00,2.000001668930053711e-01,1.943205200195312500e+03
1.413170099258422852e+00,2.000001668930053711e-01,1.943166748046875000e+03
1.372745156288146973e+00,2.000001668930053711e-01,1.943127197265625000e+03
1.333300352096557617e+00,2.000001668930053711e-01,1.943086791992187500e+03
1.294859528541564941e+00,2.000001668930053711e-01,1.943045410156250000e+03
1.257446050643920898e+00,2.000001668930053711e-01,1.943003173828125000e+03
1.221081972122192383e+00,2.000001668930053711e-01,1.942959960937500000e+03
1.185789465904235840e+00,2.000001668930053711e-01,1.942915771484375000e+03
1.151589751243591309e+00,2.000001668930053711e-01,1.942870849609375000e+03
1.118503570556640625e+00,2.000001668930053711e-01,1.942825073242187500e+03
1.086550593376159668e+00,2.000001668930053711e-01,1.942778564453125000e+03
1.055750370025634766e+00,2.000001668930053711e-01,1.942731201171875000e+03
1.026121258735656738e+00,2.000001668930053711e-01,1.942683105468750000e+03
9.976811408996582031e-01,2.000001668930053711e-01,1.942634277343750000e+03
9.704470634460449219e-01,2.000001668930053711e-01,1.942584838867187500e+03
9.444355964660644531e-01,2.000001668930053711e-01,1.942534667968750000e+03
9.196622371673583984e-01,2.000001668930053711e-01,1.942483886718750000e+03
8.961420059204101562e-01,2.000001668930053711e-01,1.942432617187500000e+03
8.738889694213867188e-01,2.000001668930053711e-01,1.942380615234375000e+03
8.529167175292968750e-01,2.000001668930053711e-01,1.942328247070312500e+03
8.332378864288330078e-01,2.000001668930053711e-01,1.942275268554687500e+03
8.148641586303710938e-01,2.000001668930053711e-01,1.942221923828125000e+03
7.978067398071289062e-01,2.000001668930053711e-01,1.942167968750000000e+03
7.820758819580078125e-01,2.000001668930053711e-01,1.942113769531250000e+03
7.676808834075927734e-01,2.000001668930053711e-01,1.942059204101562500e+03
7.546303272247314453e-01,2.000001668930053711e-01,1.942004272460937500e+03
7.429327964782714844e-01,2.000001668930053711e-01,1.941948974609375000e+03
7.325944900512695312e-01,2.000001668930053711e-01,1.941893432617187500e+03
7.236220836639404297e-01,2.000001668930053711e-01,1.941837646484375000e+03
7.160208225250244141e-01,2.000001668930053711e-01,1.941781738281250000e+03
7.097954750061035156e-01,2.000001668930053711e-01,1.941725585937500000e+03
7.049496173858642578e-01,2.000001668930053711e-01,1.941669311523437500e+03
7.014861106872558594e-01,2.000001668930053711e-01,1.941612915039062500e+03
6.994071006774902344e-01,2.000001668930053711e-01,1.941556518554687500e+03
6.987140178680419922e-01,2.000001668930053711e-01,1.941500000000000000e+03
6.994071006774902344e-01,2.000001668930053711e-01,1.941443481445312500e+03
7.014861106872558594e-01,2.000001668930053711e-01,1.941387084960937500e+03
7.049496173858642578e-01,2.000001668930053711e-01,1.941330688476562500e+03
7.097954750061035156e-01,2.000001668930053711e-01,1.941274414062500000e+03
7.160208225250244141e-01,2.000001668930053711e-01,1.941218261718750000e+03
7.236220836639404297e-01,2.000001668930053711e-01,1.941162353515625000e+03
7.325944900512695312e-01,2.000001668930053711e-01,1.941106567382812500e+03
7.429327964782714844e-01,2.000001668930053711e-01,1.941051025390625000e+03
7.546303272247314453e-01,2.000001668930053711e-01,1.940995727539062500e+03
7.676808834075927734e-01,2.000001668930053711e-01,1.940940795898437500e+03
7.820758819580078125e-01,2.000001668930053711e-01,1.940886230468750000e+03
7.978067398071289062e-01,2.000001668930053711e-01,1.940832031250000000e+03
8.148641586303710938e-01,2.000001668930053711e-01,1.940778076171875000e+03
8.332378864288330078e-01,2.000001668930053711e-01,1.940724731445312500e+03
8.529167175292968750e-01,2.000001668930053711e-01,1.940671752929687500e+03
8.738889694213867188e-01,2.000001668930053711e-01,1.940619384765625000e+03
8.961420059204101562e-01,2.000001668930053711e-01,1.940567382812500000e+03
9.196622371673583984e-01,2.000001668930053711e-01,1.940516113281250000e+03
9.444355964660644531e-01,2.000001668930053711e-01,1.940465332031250000e+03
9.704470634460449219e-01,2.000001668930053711e-01,1.940415161132812500e+03
9.976811408996582031e-01,2.000001668930053711e-01,1.940365722656250000e+03
1.026121258735656738e+00,2.000001668930053711e-01,1.940316894531250000e+03
1.055750370025634766e+00,2.000001668930053711e-01,1.940268798828125000e+03
1.086550593376159668e+00,2.000001668930053711e-01,1.940221435546875000e+03
1.118503570556640625e+00,2.000001668930053711e-01,1.940174926757812500e+03
1.151589751243591309e+00,2.000001668930053711e-01,1.940129150390625000e+03
1.185789465904235840e+00,2.000001668930053711e-01,1.940084228515625000e+03
1.221081972122192383e+00,2.000001668930053711e-01,1.940040039062500000e+03
1.257446050643920898e+00,2.000001668930053711e-01,1.939996826171875000e+03
1.294859528541564941e+00,2.000001668930053711e-01,1.939954589843750000e+03
1.333300352096557617e+00,2.000001668930053711e-01,1.939913208007812500e+03
1.372745156288146973e+00,2.000001668930053711e-01,1.939872802734375000e+03
1.413170099258422852e+00,2.000001668930053711e-01,1.939833251953125000e+03
1.454550743103027344e+00,2.000001668930053711e-01,1.939794799804687500e+03
1.496862530708312988e+00,2.000001668930053711e-01,1.939757446289062500e+03
1.540079712867736816e+00,2.000001668930053711e-01,1.939721069335937500e+03
1.584176182746887207e+00,2.000001668930053711e-01,1.939685791015625000e+03
1.629125595092773438e+00,2.000001668930053711e-01,1.939651611328125000e+03
1.674900770187377930e+00,2.000001668930053711e-01,1.939618530273437500e+03
1.721474051475524902e+00,2.000001668930053711e-01,1.939586547851562500e+03
1.768817543983459473e+00,2.000001668930053711e-01,1.939555786132812500e+03
1.816902518272399902e+00,2.000001668930053711e-01,1.939526123046875000e+03
1.865700244903564453e+00,2.000001668930053711e-01,1.939497680664062500e+03
1.915181398391723633e+00,2.000001668930053711e-01,1.939470458984375000e+03
1.965315818786621094e+00,2.000001668930053711e-01,1.939444458007812500e+03
2.016073465347290039e+00,2.000001668930053711e-01,1.939419677734375000e+03
2.067423820495605469e+00,2.000001668930053711e-01,1.939396118164062500e+03
2.119336128234863281e+00,2.000001668930053711e-01,1.939373901367187500e+03
2.171778678894042969e+00,2.000001668930053711e-01,1.939352905273437500e+03
2.224720001220703125e+00,2.000001668930053711e-01,1.939333251953125000e+03
2.278128623962402344e+00,2.000001668930053711e-01,1.939314819335937500e+03
2.331971883773803711e+00,2.000001668930053711e-01,1.939297851562500000e+03
2.386217594146728516e+00,2.000001668930053711e-01,1.939282104492187500e+03
2.440833091735839844e+00,2.000001668930053711e-01,1.939267700195312500e+03
2.495785474777221680e+00,2.000001668930053711e-01,1.939254638671875000e+03
2.551041364669799805e+00,2.000001668930053711e-01,1.939242919921875000e+03
2.606567859649658203e+00,2.000001668930053711e-01,1.939232543945312500e+03
2.662331104278564453e+00,2.000001668930053711e-01,1.939223632812500000e+03
2.718297958374023438e+00,2.000001668930053711e-01,1.939216064453125000e+03
2.774434566497802734e+00,2.000001668930053711e-01,1.939209838867187500e+03
2.830706834793090820e+00,2.000001668930053711e-01,1.939204956054687500e+03
2.887081146240234375e+00,2.000001668930053711e-01,1.939201538085937500e+03
2.943523645401000977e+00,2.000001668930053711e-01,1.939199462890625000e+03
3.000000000000000000e+00,2.000001668930053711e-01,1.939198730468750000e+03
3.056476354598999023e+00,2.000001668930053711e-01,1.939199462890625000e+03
3.112918853759765625e+00,2.000001668930053711e-01,1.939201538085937500e+03
3.169293165206909180e+00,2.000001668930053711e-01,1.939204956054687500e+03
3.225565433502197266e+00,2.000001668930053711e-01,1.939209838867187500e+03
3.281702041625976562e+00,2.000001668930053711e-01,1.939216064453125000e+03
3.337668895721435547e+00,2.000001668930053711e-01,1.939223632812500000e+03
3.393432140350341797e+00,2.000001668930053711e-01,1.939232543945312500e+03
3.448958635330200195e+00,2.000001668930053711e-01,1.939242919921875000e+03
3.504214525222778320e+00,2.000001668930053711e-01,1.939254638671875000e+03
3.559166908264160156e+00,2.000001668930053711e-01,1.939267700195312500e+03
3.613782405853271484e+00,2.000001668930053711e-01,1.939282104492187500e+03
3.668028116226196289e+00,2.000001668930053711e-01,1.939297851562500000e+03
3.721871376037597656e+00,2.000001668930053711e-01,1.939314819335937500e+03
3.775279998779296875e+00,2.000001668930053711e-01,1.939333251953125000e+03
3.828221321105957031e+00,2.000001668930053711e-01,1.939352905273437500e+03
3.880663871765136719e+00,2.000001668930053711e-01,1.939373901367187500e+03
3.932576179504394531e+00,2.000001668930053711e-01,1.939396118164062500e+03
3.983926534652709961e+00,2.000001668930053711e-01,1.939419677734375000e+03
4.034684181213378906e+00,2.000001668930053711e-01,1.939444458007812500e+03
4.084818840026855469e+00,2.000001668930053711e-01,1.939470458984375000e+03
4.134299755096435547e+00,2.000001668930053711e-01,1.939497680664062500e+03
4.183097362518310547e+00,2.000001668930053711e-01,1.939526123046875000e+03
4.231182575225830078e+00,2.000001668930053711e-01,1.939555786132812500e+03
4.278525829315185547e+00,2.000001668930053711e-01,1.939586547851562500e+03
4.325098991394042969e+00,2.000001668930053711e-01,1.939618530273437500e+03
4.370874404907226562e+00,2.000001668930053711e-01,1.939651611328125000e+03
4.415823936462402344e+00,2.000001668930053711e-01,1.939685791015625000e+03
4.459920406341552734e+00,2.000001668930053711e-01,1.939721069335937500e+03
4.503137588500976562e+00,2.000001668930053711e-01,1.939757446289062500e+03
4.545449256896972656e+00,2.000001668930053711e-01,1.939794799804687500e+03
4.586830139160156250e+00,2.000001668930053711e-01,1.939833251953125000e+03
4.627254962921142578e+00,2.000001668930053711e-01,1.939872802734375000e+03
4.666699409484863281e+00,2.000001668930053711e-01,1.939913208007812500e+03
4.705140590667724609e+00,2.000001668930053711e-01,1.939954589843750000e+03
4.742553710937500000e+00,2.000001668930053711e-01,1.939996826171875000e+03
4.778918266296386719e+00,2.000001668930053711e-01,1.940040039062500000e+03
4.814210414886474609e+00,2.000001668930053711e-01,1.940084228515625000e+03
4.848410129547119141e+00,2.000001668930053711e-01,1.940129150390625000e+03
4.881496429443359375e+00,2.000001668930053711e-01,1.940174926757812500e+03
4.913449287414550781e+00,2.000001668930053711e-01,1.940221435546875000e+03
4.944249629974365234e+00,2.000001668930053711e-01,1.940268798828125000e+03
4.973878860473632812e+00,2.000001668930053711e-01,1.940316894531250000e+03
5.002318859100341797e+00,2.000001668930053711e-01,1.940365722656250000e+03
5.029552936553955078e+00,2.000001668930053711e-01,1.940415161132812500e+03
5.055564403533935547e+00,2.000001668930053711e-01,1.940465332031250000e+03
5.080337524414062500e+00,2.000001668930053711e-01,1.940516113281250000e+03
5.103857994079589844e+00,2.000001668930053711e-01,1.940567382812500000e+03
5.126111030578613281e+00,2.000001668930053711e-01,1.940619384765625000e+03
5.147083282470703125e+00,2.000001668930053711e-01,1.940671752929687500e+03
5.166762351989746094e+00,2.000001668930053711e-01,1.940724731445312500e+03
5.185135841369628906e+00,2.000001668930053711e-01,1.940778076171875000e+03
5.202193260192871094e+00,2.000001668930053711e-01,1.940832031250000000e+03
5.217924118041992188e+00,2.000001668930053711e-01,1.940886230468750000e+03
5.232318878173828125e+00,2.000001668930053711e-01,1.940940795898437500e+03
5.245369911193847656e+00,2.000001668930053711e-01,1.940995727539062500e+03
5.257067203521728516e+00,2.000001668930053711e-01,1.941051025390625000e+03
5.267405509948730469e+00,2.000001668930053711e-01,1.941106567382812500e+03
5.276377677917480469e+00,2.000001668930053711e-01,1.941162353515625000e+03
5.283979415893554688e+00,2.000001668930053711e-01,1.941218261718750000e+03
5.290204524993896484e+00,2.000001668930053711e-01,1.941274414062500000e+03
5.295050621032714844e+00,2.000001668930053711e-01,1.941330688476562500e+03
5.298513889312744141e+00,2.000001668930053711e-01,1.941387084960937500e+03
5.300592899322509766e+00,2.000001668930053711e-01,1.941443481445312500e+03
5.394837379455566406e+00,2.000000476837158203e-01,1.941500000000000000e+03
5.394116401672363281e+00,2.000000476837158203e-01,1.941558715820312500e+03
5.391952991485595703e+00,2.000000476837158203e-01,1.941617553710937500e+03
5.388348579406738281e+00,2.000000476837158203e-01,1.941676147460937500e+03
5.383305549621582031e+00,2.000000476837158203e-01,1.941734741210937500e+03
5.376827239990234375e+00,2.000000476837158203e-01,1.941793212890625000e+03
5.368917465209960938e+00,2.000000476837158203e-01,1.941851440429687500e+03
5.359580039978027344e+00,2.000000476837158203e-01,1.941909423828125000e+03
5.348821640014648438e+00,2.000000476837158203e-01,1.941967163085937500e+03
5.336647987365722656e+00,2.000000476837158203e-01,1.942024658203125000e+03
5.323067665100097656e+00,2.000000476837158203e-01,1.942081909179687500e+03
5.308087348937988281e+00,2.000000476837158203e-01,1.942138793945312500e+03
5.291716575622558594e+00,2.000000476837158203e-01,1.942195190429687500e+03
5.273965835571289062e+00,2.000000476837158203e-01,1.942251220703125000e+03
5.254845142364501953e+00,2.000000476837158203e-01,1.942306762695312500e+03
5.234366416931152344e+00,2.000000476837158203e-01,1.942361938476562500e+03
5.212541580200195312e+00,2.000000476837158203e-01,1.942416503906250000e+03
5.189383983612060547e+00,2.000000476837158203e-01,1.942470458984375000e+03
5.164907455444335938e+00,2.000000476837158203e-01,1.942523925781250000e+03
5.139126777648925781e+00,2.000000476837158203e-01,1.942576782226562500e+03
5.112058162689208984e+00,2.000000476837158203e-01,1.942628906250000000e+03
5.083716869354248047e+00,2.000000476837158203e-01,1.942680419921875000e+03
5.054121017456054688e+00,2.000000476837158203e-01,1.942731201171875000e+03
5.023286819458007812e+00,2.000000476837158203e-01,1.942781250000000000e+03
4.991234779357910156e+00,2.000000476837158203e-01,1.942830444335937500e+03
4.957983016967773438e+00,2.000000476837158203e-01,1.942878906250000000e+03
4.923551559448242188e+00,2.000000476837158203e-01,1.942926635742187500e+03
4.887961387634277344e+00,2.000000476837158203e-01,1.942973388671875000e+03
4.851234436035156250e+00,2.000000476837158203e-01,1.943019287109375000e+03
4.813392162322998047e+00,2.000000476837158203e-01,1.943064208984375000e+03
4.774457454681396484e+00,2.000000476837158203e-01,1.943108276367187500e+03
4.734454154968261719e+00,2.000000476837158203e-01,1.943151367187500000e+03
4.693405628204345703e+00,2.000000476837158203e-01,1.943193359375000000e+03
4.651337623596191406e+00,2.000000476837158203e-01,1.943234497070312500e+03
4.608274459838867188e+00,2.000000476837158203e-01,1.943274414062500000e+03
4.564242839813232422e+00,2.000000476837158203e-01,1.943313354492187500e+03
4.519268989562988281e+00,2.000000476837158203e-01,1.943351196289062500e+03
4.473379611968994141e+00,2.000000476837158203e-01,1.943387939453125000e+03
4.426603317260742188e+00,2.000000476837158203e-01,1.943423583984375000e+03
4.378967285156250000e+00,2.000000476837158203e-01,1.943458007812500000e+03
4.330500602722167969e+00,2.000000476837158203e-01,1.943491210937500000e+03
4.281232357025146484e+00,2.000000476837158203e-01,1.943523315429687500e+03
4.231192588806152344e+00,2.000000476837158203e-01,1.943554077148437500e+03
4.180411338806152344e+00,2.000000476837158203e-01,1.943583740234375000e+03
4.128918647766113281e+00,2.000000476837158203e-01,1.943612060546875000e+03
4.076745986938476562e+00,2.000000476837158203e-01,1.943639160156250000e+03
4.023924827575683594e+00,2.000000476837158203e-01,1.943664916992187500e+03
3.970487117767333984e+00,2.000000476837158203e-01,1.943689331054687500e+03
3.916464567184448242e+00,2.000000476837158203e-01,1.943712524414062500e+03
3.861890316009521484e+00,2.000000476837158203e-01,1.943734375000000000e+03
3.806796550750732422e+00,2.000000476837158203e-01,1.943754882812500000e+03
3.751216888427734375e+00,2.000000476837158203e-01,1.943773925781250000e+03
3.695184707641601562e+00,2.000000476837158203e-01,1.943791748046875000e+03
3.638733863830566406e+00,2.000000476837158203e-01,1.943808105468750000e+03
3.581897974014282227e+00,2.000000476837158203e-01,1.943823120117187500e+03
3.524711847305297852e+00,2.000000476837158203e-01,1.943836669921875000e+03
3.467209577560424805e+00,2.000000476837158203e-01,1.943848876953125000e+03
3.409425973892211914e+00,2.000000476837158203e-01,1.943859619140625000e+03
3.351395606994628906e+00,2.000000476837158203e-01,1.943868896484375000e+03
3.293153762817382812e+00,2.000000476837158203e-01,1.943876831054687500e+03
3.234735012054443359e+00,2.000000476837158203e-01,1.943883300781250000e+03
3.176175117492675781e+00,2.000000476837158203e-01,1.943888305664062500e+03
3.117509126663208008e+00,2.000000476837158203e-01,1.943891967773437500e+03
3.058772325515747070e+00,2.000000476837158203e-01,1.943894165039062500e+03
3.000000000000000000e+00,2.000000476837158203e-01,1.943894897460937500e+03
2.941227674484252930e+00,2.000000476837158203e-01,1.943894165039062500e+03
2.882490873336791992e+00,2.000000476837158203e-01,1.943891967773437500e+03
2.823824882507324219e+00,2.000000476837158203e-01,1.943888305664062500e+03
2.765264987945556641e+00,2.000000476837158203e-01,1.943883300781250000e+03
2.706846237182617188e+00,2.000000476837158203e-01,1.943876831054687500e+03
2.648604393005371094e+00,2.000000476837158203e-01,1.943868896484375000e+03
2.590574026107788086e+00,2.000000476837158203e-01,1.943859619140625000e+03
2.532790422439575195e+00,2.000000476837158203e-01,1.943848876953125000e+03
2.475288152694702148e+00,2.000000476837158203e-01,1.943836669921875000e+03
2.418102025985717773e+00,2.000000476837158203e-01,1.943823120117187500e+03
2.361266136169433594e+00,2.000000476837158203e-01,1.943808105468750000e+03
2.304815292358398438e+00,2.000000476837158203e-01,1.943791748046875000e+03
2.248783111572265625e+00,2.000000476837158203e-01,1.943773925781250000e+03
2.193203449249267578e+00,2.000000476837158203e-01,1.943754882812500000e+03
2.138109683990478516e+00,2.000000476837158203e-01,1.943734375000000000e+03
2.083535432815551758e+00,2.000000476837158203e-01,1.943712524414062500e+03
2.029512882232666016e+00,2.000000476837158203e-01,1.943689331054687500e+03
1.976075053215026855e+00,2.000000476837158203e-01,1.943664916992187500e+03
1.923253893852233887e+00,2.000000476837158203e-01,1.943639160156250000e+03
1.871081352233886719e+00,2.000000476837158203e-01,1.943612060546875000e+03
1.819588899612426758e+00,2.000000476837158203e-01,1.943583740234375000e+03
1.768807411193847656e+00,2.000000476837158203e-01,1.943554077148437500e+03
1.718767523765563965e+00,2.000000476837158203e-01,1.943523315429687500e+03
1.669499516487121582e+00,2.000000476837158203e-01,1.943491210937500000e+03
1.621032953262329102e+00,2.000000476837158203e-01,1.943458007812500000e+03
1.573396921157836914e+00,2.000000476837158203e-01,1.943423583984375000e+03
1.526620268821716309e+00,2.000000476837158203e-01,1.943387939453125000e+03
1.480731129646301270e+00,2.000000476837158203e-01,1.943351196289062500e+03
1.435757160186767578e+00,2.000000476837158203e-01,1.943313354492187500e+03
1.391725420951843262e+00,2.000000476837158203e-01,1.943274414062500000e+03
1.348662495613098145e+00,2.000000476837158203e-01,1.943234497070312500e+03
1.306594252586364746e+00,2.000000476837158203e-01,1.943193359375000000e+03
1.265545964241027832e+00,2.000000476837158203e-01,1.943151367187500000e+03
1.225542426109313965e+00,2.000000476837158203e-01,1.943108276367187500e+03
1.186607837677001953e+00,2.000000476837158203e-01,1.943064208984375000e+03
1.148765563964843750e+00,2.000000476837158203e-01,1.943019287109375000e+03
1.112038493156433105e+00,2.000000476837158203e-01,1.942973388671875000e+03
1.076448440551757812e+00,2.000000476837158203e-01,1.942926635742187500e+03
1.042017221450805664e+00,2.000000476837158203e-01,1.942878906250000000e+03
1.008765339851379395e+00,2.000000476837158203e-01,1.942830444335937500e+03
9.767129421234130859e-01,2.000000476837158203e-01,1.942781250000000000e+03
9.458792209625244141e-01,2.000000476837158203e-01,1.942731201171875000e+03
9.162831306457519531e-01,2.000000476837158203e-01,1.942680419921875000e+03
8.879418373107910156e-01,2.000000476837158203e-01,1.942628906250000000e+03
8.608729839324951172e-01,2.000000476837158203e-01,1.942576782226562500e+03
8.350925445556640625e-01,2.000000476837158203e-01,1.942523925781250000e+03
8.106160163879394531e-01,2.000000476837158203e-01,1.942470458984375000e+03
7.874584197998046875e-01,2.000000476837158203e-01,1.942416503906250000e+03
7.656338214874267578e-01,2.000000476837158203e-01,1.942361938476562500e+03
7.451548576354980469e-01,2.000000476837158203e-01,1.942306762695312500e+03
7.260341644287109375e-01,2.000000476837158203e-01,1.942251220703125000e+03
7.082834243774414062e-01,2.000000476837158203e-01,1.942195190429687500e+03
6.919128894805908203e-01,2.000000476837158203e-01,1.942138793945312500e+03
6.769325733184814453e-01,2.000000476837158203e-01,1.942081909179687500e+03
6.633517742156982422e-01,2.000000476837158203e-01,1.942024658203125000e+03
6.511785984039306641e-01,2.000000476837158203e-01,1.941967163085937500e+03
6.404199600219726562e-01,2.000000476837158203e-01,1.941909423828125000e+03
6.310827732086181641e-01,2.000000476837158203e-01,1.941851440429687500e+03
6.231727600097656250e-01,2.000000476837158203e-01,1.941793212890625000e+03
6.166942119598388672e-01,2.000000476837158203e-01,1.941734741210937500e+03
6.116514205932617188e-01,2.000000476837158203e-01,1.941676147460937500e+03
6.080470085144042969e-01,2.000000476837158203e-01,1.941617553710937500e+03
6.058838367462158203e-01,2.000000476837158203e-01,1.941558715820312500e+03
6.051626205444335938e-01,2.000000476837158203e-01,1.941500000000000000e+03
6.058838367462158203e-01,2.000000476837158203e-01,1.941441284179687500e+03
6.080470085144042969e-01,2.000000476837158203e-01,1.941382446289062500e+03
6.116514205932617188e-01,2.000000476837158203e-01,1.941323852539062500e+03
6.166942119598388672e-01,2.000000476837158203e-01,1.941265258789062500e+03
6.231727600097656250e-01,2.000000476837158203e-01,1.941206787109375000e+03
6.310827732086181641e-01,2.000000476837158203e-01,1.941148559570312500e+03
6.404199600219726562e-01,2.000000476837158203e-01,1.941090576171875000e+03
6.511785984039306641e-01,2.000000476837158203e-01,1.941032836914062500e+03
6.633517742156982422e-01,2.000000476837158203e-01,1.940975341796875000e+03
6.769325733184814453e-01,2.000000476837158203e-01,1.940918090820312500e+03
6.919128894805908203e-01,2.000000476837158203e-01,1.940861206054687500e+03
7.082834243774414062e-01,2.000000476837158203e-01,1.940804809570312500e+03
7.260341644287109375e-01,2.000000476837158203e-01,1.940748779296875000e+03
7.451548576354980469e-01,2.000000476837158203e-01,1.940693237304687500e+03
7.656338214874267578e-01,2.000000476837158203e-01,1.940638061523437500e+03
7.874584197998046875e-01,2.000000476837158203e-01,1.940583496093750000e+03
8.106160163879394531e-01,2.000000476837158203e-01,1.940529541015625000e+03
8.350925445556640625e-01,2.000000476837158203e-01,1.940476074218750000e+03
8.608729839324951172e-01,2.000000476837158203e-01,1.940423217773437500e+03
8.879418373107910156e-01,2.000000476837158203e-01,1.940371093750000000e+03
9.162831306457519531e-01,2.000000476837158203e-01,1.940319580078125000e+03
9.458792209625244141e-01,2.000000476837158203e-01,1.940268798828125000e+03
9.767129421234130859e-01,2.000000476837158203e-01,1.940218750000000000e+03
1.008765339851379395e+00,2.000000476837158203e-01,1.940169555664062500e+03
1.042017221450805664e+00,2.000000476837158203e-01,1.940121093750000000e+03
1.076448440551757812e+00,2.000000476837158203e-01,1.940073364257812500e+03
1.112038493156433105e+00,2.000000476837158203e-01,1.940026611328125000e+03
1.148765563964843750e+00,2.000000476837158203e-01,1.939980712890625000e+03
1.186607837677001953e+00,2.000000476837158203e-01,1.939935791015625000e+03
1.225542426109313965e+00,2.000000476837158203e-01,1.939891723632812500e+03
1.265545964241027832e+00,2.000000476837158203e-01,1.939848632812500000e+03
1.306594252586364746e+00,2.000000476837158203e-01,1.939806640625000000e+03
1.348662495613098145e+00,2.000000476837158203e-01,1.939765502929687500e+03
1.391725420951843262e+00,2.000000476837158203e-01,1.939725585937500000e+03
1.435757160186767578e+00,2.000000476837158203e-01,1.939686645507812500e+03
1.480731129646301270e+00,2.000000476837158203e-01,1.939648803710937500e+03
1.526620268821716309e+00,2.000000476837158203e-01,1.939612060546875000e+03
1.573396921157836914e+00,2.000000476837158203e-01,1.939576416015625000e+03
1.621032953262329102e+00,2.000000476837158203e-01,1.939541992187500000e+03
1.669499516487121582e+00,2.000000476837158203e-01,1.939508789062500000e+03
1.718767523765563965e+00,2.000000476837158203e-01,1.939476684570312500e+03
1.768807411193847656e+00,2.000000476837158203e-01,1.939445922851562500e+03
1.819588899612426758e+00,2.000000476837158203e-01,1.939416259765625000e+03
1.871081352233886719e+00,2.000000476837158203e-01,1.939387939453125000e+03
1.923253893852233887e+00,2.000000476837158203e-01,1.939360839843750000e+03
1.976075053215026855e+00,2.000000476837158203e-01,1.939335083007812500e+03
2.029512882232666016e+00,2.000000476837158203e-01,1.939310668945312500e+03
2.083535432815551758e+00,2.000000476837158203e-01,1.939287475585937500e+03
2.138109683990478516e+00,2.000000476837158203e-01,1.939265625000000000e+03
2.193203449249267578e+00,2.000000476837158203e-01,1.939245117187500000e+03
2.248783111572265625e+00,2.000000476837158203e-01,1.939226074218750000e+03
2.304815292358398438e+00,2.000000476837158203e-01,1.939208251953125000e+03
2.361266136169433594e+00,2.000000476837158203e-01,1.939191894531250000e+03
2.418102025985717773e+00,2.000000476837158203e-01,1.939176879882812500e+03
2.475288152694702148e+00,2.000000476837158203e-01,1.939163330078125000e+03
2.532790422439575195e+00,2.000000476837158203e-01,1.939151123046875000e+03
2.590574026107788086e+00,2.000000476837158203e-01,1.939140380859375000e+03
2.648604393005371094e+00,2.000000476837158203e-01,1.939131103515625000e+03
2.706846237182617188e+00,2.000000476837158203e-01,1.939123168945312500e+03
2.765264987945556641e+00,2.000000476837158203e-01,1.939116699218750000e+03
2.823824882507324219e+00,2.000000476837158203e-01,1.939111694335937500e+03
2.882490873336791992e+00,2.000000476837158203e-01,1.939108032226562500e+03
2.941227674484252930e+00,2.000000476837158203e-01,1.939105834960937500e+03
3.000000000000000000e+00,2.000000476837158203e-01,1.939105102539062500e+03
3.058772325515747070e+00,2.000000476837158203e-01,1.939105834960937500e+03
3.117509126663208008e+00,2.000000476837158203e-01,1.939108032226562500e+03
3.176175117492675781e+00,2.000000476837158203e-01,1.939111694335937500e+03
3.234735012054443359e+00,2.000000476837158203e-01,1.939116699218750000e+03
3.293153762817382812e+00,2.000000476837158203e-01,1.939123168945312500e+03
3.351395606994628906e+00,2.000000476837158203e-01,1.939131103515625000e+03
3.409425973892211914e+00,2.000000476837158203e-01,1.939140380859375000e+03
3.467209577560424805e+00,2.000000476837158203e-01,1.939151123046875000e+03
3.524711847305297852e+00,2.000000476837158203e-01,1.939163330078125000e+03
3.581897974014282227e+00,2.000000476837158203e-01,1.939176879882812500e+03
3.638733863830566406e+00,2.000000476837158203e-01,1.939191894531250000e+03
3.695184707641601562e+00,2.000000476837158203e-01,1.939208251953125000e+03
3.751216888427734375e+00,2.000000476837158203e-01,1.939226074218750000e+03
3.806796550750732422e+00,2.000000476837158203e-01,1.939245117187500000e+03
3.861890316009521484e+00,2.000000476837158203e-01,1.939265625000000000e+03
3.916464567184448242e+00,2.000000476837158203e-01,1.939287475585937500e+03
3.970487117767333984e+00,2.000000476837158203e-01,1.939310668945312500e+03
4.023924827575683594e+00,2.000000476837158203e-01,1.939335083007812500e+03
4.076745986938476562e+00,2.000000476837158203e-01,1.939360839843750000e+03
4.128918647766113281e+00,2.000000476837158203e-01,1.939387939453125000e+03
4.180411338806152344e+00,2.000000476837158203e-01,1.939416259765625000e+03
4.231192588806152344e+00,2.000000476837158203e-01,1.939445922851562500e+03
4.281232357025146484e+00,2.000000476837158203e-01,1.939476684570312500e+03
4.330500602722167969e+00,2.000000476837158203e-01,1.939508789062500000e+03
4.378967285156250000e+00,2.000000476837158203e-01,1.939541992187500000e+03
4.426603317260742188e+00,2.000000476837158203e-01,1.939576416015625000e+03
4.473379611968994141e+00,2.000000476837158203e-01,1.939612060546875000e+03
4.519268989562988281e+00,2.000000476837158203e-01,1.939648803710937500e+03
4.564242839813232422e+00,2.000000476837158203e-01,1.939686645507812500e+03
4.608274459838867188e+00,2.000000476837158203e-01,1.939725585937500000e+03
4.651337623596191406e+00,2.000000476837158203e-01,1.939765502929687500e+03
4.693405628204345703e+00,2.000000476837158203e-01,1.939806640625000000e+03
4.734454154968261719e+00,2.000000476837158203e-01,1.939848632812500000e+03
4.774457454681396484e+00,2.000000476837158203e-01,1.939891723632812500e+03
4.813392162322998047e+00,2.000000476837158203e-01,1.939935791015625000e+03
4.851234436035156250e+00,2.000000476837158203e-01,1.939980712890625000e+03
4.887961387634277344e+00,2.000000476837158203e-01,1.940026611328125000e+03
4.923551559448242188e+00,2.000000476837158203e-01,1.940073364257812500e+03
4.957983016967773438e+00,2.000000476837158203e-01,1.940121093750000000e+03
4.991234779357910156e+00,2.000000476837158203e-01,1.940169555664062500e+03
5.023286819458007812e+00,2.000000476837158203e-01,1.940218750000000000e+03
5.054121017456054688e+00,2.000000476837158203e-01,1.940268798828125000e+03
5.083716869354248047e+00,2.000000476837158203e-01,1.940319580078125000e+03
5.112058162689208984e+00,2.000000476837158203e-01,1.940371093750000000e+03
5.139126777648925781e+00,2.000000476837158203e-01,1.940423217773437500e+03
5.164907455444335938e+00,2.000000476837158203e-01,1.940476074218750000e+03
5.189383983612060547e+00,2.000000476837158203e-01,1.940529541015625000e+03
5.212541580200195312e+00,2.000000476837158203e-01,1.940583496093750000e+03
5.234366416931152344e+00,2.000000476837158203e-01,1.940638061523437500e+03
5.254845142364501953e+00,2.000000476837158203e-01,1.940693237304687500e+03
5.273965835571289062e+00,2.000000476837158203e-01,1.940748779296875000e+03
5.291716575622558594e+00,2.000000476837158203e-01,1.940804809570312500e+03
5.308087348937988281e+00,2.000000476837158203e-01,1.940861206054687500e+03
5.323067665100097656e+00,2.000000476837158203e-01,1.940918090820312500e+03
5.336647987365722656e+00,2.000000476837158203e-01,1.940975341796875000e+03
5.348821640014648438e+00,2.000000476837158203e-01,1.941032836914062500e+03
5.359580039978027344e+00,2.000000476837158203e-01,1.941090576171875000e+03
5.368917465209960938e+00,2.000000476837158203e-01,1.941148559570312500e+03
5.376827239990234375e+00,2.000000476837158203e-01,1.941206787109375000e+03
5.383305549621582031e+00,2.000000476837158203e-01,1.941265258789062500e+03
5.388348579406738281e+00,2.000000476837158203e-01,1.941323852539062500e+03
5.391952991485595703e+00,2.000000476837158203e-01,1.941382446289062500e+03
5.394116401672363281e+00,2.000000476837158203e-01,1.941441284179687500e+03
5.493305206298828125e+00,2.000001668930053711e-01,1.941500000000000000e+03
5.492554187774658203e+00,2.000001668930053711e-01,1.941561157226562500e+03
5.490302085876464844e+00,2.000001668930053711e-01,1.941622314453125000e+03
5.486549377441406250e+00,2.000001668930053711e-01,1.941683471679687500e+03
5.481299400329589844e+00,2.000001668930053711e-01,1.941744384765625000e+03
5.474554061889648438e+00,2.000001668930053711e-01,1.941805175781250000e+03
5.466319084167480469e+00,2.000001668930053711e-01,1.941865844726562500e+03
5.456597328186035156e+00,2.000001668930053711e-01,1.941926269531250000e+03
5.445396900177001953e+00,2.000001668930053711e-01,1.941986450195312500e+03
5.432723045349121094e+00,2.000001668930053711e-01,1.942046264648437500e+03
5.418583869934082031e+00,2.000001668930053711e-01,1.942105834960937500e+03
5.402987480163574219e+00,2.000001668930053711e-01,1.942165039062500000e+03
5.385944366455078125e+00,2.000001668930053711e-01,1.942223754882812500e+03
5.367463111877441406e+00,2.000001668930053711e-01,1.942282104492187500e+03
5.347556591033935547e+00,2.000001668930053711e-01,1.942339965820312500e+03
5.326235771179199219e+00,2.000001668930053711e-01,1.942397338867187500e+03
5.303513526916503906e+00,2.000001668930053711e-01,1.942454101562500000e+03
5.279403686523437500e+00,2.000001668930053711e-01,1.942510375976562500e+03
5.253921031951904297e+00,2.000001668930053711e-01,1.942566040039062500e+03
5.227080345153808594e+00,2.000001668930053711e-01,1.942620971679687500e+03
5.198898792266845703e+00,2.000001668930053711e-01,1.942675292968750000e+03
5.169392108917236328e+00,2.000001668930053711e-01,1.942729003906250000e+03
5.138579368591308594e+00,2.000001668930053711e-01,1.942781860351562500e+03
5.106477737426757812e+00,2.000001668930053711e-01,1.942833862304687500e+03
5.073107719421386719e+00,2.000001668930053711e-01,1.942885253906250000e+03
5.038488388061523438e+00,2.000001668930053711e-01,1.942935668945312500e+03
5.002641677856445312e+00,2.000001668930053711e-01,1.942985229492187500e+03
4.965588092803955078e+00,2.000001668930053711e-01,1.943033935546875000e+03
4.927350997924804688e+00,2.000001668930053711e-01,1.943081787109375000e+03
4.887952804565429688e+00,2.000001668930053711e-01,1.943128540039062500e+03
4.847416877746582031e+00,2.000001668930053711e-01,1.943174438476562500e+03
4.805768966674804688e+00,2.000001668930053711e-01,1.943219238281250000e+03
4.763032913208007812e+00,2.000001668930053711e-01,1.943263061523437500e+03
4.719234943389892578e+00,2.000001668930053711e-01,1.943305786132812500e+03
4.674401283264160156e+00,2.000001668930053711e-01,1.943347412109375000e+03
4.628559112548828125e+00,2.000001668930053711e-01,1.943387939453125000e+03
4.581736087799072266e+00,2.000001668930053711e-01,1.943427368164062500e+03
4.533960342407226562e+00,2.000001668930053711e-01,1.943465576171875000e+03
4.485260009765625000e+00,2.000001668930053711e-01,1.943502685546875000e+03
4.435665607452392578e+00,2.000001668930053711e-01,1.943538452148437500e+03
4.385206222534179688e+00,2.000001668930053711e-01,1.943573120117187500e+03
4.333912372589111328e+00,2.000001668930053711e-01,1.943606445312500000e+03
4.281815052032470703e+00,2.000001668930053711e-01,1.943638549804687500e+03
4.228945732116699219e+00,2.000001668930053711e-01,1.943669433593750000e+03
4.175335884094238281e+00,2.000001668930053711e-01,1.943698852539062500e+03
4.121018409729003906e+00,2.000001668930053711e-01,1.943727050781250000e+03
4.066025257110595703e+00,2.000001668930053711e-01,1.943753906250000000e+03
4.010390281677246094e+00,2.000001668930053711e-01,1.943779418945312500e+03
3.954146623611450195e+00,2.000001668930053711e-01,1.943803466796875000e+03
3.897328138351440430e+00,2.000001668930053711e-01,1.943826293945312500e+03
3.839969158172607422e+00,2.000001668930053711e-01,1.943847534179687500e+03
3.782104253768920898e+00,2.000001668930053711e-01,1.943867431640625000e+03
3.723768234252929688e+00,2.000001668930053711e-01,1.943885986328125000e+03
3.664996147155761719e+00,2.000001668930053711e-01,1.943902954101562500e+03
3.605823755264282227e+00,2.000001668930053711e-01,1.943918579101562500e+03
3.546286106109619141e+00,2.000001668930053711e-01,1.943932739257812500e+03
3.486419677734375000e+00,2.000001668930053711e-01,1.943945434570312500e+03
3.426259994506835938e+00,2.000001668930053711e-01,1.943956542968750000e+03
3.365843772888183594e+00,2.000001668930053711e-01,1.943966308593750000e+03
3.305207252502441406e+00,2.000001668930053711e-01,1.943974609375000000e+03
3.244386672973632812e+00,2.000001668930053711e-01,1.943981323242187500e+03
3.183418989181518555e+00,2.000001668930053711e-01,1.943986572265625000e+03
3.122340679168701172e+00,2.000001668930053711e-01,1.943990356445312500e+03
3.061188697814941406e+00,2.000001668930053711e-01,1.943992553710937500e+03
3.000000000000000000e+00,2.000001668930053711e-01,1.943993286132812500e+03
2.938811302185058594e+00,2.000001668930053711e-01,1.943992553710937500e+03
2.877659320831298828e+00,2.000001668930053711e-01,1.943990356445312500e+03
2.816581010818481445e+00,2.000001668930053711e-01,1.943986572265625000e+03
2.755613327026367188e+00,2.000001668930053711e-01,1.943981323242187500e+03
2.694792747497558594e+00,2.000001668930053711e-01,1.943974609375000000e+03
2.634156227111816406e+00,2.000001668930053711e-01,1.943966308593750000e+03
2.573740005493164062e+00,2.000001668930053711e-01,1.943956542968750000e+03
2.513580322265625000e+00,2.000001668930053711e-01,1.943945434570312500e+03
2.453713893890380859e+00,2.000001668930053711e-01,1.943932739257812500e+03
2.394176244735717773e+00,2.000001668930053711e-01,1.943918579101562500e+03
2.335003852844238281e+00,2.000001668930053711e-01,1.943902954101562500e+03
2.276231765747070312e+00,2.000001668930053711e-01,1.943885986328125000e+03
2.217895746231079102e+00,2.000001668930053711e-01,1.943867431640625000e+03
2.160030841827392578e+00,2.000001668930053711e-01,1.943847534179687500e+03
2.102671861648559570e+00,2.000001668930053711e-01,1.943826293945312500e+03
2.045853376388549805e+00,2.000001668930053711e-01,1.943803466796875000e+03
1.989609718322753906e+00,2.000001668930053711e-01,1.943779418945312500e+03
1.933974742889404297e+00,2.000001668930053711e-01,1.943753906250000000e+03
1.878981828689575195e+00,2.000001668930053711e-01,1.943727050781250000e+03
1.824664115905761719e+00,2.000001668930053711e-01,1.943698852539062500e+03
1.771054387092590332e+00,2.000001668930053711e-01,1.943669433593750000e+03
1.718184947967529297e+00,2.000001668930053711e-01,1.943638549804687500e+03
1.666087746620178223e+00,2.000001668930053711e-01,1.943606445312500000e+03
1.614793896675109863e+00,2.000001668930053711e-01,1.943573120117187500e+03
1.564334511756896973e+00,2.000001668930053711e-01,1.943538452148437500e+03
1.514739871025085449e+00,2.000001668930053711e-01,1.943502685546875000e+03
1.466039896011352539e+00,2.000001668930053711e-01,1.943465576171875000e+03
1.418263912200927734e+00,2.000001668930053711e-01,1.943427368164062500e+03
1.371440887451171875e+00,2.000001668930053711e-01,1.943387939453125000e+03
1.325598716735839844e+00,2.000001668930053711e-01,1.943347412109375000e+03
1.280765056610107422e+00,2.000001668930053711e-01,1.943305786132812500e+03
1.236967086791992188e+00,2.000001668930053711e-01,1.943263061523437500e+03
1.194231152534484863e+00,2.000001668930053711e-01,1.943219238281250000e+03
1.152582883834838867e+00,2.000001668930053711e-01,1.943174438476562500e+03
1.112047314643859863e+00,2.000001668930053711e-01,1.943128540039062500e+03
1.072649121284484863e+00,2.000001668930053711e-01,1.943081787109375000e+03
1.034411907196044922e+00,2.000001668930053711e-01,1.943033935546875000e+03
9.973585605621337891e-01,2.000001668930053711e-01,1.942985229492187500e+03
9.615118503570556641e-01,2.000001668930053711e-01,1.942935668945312500e+03
9.268925189971923828e-01,2.000001668930053711e-01,1.942885253906250000e+03
8.935222625732421875e-01,2.000001668930053711e-01,1.942833862304687500e+03
8.614208698272705078e-01,2.000001668930053711e-01,1.942781860351562500e+03
8.306078910827636719e-01,2.000001668930053711e-01,1.942729003906250000e+03
8.011012077331542969e-01,2.000001668930053711e-01,1.942675292968750000e+03
7.729194164276123047e-01,2.000001668930053711e-01,1.942620971679687500e+03
7.460789680480957031e-01,2.000001668930053711e-01,1.942566040039062500e+03
7.205960750579833984e-01,2.000001668930053711e-01,1.942510375976562500e+03
6.964864730834960938e-01,2.000001668930053711e-01,1.942454101562500000e+03
6.737642288208007812e-01,2.000001668930053711e-01,1.942397338867187500e+03
6.524434089660644531e-01,2.000001668930053711e-01,1.942339965820312500e+03
6.325366497039794922e-01,2.000001668930053711e-01,1.942282104492187500e+03
6.140558719635009766e-01,2.000001668930053711e-01,1.942223754882812500e+03
5.970122814178466797e-01,2.000001668930053711e-01,1.942165039062500000e+03
5.814161300659179688e-01,2.000001668930053711e-01,1.942105834960937500e+03
5.672769546508789062e-01,2.000001668930053711e-01,1.942046264648437500e+03
5.546030998229980469e-01,2.000001668930053711e-01,1.941986450195312500e+03
5.434024333953857422e-01,2.000001668930053711e-01,1.941926269531250000e+03
5.336811542510986328e-01,2.000001668930053711e-01,1.941865844726562500e+03
5.254459381103515625e-01,2.000001668930053711e-01,1.941805175781250000e+03
5.187008380889892578e-01,2.000001668930053711e-01,1.941744384765625000e+03
5.134508609771728516e-01,2.000001668930053711e-01,1.941683471679687500e+03
5.096981525421142578e-01,2.000001668930053711e-01,1.941622314453125000e+03
5.074458122253417969e-01,2.000001668930053711e-01,1.941561157226562500e+03
5.066950321197509766e-01,2.000001668930053711e-01,1.941500000000000000e+03
5.074458122253417969e-01,2.000001668930053711e-01,1.941438842773437500e+03
5.096981525421142578e-01,2.000001668930053711e-01,1.941377685546875000e+03
5.134508609771728516e-01,2.000001668930053711e-01,1.941316528320312500e+03
5.187008380889892578e-01,2.000001668930053711e-01,1.941255615234375000e+03
5.254459381103515625e-01,2.000001668930053711e-01,1.941194824218750000e+03
5.336811542510986328e-01,2.000001668930053711e-01,1.941134155273437500e+03
5.434024333953857422e-01,2.000001668930053711e-01,1.941073730468750000e+03
5.546030998229980469e-01,2.000001668930053711e-01,1.941013549804687500e+03
5.672769546508789062e-01,2.000001668930053711e-01,1.940953735351562500e+03
5.814161300659179688e-01,2.000001668930053711e-01,1.940894165039062500e+03
5.970122814178466797e-01,2.000001668930053711e-01,1.940834960937500000e+03
6.140558719635009766e-01,2.000001668930053711e-01,1.940776245117187500e+03
6.325366497039794922e-01,2.000001668930053711e-01,1.940717895507812500e+03
6.524434089660644531e-01,2.000001668930053711e-01,1.940660034179687500e+03
6.737642288208007812e-01,2.000001668930053711e-01,1.940602661132812500e+03
6.964864730834960938e-01,2.000001668930053711e-01,1.940545898437500000e+03
7.205960750579833984e-01,2.000001668930053711e-01,1.940489624023437500e+03
7.460789680480957031e-01,2.000001668930053711e-01,1.940433959960937500e+03
7.729194164276123047e-01,2.000001668930053711e-01,1.940379028320312500e+03
8.011012077331542969e-01,2.000001668930053711e-01,1.940324707031250000e+03
8.306078910827636719e-01,2.000001668930053711e-01,1.940270996093750000e+03
8.614208698272705078e-01,2.000001668930053711e-01,1.940218139648437500e+03
8.935222625732421875e-01,2.000001668930053711e-01,1.940166137695312500e+03
9.268925189971923828e-01,2.000001668930053711e-01,1.940114746093750000e+03
9.615118503570556641e-01,2.000001668930053711e-01,1.940064331054687500e+03
9.973585605621337891e-01,2.000001668930053711e-01,1.940014770507812500e+03
1.034411907196044922e+00,2.000001668930053711e-01,1.939966064453125000e+03
1.072649121284484863e+00,2.000001668930053711e-01,1.939918212890625000e+03
1.112047314643859863e+00,2.000001668930053711e-01,1.939871459960937500e+03
1.152582883834838867e+00,2.000001668930053711e-01,1.939825561523437500e+03
1.194231152534484863e+00,2.000001668930053711e-01,1.939780761718750000e+03
1.236967086791992188e+00,2.000001668930053711e-01,1.939736938476562500e+03
1.280765056610107422e+00,2.000001668930053711e-01,1.939694213867187500e+03
1.325598716735839844e+00,2.000001668930053711e-01,1.939652587890625000e+03
1.371440887451171875e+00,2.000001668930053711e-01,1.939612060546875000e+03
1.418263912200927734e+00,2.000001668930053711e-01,1.939572631835937500e+03
1.466039896011352539e+00,2.000001668930053711e-01,1.939534423828125000e+03
1.514739871025085449e+00,2.000001668930053711e-01,1.939497314453125000e+03
1.564334511756896973e+00,2.000001668930053711e-01,1.939461547851562500e+03
1.614793896675109863e+00,2.000001668930053711e-01,1.939426879882812500e+03
1.666087746620178223e+00,2.000001668930053711e-01,1.939393554687500000e+03
1.718184947967529297e+00,2.000001668930053711e-01,1.939361450195312500e+03
1.771054387092590332e+00,2.000001668930053711e-01,1.939330566406250000e+03
1.824664115905761719e+00,2.000001668930053711e-01,1.939301147460937500e+03
1.878981828689575195e+00,2.000001668930053711e-01,1.939272949218750000e+03
1.933974742889404297e+00,2.000001668930053711e-01,1.939246093750000000e+03
1.989609718322753906e+00,2.000001668930053711e-01,1.939220581054687500e+03
2.045853376388549805e+00,2.000001668930053711e-01,1.939196533203125000e+03
2.102671861648559570e+00,2.000001668930053711e-01,1.939173706054687500e+03
2.160030841827392578e+00,2.000001668930053711e-01,1.939152465820312500e+03
2.217895746231079102e+00,2.000001668930053711e-01,1.939132568359375000e+03
2.276231765747070312e+00,2.000001668930053711e-01,1.939114013671875000e+03
2.335003852844238281e+00,2.000001668930053711e-01,1.939097045898437500e+03
2.394176244735717773e+00,2.000001668930053711e-01,1.939081420898437500e+03
2.453713893890380859e+00,2.000001668930053711e-01,1.939067260742187500e+03
2.513580322265625000e+00,2.000001668930053711e-01,1.939054565429687500e+03
2.573740005493164062e+00,2.000001668930053711e-01,1.939043457031250000e+03
2.634156227111816406e+00,2.000001668930053711e-01,1.939033691406250000e+03
2.694792747497558594e+00,2.000001668930053711e-01,1.939025390625000000e+03
2.755613327026367188e+00,2.000001668930053711e-01,1.939018676757812500e+03
2.816581010818481445e+00,2.000001668930053711e-01,1.939013427734375000e+03
2.877659320831298828e+00,2.000001668930053711e-01,1.939009643554687500e+03
2.938811302185058594e+00,2.000001668930053711e-01,1.939007446289062500e+03
3.000000000000000000e+00,2.000001668930053711e-01,1.939006713867187500e+03
3.061188697814941406e+00,2.000001668930053711e-01,1.939007446289062500e+03
3.122340679168701172e+00,2.000001668930053711e-01,1.939009643554687500e+03
3.183418989181518555e+00,2.000001668930053711e-01,1.939013427734375000e+03
3.244386672973632812e+00,2.000001668930053711e-01,1.939018676757812500e+03
3.305207252502441406e+00,2.000001668930053711e-01,1.939025390625000000e+03
3.365843772888183594e+00,2.000001668930053711e-01,1.939033691406250000e+03
3.426259994506835938e+00,2.000001668930053711e-01,1.939043457031250000e+03
3.486419677734375000e+00,2.000001668930053711e-01,1.939054565429687500e+03
3.546286106109619141e+00,2.000001668930053711e-01,1.939067260742187500e+03
3.605823755264282227e+00,2.000001668930053711e-01,1.939081420898437500e+03
3.664996147155761719e+00,2.000001668930053711e-01,1.939097045898437500e+03
3.723768234252929688e+00,2.000001668930053711e-01,1.939114013671875000e+03
3.782104253768920898e+00,2.000001668930053711e-01,1.939132568359375000e+03
3.839969158172607422e+00,2.000001668930053711e-01,1.939152465820312500e+03
3.897328138351440430e+00,2.000001668930053711e-01,1.939173706054687500e+03
3.954146623611450195e+00,2.000001668930053711e-01,1.939196533203125000e+03
4.010390281677246094e+00,2.000001668930053711e-01,1.939220581054687500e+03
4.066025257110595703e+00,2.000001668930053711e-01,1.939246093750000000e+03
4.121018409729003906e+00,2.000001668930053711e-01,1.939272949218750000e+03
4.175335884094238281e+00,2.000001668930053711e-01,1.939301147460937500e+03
4.228945732116699219e+00,2.000001668930053711e-01,1.939330566406250000e+03
4.281815052032470703e+00,2.000001668930053711e-01,1.939361450195312500e+03
4.333912372589111328e+00,2.000001668930053711e-01,1.939393554687500000e+03
4.385206222534179688e+00,2.000001668930053711e-01,1.939426879882812500e+03
4.435665607452392578e+00,2.000001668930053711e-01,1.939461547851562500e+03
4.485260009765625000e+00,2.000001668930053711e-01,1.939497314453125000e+03
4.533960342407226562e+00,2.000001668930053711e-01,1.939534423828125000e+03
4.581736087799072266e+00,2.000001668930053711e-01,1.939572631835937500e+03
4.628559112548828125e+00,2.000001668930053711e-01,1.939612060546875000e+03
4.674401283264160156e+00,2.000001668930053711e-01,1.939652587890625000e+03
4.719234943389892578e+00,2.000001668930053711e-01,1.939694213867187500e+03
4.763032913208007812e+00,2.000001668930053711e-01,1.939736938476562500e+03
4.805768966674804688e+00,2.000001668930053711e-01,1.939780761718750000e+03
4.847416877746582031e+00,2.000001668930053711e-01,1.939825561523437500e+03
4.887952804565429688e+00,2.000001668930053711e-01,1.939871459960937500e+03
4.927350997924804688e+00,2.000001668930053711e-01,1.939918212890625000e+03
4.965588092803955078e+00,2.000001668930053711e-01,1.939966064453125000e+03
5.002641677856445312e+00,2.000001668930053711e-01,1.940014770507812500e+03
5.038488388061523438e+00,2.000001668930053711e-01,1.940064331054687500e+03
5.073107719421386719e+00,2.000001668930053711e-01,1.940114746093750000e+03
5.106477737426757812e+00,2.000001668930053711e-01,1.940166137695312500e+03
5.138579368591308594e+00,2.000001668930053711e-01,1.940218139648437500e+03
5.169392108917236328e+00,2.000001668930053711e-01,1.940270996093750000e+03
5.198898792266845703e+00,2.000001668930053711e-01,1.940324707031250000e+03
5.227080345153808594e+00,2.000001668930053711e-01,1.940379028320312500e+03
5.253921031951904297e+00,2.000001668930053711e-01,1.940433959960937500e+03
5.279403686523437500e+00,2.000001668930053711e-01,1.940489624023437500e+03
5.303513526916503906e+00,2.000001668930053711e-01,1.940545898437500000e+03
5.326235771179199219e+00,2.000001668930053711e-01,1.940602661132812500e+03
5.347556591033935547e+00,2.000001668930053711e-01,1.940660034179687500e+03
5.367463111877441406e+00,2.000001668930053711e-01,1.940717895507812500e+03
5.385944366455078125e+00,2.000001668930053711e-01,1.940776245117187500e+03
5.402987480163574219e+00,2.000001668930053711e-01,1.940834960937500000e+03
5.418583869934082031e+00,2.000001668930053711e-01,1.940894165039062500e+03
5.432723045349121094e+00,2.000001668930053711e-01,1.940953735351562500e+03
5.445396900177001953e+00,2.000001668930053711e-01,1.941013549804687500e+03
5.456597328186035156e+00,2.000001668930053711e-01,1.941073730468750000e+03
5.466319084167480469e+00,2.000001668930053711e-01,1.941134155273437500e+03
5.474554061889648438e+00,2.000001668930053711e-01,1.941194824218750000e+03
5.481299400329589844e+00,2.000001668930053711e-01,1.941255615234375000e+03
5.486549377441406250e+00,2.000001668930053711e-01,1.941316528320312500e+03
5.490302085876464844e+00,2.000001668930053711e-01,1.941377685546875000e+03
5.492554187774658203e+00,2.000001668930053711e-01,1.941438842773437500e+03
5.597165584564208984e+00,1.999999284744262695e-01,1.941500000000000000e+03
5.596383094787597656e+00,1.999999284744262695e-01,1.941563720703125000e+03
5.594037055969238281e+00,1.999999284744262695e-01,1.941627441406250000e+03
5.590127944946289062e+00,1.999999284744262695e-01,1.941691040039062500e+03
5.584659576416015625e+00,1.999999284744262695e-01,1.941754516601562500e+03
5.577633857727050781e+00,1.999999284744262695e-01,1.941817871093750000e+03
5.569055557250976562e+00,1.999999284744262695e-01,1.941881103515625000e+03
5.558928966522216797e+00,1.999999284744262695e-01,1.941943969726562500e+03
5.547261714935302734e+00,1.999999284744262695e-01,1.942006713867187500e+03
5.534059524536132812e+00,1.999999284744262695e-01,1.942069091796875000e+03
5.519331932067871094e+00,1.999999284744262695e-01,1.942131103515625000e+03
5.503086090087890625e+00,1.999999284744262695e-01,1.942192749023437500e+03
5.485332489013671875e+00,1.999999284744262695e-01,1.942253906250000000e+03
5.466081619262695312e+00,1.999999284744262695e-01,1.942314697265625000e+03
5.445345878601074219e+00,1.999999284744262695e-01,1.942375000000000000e+03
5.423136711120605469e+00,1.999999284744262695e-01,1.942434692382812500e+03
5.399467945098876953e+00,1.999999284744262695e-01,1.942493896484375000e+03
5.374354362487792969e+00,1.999999284744262695e-01,1.942552490234375000e+03
5.347809791564941406e+00,1.999999284744262695e-01,1.942610473632812500e+03
5.319851398468017578e+00,1.999999284744262695e-01,1.942667724609375000e+03
5.290495872497558594e+00,1.999999284744262695e-01,1.942724243164062500e+03
5.259759902954101562e+00,1.999999284744262695e-01,1.942780151367187500e+03
5.227663040161132812e+00,1.999999284744262695e-01,1.942835205078125000e+03
5.194224357604980469e+00,1.999999284744262695e-01,1.942889526367187500e+03
5.159464359283447266e+00,1.999999284744262695e-01,1.942942871093750000e+03
5.123403072357177734e+00,1.999999284744262695e-01,1.942995483398437500e+03
5.086062908172607422e+00,1.999999284744262695e-01,1.943047119140625000e+03
5.047466278076171875e+00,1.999999284744262695e-01,1.943097900390625000e+03
5.007636070251464844e+00,1.999999284744262695e-01,1.943147583007812500e+03
4.966596603393554688e+00,1.999999284744262695e-01,1.943196411132812500e+03
4.924372673034667969e+00,1.999999284744262695e-01,1.943244140625000000e+03
4.880989551544189453e+00,1.999999284744262695e-01,1.943290893554687500e+03
4.836473464965820312e+00,1.999999284744262695e-01,1.943336425781250000e+03
4.790851116180419922e+00,1.999999284744262695e-01,1.943380981445312500e+03
4.744149684906005859e+00,1.999999284744262695e-01,1.943424316406250000e+03
4.696397781372070312e+00,1.999999284744262695e-01,1.943466552734375000e+03
4.647624015808105469e+00,1.999999284744262695e-01,1.943507690429687500e+03
4.597858428955078125e+00,1.999999284744262695e-01,1.943547485351562500e+03
4.547129631042480469e+00,1.999999284744262695e-01,1.943586059570312500e+03
4.495469093322753906e+00,1.999999284744262695e-01,1.943623413085937500e+03
4.442907810211181641e+00,1.999999284744262695e-01,1.943659423828125000e+03
4.389477252960205078e+00,1.999999284744262695e-01,1.943694213867187500e+03
4.335209846496582031e+00,1.999999284744262695e-01,1.943727661132812500e+03
4.280138015747070312e+00,1.999999284744262695e-01,1.943759765625000000e+03
4.224295616149902344e+00,1.999999284744262695e-01,1.943790527343750000e+03
4.167715072631835938e+00,1.999999284744262695e-01,1.943819824218750000e+03
4.110431194305419922e+00,1.999999284744262695e-01,1.943847778320312500e+03
4.052478790283203125e+00,1.999999284744262695e-01,1.943874389648437500e+03
3.993892192840576172e+00,1.999999284744262695e-01,1.943899414062500000e+03
3.934706926345825195e+00,1.999999284744262695e-01,1.943923095703125000e+03
3.874958753585815430e+00,1.999999284744262695e-01,1.943945312500000000e+03
3.814683437347412109e+00,1.999999284744262695e-01,1.943966064453125000e+03
3.753917217254638672e+00,1.999999284744262695e-01,1.943985351562500000e+03
3.692697048187255859e+00,1.999999284744262695e-01,1.944003051757812500e+03
3.631059646606445312e+00,1.999999284744262695e-01,1.944019287109375000e+03
3.569042205810546875e+00,1.999999284744262695e-01,1.944034057617187500e+03
3.506681919097900391e+00,1.999999284744262695e-01,1.944047241210937500e+03
3.444016218185424805e+00,1.999999284744262695e-01,1.944058959960937500e+03
3.381083250045776367e+00,1.999999284744262695e-01,1.944069091796875000e+03
3.317920684814453125e+00,1.999999284744262695e-01,1.944077636718750000e+03
3.254566669464111328e+00,1.999999284744262695e-01,1.944084716796875000e+03
3.191059350967407227e+00,1.999999284744262695e-01,1.944090087890625000e+03
3.127436876296997070e+00,1.999999284744262695e-01,1.944093994140625000e+03
3.063737630844116211e+00,1.999999284744262695e-01,1.944096435546875000e+03
3.000000000000000000e+00,1.999999284744262695e-01,1.944097167968750000e+03
2.936262369155883789e+00,1.999999284744262695e-01,1.944096435546875000e+03
2.872563123703002930e+00,1.999999284744262695e-01,1.944093994140625000e+03
2.808940649032592773e+00,1.999999284744262695e-01,1.944090087890625000e+03
2.745433330535888672e+00,1.999999284744262695e-01,1.944084716796875000e+03
2.682079315185546875e+00,1.999999284744262695e-01,1.944077636718750000e+03
2.618916749954223633e+00,1.999999284744262695e-01,1.944069091796875000e+03
2.555983781814575195e+00,1.999999284744262695e-01,1.944058959960937500e+03
2.493318080902099609e+00,1.999999284744262695e-01,1.944047241210937500e+03
2.430957794189453125e+00,1.999999284744262695e-01,1.944034057617187500e+03
2.368940353393554688e+00,1.999999284744262695e-01,1.944019287109375000e+03
2.307302951812744141e+00,1.999999284744262695e-01,1.944003051757812500e+03
2.246082782745361328e+00,1.999999284744262695e-01,1.943985351562500000e+03
2.185316562652587891e+00,1.999999284744262695e-01,1.943966064453125000e+03
2.125041246414184570e+00,1.999999284744262695e-01,1.943945312500000000e+03
2.065293073654174805e+00,1.999999284744262695e-01,1.943923095703125000e+03
2.006107807159423828e+00,1.999999284744262695e-01,1.943899414062500000e+03
1.947521209716796875e+00,1.999999284744262695e-01,1.943874389648437500e+03
1.889568686485290527e+00,1.999999284744262695e-01,1.943847778320312500e+03
1.832284927368164062e+00,1.999999284744262695e-01,1.943819824218750000e+03
1.775704622268676758e+00,1.999999284744262695e-01,1.943790527343750000e+03
1.719861865043640137e+00,1.999999284744262695e-01,1.943759765625000000e+03
1.664790034294128418e+00,1.999999284744262695e-01,1.943727661132812500e+03
1.610522627830505371e+00,1.999999284744262695e-01,1.943694213867187500e+03
1.557092189788818359e+00,1.999999284744262695e-01,1.943659423828125000e+03
1.504530906677246094e+00,1.999999284744262695e-01,1.943623413085937500e+03
1.452870368957519531e+00,1.999999284744262695e-01,1.943586059570312500e+03
1.402141690254211426e+00,1.999999284744262695e-01,1.943547485351562500e+03
1.352375745773315430e+00,1.999999284744262695e-01,1.943507690429687500e+03
1.303601980209350586e+00,1.999999284744262695e-01,1.943466552734375000e+03
1.255850195884704590e+00,1.999999284744262695e-01,1.943424316406250000e+03
1.209149003028869629e+00,1.999999284744262695e-01,1.943380981445312500e+03
1.163526535034179688e+00,1.999999284744262695e-01,1.943336425781250000e+03
1.119010448455810547e+00,1.999999284744262695e-01,1.943290893554687500e+03
1.075627207756042480e+00,1.999999284744262695e-01,1.943244140625000000e+03
1.033403277397155762e+00,1.999999284744262695e-01,1.943196411132812500e+03
9.923639297485351562e-01,1.999999284744262695e-01,1.943147583007812500e+03
9.525337219238281250e-01,1.999999284744262695e-01,1.943097900390625000e+03
9.139370918273925781e-01,1.999999284744262695e-01,1.943047119140625000e+03
8.765969276428222656e-01,1.999999284744262695e-01,1.942995483398437500e+03
8.405356407165527344e-01,1.999999284744262695e-01,1.942942871093750000e+03
8.057754039764404297e-01,1.999999284744262695e-01,1.942889526367187500e+03
7.723367214202880859e-01,1.999999284744262695e-01,1.942835205078125000e+03
7.402400970458984375e-01,1.999999284744262695e-01,1.942780151367187500e+03
7.095043659210205078e-01,1.999999284744262695e-01,1.942724243164062500e+03
6.801486015319824219e-01,1.999999284744262695e-01,1.942667724609375000e+03
6.521902084350585938e-01,1.999999284744262695e-01,1.942610473632812500e+03
6.256458759307861328e-01,1.999999284744262695e-01,1.942552490234375000e+03
6.005320549011230469e-01,1.999999284744262695e-01,1.942493896484375000e+03
5.768632888793945312e-01,1.999999284744262695e-01,1.942434692382812500e+03
5.546543598175048828e-01,1.999999284744262695e-01,1.942375000000000000e+03
5.339181423187255859e-01,1.999999284744262695e-01,1.942314697265625000e+03
5.146675109863281250e-01,1.999999284744262695e-01,1.942253906250000000e+03
4.969141483306884766e-01,1.999999284744262695e-01,1.942192749023437500e+03
4.806683063507080078e-01,1.999999284744262695e-01,1.942131103515625000e+03
4.659402370452880859e-01,1.999999284744262695e-01,1.942069091796875000e+03
4.527382850646972656e-01,1.999999284744262695e-01,1.942006713867187500e+03
4.410710334777832031e-01,1.999999284744262695e-01,1.941943969726562500e+03
4.309446811676025391e-01,1.999999284744262695e-01,1.941881103515625000e+03
4.223663806915283203e-01,1.999999284744262695e-01,1.941817871093750000e+03
4.153406620025634766e-01,1.999999284744262695e-01,1.941754516601562500e+03
4.098718166351318359e-01,1.999999284744262695e-01,1.941691040039062500e+03
4.059629440307617188e-01,1.999999284744262695e-01,1.941627441406250000e+03
4.036166667938232422e-01,1.999999284744262695e-01,1.941563720703125000e+03
4.028344154357910156e-01,1.999999284744262695e-01,1.941500000000000000e+03
4.036166667938232422e-01,1.999999284744262695e-01,1.941436279296875000e+03
4.059629440307617188e-01,1.999999284744262695e-01,1.941372558593750000e+03
4.098718166351318359e-01,1.999999284744262695e-01,1.941308959960937500e+03
4.153406620025634766e-01,1.999999284744262695e-01,1.941245483398437500e+03
4.223663806915283203e-01,1.999999284744262695e-01,1.941182128906250000e+03
4.309446811676025391e-01,1.999999284744262695e-01,1.941118896484375000e+03
4.410710334777832031e-01,1.999999284744262695e-01,1.941056030273437500e+03
4.527382850646972656e-01,1.999999284744262695e-01,1.940993286132812500e+03
4.659402370452880859e-01,1.999999284744262695e-01,1.940930908203125000e+03
4.806683063507080078e-01,1.999999284744262695e-01,1.940868896484375000e+03
4.969141483306884766e-01,1.999999284744262695e-01,1.940807250976562500e+03
5.146675109863281250e-01,1.999999284744262695e-01,1.940746093750000000e+03
5.339181423187255859e-01,1.999999284744262695e-01,1.940685302734375000e+03
5.546543598175048828e-01,1.999999284744262695e-01,1.940625000000000000e+03
5.768632888793945312e-01,1.999999284744262695e-01,1.940565307617187500e+03
6.005320549011230469e-01,1.999999284744262695e-01,1.940506103515625000e+03
6.256458759307861328e-01,1.999999284744262695e-01,1.940447509765625000e+03
6.521902084350585938e-01,1.999999284744262695e-01,1.940389526367187500e+03
6.801486015319824219e-01,1.999999284744262695e-01,1.940332275390625000e+03
7.095043659210205078e-01,1.999999284744262695e-01,1.940275756835937500e+03
7.402400970458984375e-01,1.999999284744262695e-01,1.940219848632812500e+03
7.723367214202880859e-01,1.999999284744262695e-01,1.940164794921875000e+03
8.057754039764404297e-01,1.999999284744262695e-01,1.940110473632812500e+03
8.405356407165527344e-01,1.999999284744262695e-01,1.940057128906250000e+03
8.765969276428222656e-01,1.999999284744262695e-01,1.940004516601562500e+03
9.139370918273925781e-01,1.999999284744262695e-01,1.939952880859375000e+03
9.525337219238281250e-01,1.999999284744262695e-01,1.939902099609375000e+03
9.923639297485351562e-01,1.999999284744262695e-01,1.939852416992187500e+03
1.033403277397155762e+00,1.999999284744262695e-01,1.939803588867187500e+03
1.075627207756042480e+00,1.999999284744262695e-01,1.939755859375000000e+03
1.119010448455810547e+00,1.999999284744262695e-01,1.939709106445312500e+03
1.163526535034179688e+00,1.999999284744262695e-01,1.939663574218750000e+03
1.209149003028869629e+00,1.999999284744262695e-01,1.939619018554687500e+03
1.255850195884704590e+00,1.999999284744262695e-01,1.939575683593750000e+03
1.303601980209350586e+00,1.999999284744262695e-01,1.939533447265625000e+03
1.352375745773315430e+00,1.999999284744262695e-01,1.939492309570312500e+03
1.402141690254211426e+00,1.999999284744262695e-01,1.939452514648437500e+03
1.452870368957519531e+00,1.999999284744262695e-01,1.939413940429687500e+03
1.504530906677246094e+00,1.999999284744262695e-01,1.939376586914062500e+03
1.557092189788818359e+00,1.999999284744262695e-01,1.939340576171875000e+03
1.610522627830505371e+00,1.999999284744262695e-01,1.939305786132812500e+03
1.664790034294128418e+00,1.999999284744262695e-01,1.939272338867187500e+03
1.719861865043640137e+00,1.999999284744262695e-01,1.939240234375000000e+03
1.775704622268676758e+00,1.999999284744262695e-01,1.939209472656250000e+03
1.832284927368164062e+00,1.999999284744262695e-01,1.939180175781250000e+03
1.889568686485290527e+00,1.999999284744262695e-01,1.939152221679687500e+03
1.947521209716796875e+00,1.999999284744262695e-01,1.939125610351562500e+03
2.006107807159423828e+00,1.999999284744262695e-01,1.939100585937500000e+03
2.065293073654174805e+00,1.999999284744262695e-01,1.939076904296875000e+03
2.125041246414184570e+00,1.999999284744262695e-01,1.939054687500000000e+03
2.185316562652587891e+00,1.999999284744262695e-01,1.939033935546875000e+03
2.246082782745361328e+00,1.999999284744262695e-01,1.939014648437500000e+03
2.307302951812744141e+00,1.999999284744262695e-01,1.938996948242187500e+03
2.368940353393554688e+00,1.999999284744262695e-01,1.938980712890625000e+03
2.430957794189453125e+00,1.999999284744262695e-01,1.938965942382812500e+03
2.493318080902099609e+00,1.999999284744262695e-01,1.938952758789062500e+03
2.555983781814575195e+00,1.999999284744262695e-01,1.938941040039062500e+03
2.618916749954223633e+00,1.999999284744262695e-01,1.938930908203125000e+03
2.682079315185546875e+00,1.999999284744262695e-01,1.938922363281250000e+03
2.745433330535888672e+00,1.999999284744262695e-01,1.938915283203125000e+03
2.808940649032592773e+00,1.999999284744262695e-01,1.938909912109375000e+03
2.872563123703002930e+00,1.999999284744262695e-01,1.938906005859375000e+03
2.936262369155883789e+00,1.999999284744262695e-01,1.938903564453125000e+03
3.000000000000000000e+00,1.999999284744262695e-01,1.938902832031250000e+03
3.063737630844116211e+00,1.999999284744262695e-01,1.938903564453125000e+03
3.127436876296997070e+00,1.999999284744262695e-01,1.938906005859375000e+03
3.191059350967407227e+00,1.999999284744262695e-01,1.938909912109375000e+03
3.254566669464111328e+00,1.999999284744262695e-01,1.938915283203125000e+03
3.317920684814453125e+00,1.999999284744262695e-01,1.938922363281250000e+03
3.381083250045776367e+00,1.999999284744262695e-01,1.938930908203125000e+03
3.444016218185424805e+00,1.999999284744262695e-01,1.938941040039062500e+03
3.506681919097900391e+00,1.999999284744262695e-01,1.938952758789062500e+03
3.569042205810546875e+00,1.999999284744262695e-01,1.938965942382812500e+03
3.631059646606445312e+00,1.999999284744262695e-01,1.938980712890625000e+03
3.692697048187255859e+00,1.999999284744262695e-01,1.938996948242187500e+03
3.753917217254638672e+00,1.999999284744262695e-01,1.939014648437500000e+03
3.814683437347412109e+00,1.999999284744262695e-01,1.939033935546875000e+03
3.874958753585815430e+00,1.999999284744262695e-01,1.939054687500000000e+03
3.934706926345825195e+00,1.999999284744262695e-01,1.939076904296875000e+03
3.993892192840576172e+00,1.999999284744262695e-01,1.939100585937500000e+03
4.052478790283203125e+00,1.999999284744262695e-01,1.939125610351562500e+03
4.110431194305419922e+00,1.999999284744262695e-01,1.939152221679687500e+03
4.167715072631835938e+00,1.999999284744262695e-01,1.939180175781250000e+03
4.224295616149902344e+00,1.999999284744262695e-01,1.939209472656250000e+03
4.280138015747070312e+00,1.999999284744262695e-01,1.939240234375000000e+03
4.335209846496582031e+00,1.999999284744262695e-01,1.939272338867187500e+03
4.389477252960205078e+00,1.999999284744262695e-01,1.939305786132812500e+03
4.442907810211181641e+00,1.999999284744262695e-01,1.939340576171875000e+03
4.495469093322753906e+00,1.999999284744262695e-01,1.939376586914062500e+03
4.547129631042480469e+00,1.999999284744262695e-01,1.939413940429687500e+03
4.597858428955078125e+00,1.999999284744262695e-01,1.939452514648437500e+03
4.647624015808105469e+00,1.999999284744262695e-01,1.939492309570312500e+03
4.696397781372070312e+00,1.999999284744262695e-01,1.939533447265625000e+03
4.744149684906005859e+00,1.999999284744262695e-01,1.939575683593750000e+03
4.790851116180419922e+00,1.999999284744262695e-01,1.939619018554687500e+03
4.836473464965820312e+00,1.999999284744262695e-01,1.939663574218750000e+03
4.880989551544189453e+00,1.999999284744262695e-01,1.939709106445312500e+03
4.924372673034667969e+00,1.999999284744262695e-01,1.939755859375000000e+03
4.966596603393554688e+00,1.999999284744262695e-01,1.939803588867187500e+03
5.007636070251464844e+00,1.999999284744262695e-01,1.939852416992187500e+03
5.047466278076171875e+00,1.999999284744262695e-01,1.939902099609375000e+03
5.086062908172607422e+00,1.999999284744262695e-01,1.939952880859375000e+03
5.123403072357177734e+00,1.999999284744262695e-01,1.940004516601562500e+03
5.159464359283447266e+00,1.999999284744262695e-01,1.940057128906250000e+03
5.194224357604980469e+00,1.999999284744262695e-01,1.940110473632812500e+03
5.227663040161132812e+00,1.999999284744262695e-01,1.940164794921875000e+03
5.259759902954101562e+00,1.999999284744262695e-01,1.940219848632812500e+03
5.290495872497558594e+00,1.999999284744262695e-01,1.940275756835937500e+03
5.319851398468017578e+00,1.999999284744262695e-01,1.940332275390625000e+03
5.347809791564941406e+00,1.999999284744262695e-01,1.940389526367187500e+03
5.374354362487792969e+00,1.999999284744262695e-01,1.940447509765625000e+03
5.399467945098876953e+00,1.999999284744262695e-01,1.940506103515625000e+03
5.423136711120605469e+00,1.999999284744262695e-01,1.940565307617187500e+03
5.445345878601074219e+00,1.999999284744262695e-01,1.940625000000000000e+03
5.466081619262695312e+00,1.999999284744262695e-01,1.940685302734375000e+03
5.485332489013671875e+00,1.999999284744262695e-01,1.940746093750000000e+03
5.503086090087890625e+00,1.999999284744262695e-01,1.940807250976562500e+03
5.519331932067871094e+00,1.999999284744262695e-01,1.940868896484375000e+03
5.534059524536132812e+00,1.999999284744262695e-01,1.940930908203125000e+03
5.547261714935302734e+00,1.999999284744262695e-01,1.940993286132812500e+03
5.558928966522216797e+00,1.999999284744262695e-01,1.941056030273437500e+03
5.569055557250976562e+00,1.999999284744262695e-01,1.941118896484375000e+03
5.577633857727050781e+00,1.999999284744262695e-01,1.941182128906250000e+03
5.584659576416015625e+00,1.999999284744262695e-01,1.941245483398437500e+03
5.590127944946289062e+00,1.999999284744262695e-01,1.941308959960937500e+03
5.594037055969238281e+00,1.999999284744262695e-01,1.941372558593750000e+03
5.596383094787597656e+00,1.999999284744262695e-01,1.941436279296875000e+03
5.706957340240478516e+00,2.000000476837158203e-01,1.941500000000000000e+03
5.706141948699951172e+00,2.000000476837158203e-01,1.941566406250000000e+03
5.703696727752685547e+00,2.000000476837158203e-01,1.941632812500000000e+03
5.699622631072998047e+00,2.000000476837158203e-01,1.941699096679687500e+03
5.693922519683837891e+00,2.000000476837158203e-01,1.941765380859375000e+03
5.686599731445312500e+00,2.000000476837158203e-01,1.941831420898437500e+03
5.677658557891845703e+00,2.000000476837158203e-01,1.941897216796875000e+03
5.667104721069335938e+00,2.000000476837158203e-01,1.941962768554687500e+03
5.654943943023681641e+00,2.000000476837158203e-01,1.942028076171875000e+03
5.641183853149414062e+00,2.000000476837158203e-01,1.942093139648437500e+03
5.625833511352539062e+00,2.000000476837158203e-01,1.942157714843750000e+03
5.608901023864746094e+00,2.000000476837158203e-01,1.942221923828125000e+03
5.590396881103515625e+00,2.000000476837158203e-01,1.942285766601562500e+03
5.570332527160644531e+00,2.000000476837158203e-01,1.942349121093750000e+03
5.548719406127929688e+00,2.000000476837158203e-01,1.942411987304687500e+03
5.525571823120117188e+00,2.000000476837158203e-01,1.942474243164062500e+03
5.500902175903320312e+00,2.000000476837158203e-01,1.942535888671875000e+03
5.474726676940917969e+00,2.000000476837158203e-01,1.942596923828125000e+03
5.447060585021972656e+00,2.000000476837158203e-01,1.942657348632812500e+03
5.417920112609863281e+00,2.000000476837158203e-01,1.942717041015625000e+03
5.387323379516601562e+00,2.000000476837158203e-01,1.942776000976562500e+03
5.355288505554199219e+00,2.000000476837158203e-01,1.942834228515625000e+03
5.321834564208984375e+00,2.000000476837158203e-01,1.942891601562500000e+03
5.286982536315917969e+00,2.000000476837158203e-01,1.942948242187500000e+03
5.250752449035644531e+00,2.000000476837158203e-01,1.943003906250000000e+03
5.213167190551757812e+00,2.000000476837158203e-01,1.943058715820312500e+03
5.174248695373535156e+00,2.000000476837158203e-01,1.943112548828125000e+03
5.134019851684570312e+00,2.000000476837158203e-01,1.943165405273437500e+03
5.092506408691406250e+00,2.000000476837158203e-01,1.943217285156250000e+03
5.049732208251953125e+00,2.000000476837158203e-01,1.943268066406250000e+03
5.005722999572753906e+00,2.000000476837158203e-01,1.943317871093750000e+03
4.960505962371826172e+00,2.000000476837158203e-01,1.943366577148437500e+03
4.914107799530029297e+00,2.000000476837158203e-01,1.943414062500000000e+03
4.866556644439697266e+00,2.000000476837158203e-01,1.943460449218750000e+03
4.817881584167480469e+00,2.000000476837158203e-01,1.943505737304687500e+03
4.768111228942871094e+00,2.000000476837158203e-01,1.943549682617187500e+03
4.717275619506835938e+00,2.000000476837158203e-01,1.943592529296875000e+03
4.665405750274658203e+00,2.000000476837158203e-01,1.943634033203125000e+03
4.612532615661621094e+00,2.000000476837158203e-01,1.943674194335937500e+03
4.558688163757324219e+00,2.000000476837158203e-01,1.943713134765625000e+03
4.503904819488525391e+00,2.000000476837158203e-01,1.943750732421875000e+03
4.448215484619140625e+00,2.000000476837158203e-01,1.943786987304687500e+03
4.391654014587402344e+00,2.000000476837158203e-01,1.943821777343750000e+03
4.334254264831542969e+00,2.000000476837158203e-01,1.943855346679687500e+03
4.276051044464111328e+00,2.000000476837158203e-01,1.943887329101562500e+03
4.217078685760498047e+00,2.000000476837158203e-01,1.943917968750000000e+03
4.157373428344726562e+00,2.000000476837158203e-01,1.943947021484375000e+03
4.096971035003662109e+00,2.000000476837158203e-01,1.943974731445312500e+03
4.035907745361328125e+00,2.000000476837158203e-01,1.944000854492187500e+03
3.974220514297485352e+00,2.000000476837158203e-01,1.944025512695312500e+03
3.911946535110473633e+00,2.000000476837158203e-01,1.944048706054687500e+03
3.849123001098632812e+00,2.000000476837158203e-01,1.944070312500000000e+03
3.785788297653198242e+00,2.000000476837158203e-01,1.944090454101562500e+03
3.721980094909667969e+00,2.000000476837158203e-01,1.944108886718750000e+03
3.657737016677856445e+00,2.000000476837158203e-01,1.944125854492187500e+03
3.593097686767578125e+00,2.000000476837158203e-01,1.944141235351562500e+03
3.528101205825805664e+00,2.000000476837158203e-01,1.944154907226562500e+03
3.462786436080932617e+00,2.000000476837158203e-01,1.944167114257812500e+03
3.397193193435668945e+00,2.000000476837158203e-01,1.944177612304687500e+03
3.331360340118408203e+00,2.000000476837158203e-01,1.944186645507812500e+03
3.265328168869018555e+00,2.000000476837158203e-01,1.944193969726562500e+03
3.199136018753051758e+00,2.000000476837158203e-01,1.944199584960937500e+03
3.132824182510375977e+00,2.000000476837158203e-01,1.944203735351562500e+03
3.066431999206542969e+00,2.000000476837158203e-01,1.944206176757812500e+03
3.000000000000000000e+00,2.000000476837158203e-01,1.944206909179687500e+03
2.933568000793457031e+00,2.000000476837158203e-01,1.944206176757812500e+03
2.867175817489624023e+00,2.000000476837158203e-01,1.944203735351562500e+03
2.800863981246948242e+00,2.000000476837158203e-01,1.944199584960937500e+03
2.734671831130981445e+00,2.000000476837158203e-01,1.944193969726562500e+03
2.668639659881591797e+00,2.000000476837158203e-01,1.944186645507812500e+03
2.602806806564331055e+00,2.000000476837158203e-01,1.944177612304687500e+03
2.537213563919067383e+00,2.000000476837158203e-01,1.944167114257812500e+03
2.471898794174194336e+00,2.000000476837158203e-01,1.944154907226562500e+03
2.406902313232421875e+00,2.000000476837158203e-01,1.944141235351562500e+03
2.342262983322143555e+00,2.000000476837158203e-01,1.944125854492187500e+03
2.278019905090332031e+00,2.000000476837158203e-01,1.944108886718750000e+03
2.214211702346801758e+00,2.000000476837158203e-01,1.944090454101562500e+03
2.150876998901367188e+00,2.000000476837158203e-01,1.944070312500000000e+03
2.088053464889526367e+00,2.000000476837158203e-01,1.944048706054687500e+03
2.025779485702514648e+00,2.000000476837158203e-01,1.944025512695312500e+03
1.964092254638671875e+00,2.000000476837158203e-01,1.944000854492187500e+03
1.903028964996337891e+00,2.000000476837158203e-01,1.943974731445312500e+03
1.842626571655273438e+00,2.000000476837158203e-01,1.943947021484375000e+03
1.782921314239501953e+00,2.000000476837158203e-01,1.943917968750000000e+03
1.723949074745178223e+00,2.000000476837158203e-01,1.943887329101562500e+03
1.665745615959167480e+00,2.000000476837158203e-01,1.943855346679687500e+03
1.608345866203308105e+00,2.000000476837158203e-01,1.943821777343750000e+03
1.551784276962280273e+00,2.000000476837158203e-01,1.943786987304687500e+03
1.496095061302185059e+00,2.000000476837158203e-01,1.943750732421875000e+03
1.441311717033386230e+00,2.000000476837158203e-01,1.943713134765625000e+03
1.387467384338378906e+00,2.000000476837158203e-01,1.943674194335937500e+03
1.334594368934631348e+00,2.000000476837158203e-01,1.943634033203125000e+03
1.282724380493164062e+00,2.000000476837158203e-01,1.943592529296875000e+03
1.231889009475708008e+00,2.000000476837158203e-01,1.943549682617187500e+03
1.182118535041809082e+00,2.000000476837158203e-01,1.943505737304687500e+03
1.133443236351013184e+00,2.000000476837158203e-01,1.943460449218750000e+03
1.085892081260681152e+00,2.000000476837158203e-01,1.943414062500000000e+03
1.039494037628173828e+00,2.000000476837158203e-01,1.943366577148437500e+03
9.942770004272460938e-01,2.000000476837158203e-01,1.943317871093750000e+03
9.502680301666259766e-01,2.000000476837158203e-01,1.943268066406250000e+03
9.074935913085937500e-01,2.000000476837158203e-01,1.943217285156250000e+03
8.659799098968505859e-01,2.000000476837158203e-01,1.943165405273437500e+03
8.257513046264648438e-01,2.000000476837158203e-01,1.943112548828125000e+03
7.868328094482421875e-01,2.000000476837158203e-01,1.943058715820312500e+03
7.492473125457763672e-01,2.000000476837158203e-01,1.943003906250000000e+03
7.130174636840820312e-01,2.000000476837158203e-01,1.942948242187500000e+03
6.781651973724365234e-01,2.000000476837158203e-01,1.942891601562500000e+03
6.447117328643798828e-01,2.000000476837158203e-01,1.942834228515625000e+03
6.126768589019775391e-01,2.000000476837158203e-01,1.942776000976562500e+03
5.820798873901367188e-01,2.000000476837158203e-01,1.942717041015625000e+03
5.529396533966064453e-01,2.000000476837158203e-01,1.942657348632812500e+03
5.252733230590820312e-01,2.000000476837158203e-01,1.942596923828125000e+03
4.990975856781005859e-01,2.000000476837158203e-01,1.942535888671875000e+03
4.744284152984619141e-01,2.000000476837158203e-01,1.942474243164062500e+03
4.512803554534912109e-01,2.000000476837158203e-01,1.942411987304687500e+03
4.296677112579345703e-01,2.000000476837158203e-01,1.942349121093750000e+03
4.096033573150634766e-01,2.000000476837158203e-01,1.942285766601562500e+03
3.910992145538330078e-01,2.000000476837158203e-01,1.942221923828125000e+03
3.741667270660400391e-01,2.000000476837158203e-01,1.942157714843750000e+03
3.588159084320068359e-01,2.000000476837158203e-01,1.942093139648437500e+03
3.450560569763183594e-01,2.000000476837158203e-01,1.942028076171875000e+03
3.328955173492431641e-01,2.000000476837158203e-01,1.941962768554687500e+03
3.223414421081542969e-01,2.000000476837158203e-01,1.941897216796875000e+03
3.134002685546875000e-01,2.000000476837158203e-01,1.941831420898437500e+03
3.060774803161621094e-01,2.000000476837158203e-01,1.941765380859375000e+03
3.003773689270019531e-01,2.000000476837158203e-01,1.941699096679687500e+03
2.963032722473144531e-01,2.000000476837158203e-01,1.941632812500000000e+03
2.938580513000488281e-01,2.000000476837158203e-01,1.941566406250000000e+03
2.930426597595214844e-01,2.000000476837158203e-01,1.941500000000000000e+03
2.938580513000488281e-01,2.000000476837158203e-01,1.941433593750000000e+03
2.963032722473144531e-01,2.000000476837158203e-01,1.941367187500000000e+03
3.003773689270019531e-01,2.000000476837158203e-01,1.941300903320312500e+03
3.060774803161621094e-01,2.000000476837158203e-01,1.941234619140625000e+03
3.134002685546875000e-01,2.000000476837158203e-01,1.941168579101562500e+03
3.223414421081542969e-01,2.000000476837158203e-01,1.941102783203125000e+03
3.328955173492431641e-01,2.000000476837158203e-01,1.941037231445312500e+03
3.450560569763183594e-01,2.000000476837158203e-01,1.940971923828125000e+03
3.588159084320068359e-01,2.000000476837158203e-01,1.940906860351562500e+03
3.741667270660400391e-01,2.000000476837158203e-01,1.940842285156250000e+03
3.910992145538330078e-01,2.000000476837158203e-01,1.940778076171875000e+03
4.096033573150634766e-01,2.000000476837158203e-01,1.940714233398437500e+03
4.296677112579345703e-01,2.000000476837158203e-01,1.940650878906250000e+03
4.512803554534912109e-01,2.000000476837158203e-01,1.940588012695312500e+03
4.744284152984619141e-01,2.000000476837158203e-01,1.940525756835937500e+03
4.990975856781005859e-01,2.000000476837158203e-01,1.940464111328125000e+03
5.252733230590820312e-01,2.000000476837158203e-01,1.940403076171875000e+03
5.529396533966064453e-01,2.000000476837158203e-01,1.940342651367187500e+03
5.820798873901367188e-01,2.000000476837158203e-01,1.940282958984375000e+03
6.126768589019775391e-01,2.000000476837158203e-01,1.940223999023437500e+03
6.447117328643798828e-01,2.000000476837158203e-01,1.940165771484375000e+03
6.781651973724365234e-01,2.000000476837158203e-01,1.940108398437500000e+03
7.130174636840820312e-01,2.000000476837158203e-01,1.940051757812500000e+03
7.492473125457763672e-01,2.000000476837158203e-01,1.939996093750000000e+03
7.868328094482421875e-01,2.000000476837158203e-01,1.939941284179687500e+03
8.257513046264648438e-01,2.000000476837158203e-01,1.939887451171875000e+03
8.659799098968505859e-01,2.000000476837158203e-01,1.939834594726562500e+03
9.074935913085937500e-01,2.000000476837158203e-01,1.939782714843750000e+03
9.502680301666259766e-01,2.000000476837158203e-01,1.939731933593750000e+03
9.942770004272460938e-01,2.000000476837158203e-01,1.939682128906250000e+03
1.039494037628173828e+00,2.000000476837158203e-01,1.939633422851562500e+03
1.085892081260681152e+00,2.000000476837158203e-01,1.939585937500000000e+03
1.133443236351013184e+00,2.000000476837158203e-01,1.939539550781250000e+03
1.182118535041809082e+00,2.000000476837158203e-01,1.939494262695312500e+03
1.231889009475708008e+00,2.000000476837158203e-01,1.939450317382812500e+03
1.282724380493164062e+00,2.000000476837158203e-01,1.939407470703125000e+03
1.334594368934631348e+00,2.000000476837158203e-01,1.939365966796875000e+03
1.387467384338378906e+00,2.000000476837158203e-01,1.939325805664062500e+03
1.441311717033386230e+00,2.000000476837158203e-01,1.939286865234375000e+03
1.496095061302185059e+00,2.000000476837158203e-01,1.939249267578125000e+03
1.551784276962280273e+00,2.000000476837158203e-01,1.939213012695312500e+03
1.608345866203308105e+00,2.000000476837158203e-01,1.939178222656250000e+03
1.665745615959167480e+00,2.000000476837158203e-01,1.939144653320312500e+03
1.723949074745178223e+00,2.000000476837158203e-01,1.939112670898437500e+03
1.782921314239501953e+00,2.000000476837158203e-01,1.939082031250000000e+03
1.842626571655273438e+00,2.000000476837158203e-01,1.939052978515625000e+03
1.903028964996337891e+00,2.000000476837158203e-01,1.939025268554687500e+03
1.964092254638671875e+00,2.000000476837158203e-01,1.938999145507812500e+03
2.025779485702514648e+00,2.000000476837158203e-01,1.938974487304687500e+03
2.088053464889526367e+00,2.000000476837158203e-01,1.938951293945312500e+03
2.150876998901367188e+00,2.000000476837158203e-01,1.938929687500000000e+03
2.214211702346801758e+00,2.000000476837158203e-01,1.938909545898437500e+03
2.278019905090332031e+00,2.000000476837158203e-01,1.938891113281250000e+03
2.342262983322143555e+00,2.000000476837158203e-01,1.938874145507812500e+03
2.406902313232421875e+00,2.000000476837158203e-01,1.938858764648437500e+03
2.471898794174194336e+00,2.000000476837158203e-01,1.938845092773437500e+03
2.537213563919067383e+00,2.000000476837158203e-01,1.938832885742187500e+03
2.602806806564331055e+00,2.000000476837158203e-01,1.938822387695312500e+03
2.668639659881591797e+00,2.000000476837158203e-01,1.938813354492187500e+03
2.734671831130981445e+00,2.000000476837158203e-01,1.938806030273437500e+03
2.800863981246948242e+00,2.000000476837158203e-01,1.938800415039062500e+03
2.867175817489624023e+00,2.000000476837158203e-01,1.938796264648437500e+03
2.933568000793457031e+00,2.000000476837158203e-01,1.938793823242187500e+03
3.000000000000000000e+00,2.000000476837158203e-01,1.938793090820312500e+03
3.066431999206542969e+00,2.000000476837158203e-01,1.938793823242187500e+03
3.132824182510375977e+00,2.000000476837158203e-01,1.938796264648437500e+03
3.199136018753051758e+00,2.000000476837158203e-01,1.938800415039062500e+03
3.265328168869018555e+00,2.000000476837158203e-01,1.938806030273437500e+03
3.331360340118408203e+00,2.000000476837158203e-01,1.938813354492187500e+03
3.397193193435668945e+00,2.000000476837158203e-01,1.938822387695312500e+03
3.462786436080932617e+00,2.000000476837158203e-01,1.938832885742187500e+03
3.528101205825805664e+00,2.000000476837158203e-01,1.938845092773437500e+03
3.593097686767578125e+00,2.000000476837158203e-01,1.938858764648437500e+03
3.657737016677856445e+00,2.000000476837158203e-01,1.938874145507812500e+03
3.721980094909667969e+00,2.000000476837158203e-01,1.938891113281250000e+03
3.785788297653198242e+00,2.000000476837158203e-01,1.938909545898437500e+03
3.849123001098632812e+00,2.000000476837158203e-01,1.938929687500000000e+03
3.911946535110473633e+00,2.000000476837158203e-01,1.938951293945312500e+03
3.974220514297485352e+00,2.000000476837158203e-01,1.938974487304687500e+03
4.035907745361328125e+00,2.000000476837158203e-01,1.938999145507812500e+03
4.096971035003662109e+00,2.000000476837158203e-01,1.939025268554687500e+03
4.157373428344726562e+00,2.000000476837158203e-01,1.939052978515625000e+03
4.217078685760498047e+00,2.000000476837158203e-01,1.939082031250000000e+03
4.276051044464111328e+00,2.000000476837158203e-01,1.939112670898437500e+03
4.334254264831542969e+00,2.000000476837158203e-01,1.939144653320312500e+03
4.391654014587402344e+00,2.000000476837158203e-01,1.939178222656250000e+03
4.448215484619140625e+00,2.000000476837158203e-01,1.939213012695312500e+03
4.503904819488525391e+00,2.000000476837158203e-01,1.939249267578125000e+03
4.558688163757324219e+00,2.000000476837158203e-01,1.939286865234375000e+03
4.612532615661621094e+00,2.000000476837158203e-01,1.939325805664062500e+03
4.665405750274658203e+00,2.000000476837158203e-01,1.939365966796875000e+03
4.717275619506835938e+00,2.000000476837158203e-01,1.939407470703125000e+03
4.768111228942871094e+00,2.000000476837158203e-01,1.939450317382812500e+03
4.817881584167480469e+00,2.000000476837158203e-01,1.939494262695312500e+03
4.866556644439697266e+00,2.000000476837158203e-01,1.939539550781250000e+03
4.914107799530029297e+00,2.000000476837158203e-01,1.939585937500000000e+03
4.960505962371826172e+00,2.000000476837158203e-01,1.939633422851562500e+03
5.005722999572753906e+00,2.000000476837158203e-01,1.939682128906250000e+03
5.049732208251953125e+00,2.000000476837158203e-01,1.939731933593750000e+03
5.092506408691406250e+00,2.000000476837158203e-01,1.939782714843750000e+03
5.134019851684570312e+00,2.000000476837158203e-01,1.939834594726562500e+03
5.174248695373535156e+00,2.000000476837158203e-01,1.939887451171875000e+03
5.213167190551757812e+00,2.000000476837158203e-01,1.939941284179687500e+03
5.250752449035644531e+00,2.000000476837158203e-01,1.939996093750000000e+03
5.286982536315917969e+00,2.000000476837158203e-01,1.940051757812500000e+03
5.321834564208984375e+00,2.000000476837158203e-01,1.940108398437500000e+03
5.355288505554199219e+00,2.000000476837158203e-01,1.940165771484375000e+03
5.387323379516601562e+00,2.000000476837158203e-01,1.940223999023437500e+03
5.417920112609863281e+00,2.000000476837158203e-01,1.940282958984375000e+03
5.447060585021972656e+00,2.000000476837158203e-01,1.940342651367187500e+03
5.474726676940917969e+00,2.000000476837158203e-01,1.940403076171875000e+03
5.500902175903320312e+00,2.000000476837158203e-01,1.940464111328125000e+03
5.525571823120117188e+00,2.000000476837158203e-01,1.940525756835937500e+03
5.548719406127929688e+00,2.000000476837158203e-01,1.940588012695312500e+03
5.570332527160644531e+00,2.000000476837158203e-01,1.940650878906250000e+03
5.590396881103515625e+00,2.000000476837158203e-01,1.940714233398437500e+03
5.608901023864746094e+00,2.000000476837158203e-01,1.940778076171875000e+03
5.625833511352539062e+00,2.000000476837158203e-01,1.940842285156250000e+03
5.641183853149414062e+00,2.000000476837158203e-01,1.940906860351562500e+03
5.654943943023681641e+00,2.000000476837158203e-01,1.940971923828125000e+03
5.667104721069335938e+00,2.000000476837158203e-01,1.941037231445312500e+03
5.677658557891845703e+00,2.000000476837158203e-01,1.941102783203125000e+03
5.686599731445312500e+00,2.000000476837158203e-01,1.941168579101562500e+03
5.693922519683837891e+00,2.000000476837158203e-01,1.941234619140625000e+03
5.699622631072998047e+00,2.000000476837158203e-01,1.941300903320312500e+03
5.703696727752685547e+00,2.000000476837158203e-01,1.941367187500000000e+03
5.706141948699951172e+00,2.000000476837158203e-01,1.941433593750000000e+03
5.800000190734863281e+00,2.148504257202148438e-01,1.941500000000000000e+03
5.800000190734863281e+00,2.143126726150512695e-01,1.941568725585937500e+03
5.800000190734863281e+00,2.126975059509277344e-01,1.941637573242187500e+03
5.800000190734863281e+00,2.100003957748413086e-01,1.941706542968750000e+03
5.800000190734863281e+00,2.062129974365234375e-01,1.941775756835937500e+03
5.800000190734863281e+00,2.013235092163085938e-01,1.941845336914062500e+03
5.792735099792480469e+00,2.000000476837158203e-01,1.941914306640625000e+03
5.781727313995361328e+00,2.000000476837158203e-01,1.941982666015625000e+03
5.769043922424316406e+00,2.000000476837158203e-01,1.942050781250000000e+03
5.754693031311035156e+00,2.000000476837158203e-01,1.942118530273437500e+03
5.738682746887207031e+00,2.000000476837158203e-01,1.942186035156250000e+03
5.721022605895996094e+00,2.000000476837158203e-01,1.942253051757812500e+03
5.701723098754882812e+00,2.000000476837158203e-01,1.942319580078125000e+03
5.680796623229980469e+00,2.000000476837158203e-01,1.942385620117187500e+03
5.658254623413085938e+00,2.000000476837158203e-01,1.942451171875000000e+03
5.634111881256103516e+00,2.000000476837158203e-01,1.942516113281250000e+03
5.608382701873779297e+00,2.000000476837158203e-01,1.942580444335937500e+03
5.581082344055175781e+00,2.000000476837158203e-01,1.942644165039062500e+03
5.552226543426513672e+00,2.000000476837158203e-01,1.942707153320312500e+03
5.521833896636962891e+00,2.000000476837158203e-01,1.942769409179687500e+03
5.489922523498535156e+00,2.000000476837158203e-01,1.942830932617187500e+03
5.456510543823242188e+00,2.000000476837158203e-01,1.942891601562500000e+03
5.421619415283203125e+00,2.000000476837158203e-01,1.942951416015625000e+03
5.385269165039062500e+00,2.000000476837158203e-01,1.943010498046875000e+03
5.347482681274414062e+00,2.000000476837158203e-01,1.943068481445312500e+03
5.308281421661376953e+00,2.000000476837158203e-01,1.943125732421875000e+03
5.267690181732177734e+00,2.000000476837158203e-01,1.943181884765625000e+03
5.225732803344726562e+00,2.000000476837158203e-01,1.943236938476562500e+03
5.182435035705566406e+00,2.000000476837158203e-01,1.943291137695312500e+03
5.137822151184082031e+00,2.000000476837158203e-01,1.943344116210937500e+03
5.091922283172607422e+00,2.000000476837158203e-01,1.943395996093750000e+03
5.044761657714843750e+00,2.000000476837158203e-01,1.943446777343750000e+03
4.996369361877441406e+00,2.000000476837158203e-01,1.943496337890625000e+03
4.946774959564208984e+00,2.000000476837158203e-01,1.943544799804687500e+03
4.896007537841796875e+00,2.000000476837158203e-01,1.943591918945312500e+03
4.844098091125488281e+00,2.000000476837158203e-01,1.943637817382812500e+03
4.791078090667724609e+00,2.000000476837158203e-01,1.943682495117187500e+03
4.736979007720947266e+00,2.000000476837158203e-01,1.943725708007812500e+03
4.681833744049072266e+00,2.000000476837158203e-01,1.943767700195312500e+03
4.625675201416015625e+00,2.000000476837158203e-01,1.943808227539062500e+03
4.568537712097167969e+00,2.000000476837158203e-01,1.943847534179687500e+03
4.510455131530761719e+00,2.000000476837158203e-01,1.943885253906250000e+03
4.451462745666503906e+00,2.000000476837158203e-01,1.943921630859375000e+03
4.391595840454101562e+00,2.000000476837158203e-01,1.943956542968750000e+03
4.330891132354736328e+00,2.000000476837158203e-01,1.943989868164062500e+03
4.269384384155273438e+00,2.000000476837158203e-01,1.944021850585937500e+03
4.207113265991210938e+00,2.000000476837158203e-01,1.944052246093750000e+03
4.144114971160888672e+00,2.000000476837158203e-01,1.944081054687500000e+03
4.080427646636962891e+00,2.000000476837158203e-01,1.944108398437500000e+03
4.016088962554931641e+00,2.000000476837158203e-01,1.944134155273437500e+03
3.951138734817504883e+00,2.000000476837158203e-01,1.944158203125000000e+03
3.885615348815917969e+00,2.000000476837158203e-01,1.944180786132812500e+03
3.819558620452880859e+00,2.000000476837158203e-01,1.944201782226562500e+03
3.753008365631103516e+00,2.000000476837158203e-01,1.944221069335937500e+03
3.686004161834716797e+00,2.000000476837158203e-01,1.944238647460937500e+03
3.618587017059326172e+00,2.000000476837158203e-01,1.944254638671875000e+03
3.550797224044799805e+00,2.000000476837158203e-01,1.944269042968750000e+03
3.482675552368164062e+00,2.000000476837158203e-01,1.944281738281250000e+03
3.414263248443603516e+00,2.000000476837158203e-01,1.944292724609375000e+03
3.345601081848144531e+00,2.000000476837158203e-01,1.944302001953125000e+03
3.276731014251708984e+00,2.000000476837158203e-01,1.944309692382812500e+03
3.207694292068481445e+00,2.000000476837158203e-01,1.944315673828125000e+03
3.138532400131225586e+00,2.000000476837158203e-01,1.944319946289062500e+03
3.069287061691284180e+00,2.000000476837158203e-01,1.944322387695312500e+03
3.000000000000000000e+00,2.000000476837158203e-01,1.944323242187500000e+03
2.930712938308715820e+00,2.000000476837158203e-01,1.944322387695312500e+03
2.861467599868774414e+00,2.000000476837158203e-01,1.944319946289062500e+03
2.792305707931518555e+00,2.000000476837158203e-01,1.944315673828125000e+03
2.723268985748291016e+00,2.000000476837158203e-01,1.944309692382812500e+03
2.654398918151855469e+00,2.000000476837158203e-01,1.944302001953125000e+03
2.585736751556396484e+00,2.000000476837158203e-01,1.944292724609375000e+03
2.517324447631835938e+00,2.000000476837158203e-01,1.944281738281250000e+03
2.449202775955200195e+00,2.000000476837158203e-01,1.944269042968750000e+03
2.381412982940673828e+00,2.000000476837158203e-01,1.944254638671875000e+03
2.313995838165283203e+00,2.000000476837158203e-01,1.944238647460937500e+03
2.246991634368896484e+00,2.000000476837158203e-01,1.944221069335937500e+03
2.180441379547119141e+00,2.000000476837158203e-01,1.944201782226562500e+03
2.114384651184082031e+00,2.000000476837158203e-01,1.944180786132812500e+03
2.048861265182495117e+00,2.000000476837158203e-01,1.944158203125000000e+03
1.983910918235778809e+00,2.000000476837158203e-01,1.944134155273437500e+03
1.919572472572326660e+00,2.000000476837158203e-01,1.944108398437500000e+03
1.855885028839111328e+00,2.000000476837158203e-01,1.944081054687500000e+03
1.792886734008789062e+00,2.000000476837158203e-01,1.944052246093750000e+03
1.730615377426147461e+00,2.000000476837158203e-01,1.944021850585937500e+03
1.669108867645263672e+00,2.000000476837158203e-01,1.943989868164062500e+03
1.608403921127319336e+00,2.000000476837158203e-01,1.943956542968750000e+03
1.548537373542785645e+00,2.000000476837158203e-01,1.943921630859375000e+03
1.489544868469238281e+00,2.000000476837158203e-01,1.943885253906250000e+03
1.431462407112121582e+00,2.000000476837158203e-01,1.943847534179687500e+03
1.374324798583984375e+00,2.000000476837158203e-01,1.943808227539062500e+03
1.318166375160217285e+00,2.000000476837158203e-01,1.943767700195312500e+03
1.263020873069763184e+00,2.000000476837158203e-01,1.943725708007812500e+03
1.208921790122985840e+00,2.000000476837158203e-01,1.943682495117187500e+03
1.155901670455932617e+00,2.000000476837158203e-01,1.943637817382812500e+03
1.103992223739624023e+00,2.000000476837158203e-01,1.943591918945312500e+03
1.053225040435791016e+00,2.000000476837158203e-01,1.943544799804687500e+03
1.003630399703979492e+00,2.000000476837158203e-01,1.943496337890625000e+03
9.552383422851562500e-01,2.000000476837158203e-01,1.943446777343750000e+03
9.080777168273925781e-01,2.000000476837158203e-01,1.943395996093750000e+03
8.621776103973388672e-01,2.000000476837158203e-01,1.943344116210937500e+03
8.175649642944335938e-01,2.000000476837158203e-01,1.943291137695312500e+03
7.742669582366943359e-01,2.000000476837158203e-01,1.943236938476562500e+03
7.323098182678222656e-01,2.000000476837158203e-01,1.943181884765625000e+03
6.917185783386230469e-01,2.000000476837158203e-01,1.943125732421875000e+03
6.525175571441650391e-01,2.000000476837158203e-01,1.943068481445312500e+03
6.147308349609375000e-01,2.000000476837158203e-01,1.943010498046875000e+03
5.783808231353759766e-01,2.000000476837158203e-01,1.942951416015625000e+03
5.434894561767578125e-01,2.000000476837158203e-01,1.942891601562500000e+03
5.100777149200439453e-01,2.000000476837158203e-01,1.942830932617187500e+03
4.781661033630371094e-01,2.000000476837158203e-01,1.942769409179687500e+03
4.477734565734863281e-01,2.000000476837158203e-01,1.942707153320312500e+03
4.189178943634033203e-01,2.000000476837158203e-01,1.942644165039062500e+03
3.916172981262207031e-01,2.000000476837158203e-01,1.942580444335937500e+03
3.658881187438964844e-01,2.000000476837158203e-01,1.942516113281250000e+03
3.417451381683349609e-01,2.000000476837158203e-01,1.942451171875000000e+03
3.192036151885986328e-01,2.000000476837158203e-01,1.942385620117187500e+03
2.982771396636962891e-01,2.000000476837158203e-01,1.942319580078125000e+03
2.789776325225830078e-01,2.000000476837158203e-01,1.942253051757812500e+03
2.613174915313720703e-01,2.000000476837158203e-01,1.942186035156250000e+03
2.453069686889648438e-01,2.000000476837158203e-01,1.942118530273437500e+03
2.309558391571044922e-01,2.000000476837158203e-01,1.942050781250000000e+03
2.182726860046386719e-01,2.000000476837158203e-01,1.941982666015625000e+03
2.072649002075195312e-01,2.000000476837158203e-01,1.941914306640625000e+03
2.000000476837158203e-01,2.013237476348876953e-01,1.941845336914062500e+03
1.999998092651367188e-01,2.062131166458129883e-01,1.941775756835937500e+03
2.000000476837158203e-01,2.100006341934204102e-01,1.941706542968750000e+03
1.999998092651367188e-01,2.126976251602172852e-01,1.941637573242187500e+03
2.000000476837158203e-01,2.143129110336303711e-01,1.941568725585937500e+03
2.000000476837158203e-01,2.148506641387939453e-01,1.941500000000000000e+03
2.000000476837158203e-01,2.143129110336303711e-01,1.941431274414062500e+03
1.999998092651367188e-01,2.126976251602172852e-01,1.941362426757812500e+03
2.000000476837158203e-01,2.100006341934204102e-01,1.941293457031250000e+03
1.999998092651367188e-01,2.062131166458129883e-01,1.941224243164062500e+03
2.000000476837158203e-01,2.013237476348876953e-01,1.941154663085937500e+03
2.072649002075195312e-01,2.000000476837158203e-01,1.941085693359375000e+03
2.182726860046386719e-01,2.000000476837158203e-01,1.941017333984375000e+03
2.309558391571044922e-01,2.000000476837158203e-01,1.940949218750000000e+03
2.453069686889648438e-01,2.000000476837158203e-01,1.940881469726562500e+03
2.613174915313720703e-01,2.000000476837158203e-01,1.940813964843750000e+03
2.789776325225830078e-01,2.000000476837158203e-01,1.940746948242187500e+03
2.982771396636962891e-01,2.000000476837158203e-01,1.940680419921875000e+03
3.192036151885986328e-01,2.000000476837158203e-01,1.940614379882812500e+03
3.417451381683349609e-01,2.000000476837158203e-01,1.940548828125000000e+03
3.658881187438964844e-01,2.000000476837158203e-01,1.940483886718750000e+03
3.916172981262207031e-01,2.000000476837158203e-01,1.940419555664062500e+03
4.189178943634033203e-01,2.000000476837158203e-01,1.940355834960937500e+03
4.477734565734863281e-01,2.000000476837158203e-01,1.940292846679687500e+03
4.781661033630371094e-01,2.000000476837158203e-01,1.940230590820312500e+03
5.100777149200439453e-01,2.000000476837158203e-01,1.940169067382812500e+03
5.434894561767578125e-01,2.000000476837158203e-01,1.940108398437500000e+03
5.783808231353759766e-01,2.000000476837158203e-01,1.940048583984375000e+03
6.147308349609375000e-01,2.000000476837158203e-01,1.939989501953125000e+03
6.525175571441650391e-01,2.000000476837158203e-01,1.939931518554687500e+03
6.917185783386230469e-01,2.000000476837158203e-01,1.939874267578125000e+03
7.323098182678222656e-01,2.000000476837158203e-01,1.939818115234375000e+03
7.742669582366943359e-01,2.000000476837158203e-01,1.939763061523437500e+03
8.175649642944335938e-01,2.000000476837158203e-01,1.939708862304687500e+03
8.621776103973388672e-01,2.000000476837158203e-01,1.939655883789062500e+03
9.080777168273925781e-01,2.000000476837158203e-01,1.939604003906250000e+03
9.552383422851562500e-01,2.000000476837158203e-01,1.939553222656250000e+03
1.003630399703979492e+00,2.000000476837158203e-01,1.939503662109375000e+03
1.053225040435791016e+00,2.000000476837158203e-01,1.939455200195312500e+03
1.103992223739624023e+00,2.000000476837158203e-01,1.939408081054687500e+03
1.155901670455932617e+00,2.000000476837158203e-01,1.939362182617187500e+03
1.208921790122985840e+00,2.000000476837158203e-01,1.939317504882812500e+03
1.263020873069763184e+00,2.000000476837158203e-01,1.939274291992187500e+03
1.318166375160217285e+00,2.000000476837158203e-01,1.939232299804687500e+03
1.374324798583984375e+00,2.000000476837158203e-01,1.939191772460937500e+03
1.431462407112121582e+00,2.000000476837158203e-01,1.939152465820312500e+03
1.489544868469238281e+00,2.000000476837158203e-01,1.939114746093750000e+03
1.548537373542785645e+00,2.000000476837158203e-01,1.939078369140625000e+03
1.608403921127319336e+00,2.000000476837158203e-01,1.939043457031250000e+03
1.669108867645263672e+00,2.000000476837158203e-01,1.939010131835937500e+03
1.730615377426147461e+00,2.000000476837158203e-01,1.938978149414062500e+03
1.792886734008789062e+00,2.000000476837158203e-01,1.938947753906250000e+03
1.855885028839111328e+00,2.000000476837158203e-01,1.938918945312500000e+03
1.919572472572326660e+00,2.000000476837158203e-01,1.938891601562500000e+03
1.983910918235778809e+00,2.000000476837158203e-01,1.938865844726562500e+03
2.048861265182495117e+00,2.000000476837158203e-01,1.938841796875000000e+03
2.114384651184082031e+00,2.000000476837158203e-01,1.938819213867187500e+03
2.180441379547119141e+00,2.000000476837158203e-01,1.938798217773437500e+03
2.246991634368896484e+00,2.000000476837158203e-01,1.938778930664062500e+03
2.313995838165283203e+00,2.000000476837158203e-01,1.938761352539062500e+03
2.381412982940673828e+00,2.000000476837158203e-01,1.938745361328125000e+03
2.449202775955200195e+00,2.000000476837158203e-01,1.938730957031250000e+03
2.517324447631835938e+00,2.000000476837158203e-01,1.938718261718750000e+03
2.585736751556396484e+00,2.000000476837158203e-01,1.938707275390625000e+03
2.654398918151855469e+00,2.000000476837158203e-01,1.938697998046875000e+03
2.723268985748291016e+00,2.000000476837158203e-01,1.938690307617187500e+03
2.792305707931518555e+00,2.000000476837158203e-01,1.938684326171875000e+03
2.861467599868774414e+00,2.000000476837158203e-01,1.938680053710937500e+03
2.930712938308715820e+00,2.000000476837158203e-01,1.938677612304687500e+03
3.000000000000000000e+00,2.000000476837158203e-01,1.938676757812500000e+03
3.069287061691284180e+00,2.000000476837158203e-01,1.938677612304687500e+03
3.138532400131225586e+00,2.000000476837158203e-01,1.938680053710937500e+03
3.207694292068481445e+00,2.000000476837158203e-01,1.938684326171875000e+03
3.276731014251708984e+00,2.000000476837158203e-01,1.938690307617187500e+03
3.345601081848144531e+00,2.000000476837158203e-01,1.938697998046875000e+03
3.414263248443603516e+00,2.000000476837158203e-01,1.938707275390625000e+03
3.482675552368164062e+00,2.000000476837158203e-01,1.938718261718750000e+03
3.550797224044799805e+00,2.000000476837158203e-01,1.938730957031250000e+03
3.618587017059326172e+00,2.000000476837158203e-01,1.938745361328125000e+03
3.686004161834716797e+00,2.000000476837158203e-01,1.938761352539062500e+03
3.753008365631103516e+00,2.000000476837158203e-01,1.938778930664062500e+03
3.819558620452880859e+00,2.000000476837158203e-01,1.938798217773437500e+03
3.885615348815917969e+00,2.000000476837158203e-01,1.938819213867187500e+03
3.951138734817504883e+00,2.000000476837158203e-01,1.938841796875000000e+03
4.016088962554931641e+00,2.000000476837158203e-01,1.938865844726562500e+03
4.080427646636962891e+00,2.000000476837158203e-01,1.938891601562500000e+03
4.144114971160888672e+00,2.000000476837158203e-01,1.938918945312500000e+03
4.207113265991210938e+00,2.000000476837158203e-01,1.938947753906250000e+03
4.269384384155273438e+00,2.000000476837158203e-01,1.938978149414062500e+03
4.330891132354736328e+00,2.000000476837158203e-01,1.939010131835937500e+03
4.391595840454101562e+00,2.000000476837158203e-01,1.939043457031250000e+03
4.451462745666503906e+00,2.000000476837158203e-01,1.939078369140625000e+03
4.510455131530761719e+00,2.000000476837158203e-01,1.939114746093750000e+03
4.568537712097167969e+00,2.000000476837158203e-01,1.939152465820312500e+03
4.625675201416015625e+00,2.000000476837158203e-01,1.939191772460937500e+03
4.681833744049072266e+00,2.000000476837158203e-01,1.939232299804687500e+03
4.736979007720947266e+00,2.000000476837158203e-01,1.939274291992187500e+03
4.791078090667724609e+00,2.000000476837158203e-01,1.939317504882812500e+03
4.844098091125488281e+00,2.000000476837158203e-01,1.939362182617187500e+03
4.896007537841796875e+00,2.000000476837158203e-01,1.939408081054687500e+03
4.946774959564208984e+00,2.000000476837158203e-01,1.939455200195312500e+03
4.996369361877441406e+00,2.000000476837158203e-01,1.939503662109375000e+03
5.044761657714843750e+00,2.000000476837158203e-01,1.939553222656250000e+03
5.091922283172607422e+00,2.000000476837158203e-01,1.939604003906250000e+03
5.137822151184082031e+00,2.000000476837158203e-01,1.939655883789062500e+03
5.182435035705566406e+00,2.000000476837158203e-01,1.939708862304687500e+03
5.225732803344726562e+00,2.000000476837158203e-01,1.939763061523437500e+03
5.267690181732177734e+00,2.000000476837158203e-01,1.939818115234375000e+03
5.308281421661376953e+00,2.000000476837158203e-01,1.939874267578125000e+03
5.347482681274414062e+00,2.000000476837158203e-01,1.939931518554687500e+03
5.385269165039062500e+00,2.000000476837158203e-01,1.939989501953125000e+03
5.421619415283203125e+00,2.000000476837158203e-01,1.940048583984375000e+03
5.456510543823242188e+00,2.000000476837158203e-01,1.940108398437500000e+03
5.489922523498535156e+00,2.000000476837158203e-01,1.940169067382812500e+03
5.521833896636962891e+00,2.000000476837158203e-01,1.940230590820312500e+03
5.552226543426513672e+00,2.000000476837158203e-01,1.940292846679687500e+03
5.581082344055175781e+00,2.000000476837158203e-01,1.940355834960937500e+03
5.608382701873779297e+00,2.000000476837158203e-01,1.940419555664062500e+03
5.634111881256103516e+00,2.000000476837158203e-01,1.940483886718750000e+03
5.658254623413085938e+00,2.000000476837158203e-01,1.940548828125000000e+03
5.680796623229980469e+00,2.000000476837158203e-01,1.940614379882812500e+03
5.701723098754882812e+00,2.000000476837158203e-01,1.940680419921875000e+03
5.721022605895996094e+00,2.000000476837158203e-01,1.940746948242187500e+03
5.738682746887207031e+00,2.000000476837158203e-01,1.940813964843750000e+03
5.754693031311035156e+00,2.000000476837158203e-01,1.940881469726562500e+03
5.769043922424316406e+00,2.000000476837158203e-01,1.940949218750000000e+03
5.781727313995361328e+00,2.000000476837158203e-01,1.941017333984375000e+03
5.792735099792480469e+00,2.000000476837158203e-01,1.941085693359375000e+03
5.800000190734863281e+00,2.013235092163085938e-01,1.941154663085937500e+03
5.800000190734863281e+00,2.062129974365234375e-01,1.941224243164062500e+03
5.800000190734863281e+00,2.100003957748413086e-01,1.941293457031250000e+03
5.800000190734863281e+00,2.126975059509277344e-01,1.941362426757812500e+03
5.800000190734863281e+00,2.143126726150512695e-01,1.941431274414062500e+03
5.800000190734863281e+00,2.897104024887084961e-01,1.941500000000000000e+03
5.800000190734863281e+00,2.891949415206909180e-01,1.941568725585937500e+03
5.800000190734863281e+00,2.876478433609008789e-01,1.941637573242187500e+03
5.800000190734863281e+00,2.850637435913085938e-01,1.941706542968750000e+03
5.800000190734863281e+00,2.814350128173828125e-01,1.941775756835937500e+03
5.800000190734863281e+00,2.767508029937744141e-01,1.941845336914062500e+03
5.800000190734863281e+00,2.709965705871582031e-01,1.941915283203125000e+03
5.800000190734863281e+00,2.641545534133911133e-01,1.941985839843750000e+03
5.800000190734863281e+00,2.562038898468017578e-01,1.942057006835937500e+03
5.800000190734863281e+00,2.471190690994262695e-01,1.942128784179687500e+03
5.800000190734863281e+00,2.368716001510620117e-01,1.942201416015625000e+03
5.800000190734863281e+00,2.254284620285034180e-01,1.942274902343750000e+03
5.800000190734863281e+00,2.127521038055419922e-01,1.942349365234375000e+03
5.798135757446289062e+00,2.000000476837158203e-01,1.942424438476562500e+03
5.774607658386230469e+00,2.000000476837158203e-01,1.942492797851562500e+03
5.749408245086669922e+00,2.000000476837158203e-01,1.942560546875000000e+03
5.722552299499511719e+00,2.000000476837158203e-01,1.942627685546875000e+03
5.694056987762451172e+00,2.000000476837158203e-01,1.942694213867187500e+03
5.663938522338867188e+00,2.000000476837158203e-01,1.942760009765625000e+03
5.632215499877929688e+00,2.000000476837158203e-01,1.942824951171875000e+03
5.598906993865966797e+00,2.000000476837158203e-01,1.942889160156250000e+03
5.564033031463623047e+00,2.000000476837158203e-01,1.942952514648437500e+03
5.527614593505859375e+00,2.000000476837158203e-01,1.943015014648437500e+03
5.489673614501953125e+00,2.000000476837158203e-01,1.943076538085937500e+03
5.450232505798339844e+00,2.000000476837158203e-01,1.943137207031250000e+03
5.409316062927246094e+00,2.000000476837158203e-01,1.943196777343750000e+03
5.366948127746582031e+00,2.000000476837158203e-01,1.943255493164062500e+03
5.323153972625732422e+00,2.000000476837158203e-01,1.943312988281250000e+03
5.277960777282714844e+00,2.000000476837158203e-01,1.943369506835937500e+03
5.231395721435546875e+00,2.000000476837158203e-01,1.943424804687500000e+03
5.183486461639404297e+00,2.000000476837158203e-01,1.943479003906250000e+03
5.134262084960937500e+00,2.000000476837158203e-01,1.943531982421875000e+03
5.083751678466796875e+00,2.000000476837158203e-01,1.943583740234375000e+03
5.031986236572265625e+00,2.000000476837158203e-01,1.943634277343750000e+03
4.978996753692626953e+00,2.000000476837158203e-01,1.943683471679687500e+03
4.924815177917480469e+00,2.000000476837158203e-01,1.943731445312500000e+03
4.869474411010742188e+00,2.000000476837158203e-01,1.943777954101562500e+03
4.813007354736328125e+00,2.000000476837158203e-01,1.943823120117187500e+03
4.755448341369628906e+00,2.000000476837158203e-01,1.943866943359375000e+03
4.696831703186035156e+00,2.000000476837158203e-01,1.943909301757812500e+03
4.637193202972412109e+00,2.000000476837158203e-01,1.943950195312500000e+03
4.576568126678466797e+00,2.000000476837158203e-01,1.943989624023437500e+03
4.514993667602539062e+00,2.000000476837158203e-01,1.944027587890625000e+03
4.452506542205810547e+00,2.000000476837158203e-01,1.944064086914062500e+03
4.389144897460937500e+00,2.000000476837158203e-01,1.944098876953125000e+03
4.324945926666259766e+00,2.000000476837158203e-01,1.944132202148437500e+03
4.259949207305908203e+00,2.000000476837158203e-01,1.944163940429687500e+03
4.194193363189697266e+00,2.000000476837158203e-01,1.944194091796875000e+03
4.127717971801757812e+00,2.000000476837158203e-01,1.944222534179687500e+03
4.060563564300537109e+00,2.000000476837158203e-01,1.944249389648437500e+03
3.992770433425903320e+00,2.000000476837158203e-01,1.944274658203125000e+03
3.924379348754882812e+00,2.000000476837158203e-01,1.944298095703125000e+03
3.855431079864501953e+00,2.000000476837158203e-01,1.944319946289062500e+03
3.785967826843261719e+00,2.000000476837158203e-01,1.944340087890625000e+03
3.716031074523925781e+00,2.000000476837158203e-01,1.944358520507812500e+03
3.645662784576416016e+00,2.000000476837158203e-01,1.944375244140625000e+03
3.574905872344970703e+00,2.000000476837158203e-01,1.944390258789062500e+03
3.503802299499511719e+00,2.000000476837158203e-01,1.944403442382812500e+03
3.432395458221435547e+00,2.000000476837158203e-01,1.944414916992187500e+03
3.360728263854980469e+00,2.000000476837158203e-01,1.944424682617187500e+03
3.288843631744384766e+00,2.000000476837158203e-01,1.944432739257812500e+03
3.216785192489624023e+00,2.000000476837158203e-01,1.944438842773437500e+03
3.144596099853515625e+00,2.000000476837158203e-01,1.944443359375000000e+03
3.072319746017456055e+00,2.000000476837158203e-01,1.944445922851562500e+03
3.000000000000000000e+00,2.000000476837158203e-01,1.944446899414062500e+03
2.927680253982543945e+00,2.000000476837158203e-01,1.944445922851562500e+03
2.855403900146484375e+00,2.000000476837158203e-01,1.944443359375000000e+03
2.783214807510375977e+00,2.000000476837158203e-01,1.944438842773437500e+03
2.711156368255615234e+00,2.000000476837158203e-01,1.944432739257812500e+03
2.639271736145019531e+00,2.000000476837158203e-01,1.944424682617187500e+03
2.567604541778564453e+00,2.000000476837158203e-01,1.944414916992187500e+03
2.496197700500488281e+00,2.000000476837158203e-01,1.944403442382812500e+03
2.425094127655029297e+00,2.000000476837158203e-01,1.944390258789062500e+03
2.354337215423583984e+00,2.000000476837158203e-01,1.944375244140625000e+03
2.283968925476074219e+00,2.000000476837158203e-01,1.944358520507812500e+03
2.214032173156738281e+00,2.000000476837158203e-01,1.944340087890625000e+03
2.144568920135498047e+00,2.000000476837158203e-01,1.944319946289062500e+03
2.075620651245117188e+00,2.000000476837158203e-01,1.944298095703125000e+03
2.007229566574096680e+00,2.000000476837158203e-01,1.944274658203125000e+03
1.939436316490173340e+00,2.000000476837158203e-01,1.944249389648437500e+03
1.872281789779663086e+00,2.000000476837158203e-01,1.944222534179687500e+03
1.805806636810302734e+00,2.000000476837158203e-01,1.944194091796875000e+03
1.740050792694091797e+00,2.000000476837158203e-01,1.944163940429687500e+03
1.675053954124450684e+00,2.000000476837158203e-01,1.944132202148437500e+03
1.610855221748352051e+00,2.000000476837158203e-01,1.944098876953125000e+03
1.547493338584899902e+00,2.000000476837158203e-01,1.944064086914062500e+03
1.485006332397460938e+00,2.000000476837158203e-01,1.944027587890625000e+03
1.423431754112243652e+00,2.000000476837158203e-01,1.943989624023437500e+03
1.362806916236877441e+00,2.000000476837158203e-01,1.943950195312500000e+03
1.303168296813964844e+00,2.000000476837158203e-01,1.943909301757812500e+03
1.244551777839660645e+00,2.000000476837158203e-01,1.943866943359375000e+03
1.186992645263671875e+00,2.000000476837158203e-01,1.943823120117187500e+03
1.130525588989257812e+00,2.000000476837158203e-01,1.943777954101562500e+03
1.075184822082519531e+00,2.000000476837158203e-01,1.943731445312500000e+03
1.021003365516662598e+00,2.000000476837158203e-01,1.943683471679687500e+03
9.680140018463134766e-01,2.000000476837158203e-01,1.943634277343750000e+03
9.162483215332031250e-01,2.000000476837158203e-01,1.943583740234375000e+03
8.657381534576416016e-01,2.000000476837158203e-01,1.943531982421875000e+03
8.165135383605957031e-01,2.000000476837158203e-01,1.943479003906250000e+03
7.686042785644531250e-01,2.000000476837158203e-01,1.943424804687500000e+03
7.220389842987060547e-01,2.000000476837158203e-01,1.943369506835937500e+03
6.768460273742675781e-01,2.000000476837158203e-01,1.943312988281250000e+03
6.330521106719970703e-01,2.000000476837158203e-01,1.943255493164062500e+03
5.906841754913330078e-01,2.000000476837158203e-01,1.943196777343750000e+03
5.497674942016601562e-01,2.000000476837158203e-01,1.943137207031250000e+03
5.103266239166259766e-01,2.000000476837158203e-01,1.943076538085937500e+03
4.723856449127197266e-01,2.000000476837158203e-01,1.943015014648437500e+03
4.359669685363769531e-01,2.000000476837158203e-01,1.942952514648437500e+03
4.010930061340332031e-01,2.000000476837158203e-01,1.942889160156250000e+03
3.677845001220703125e-01,2.000000476837158203e-01,1.942824951171875000e+03
3.360614776611328125e-01,2.000000476837158203e-01,1.942760009765625000e+03
3.059430122375488281e-01,2.000000476837158203e-01,1.942694213867187500e+03
2.774474620819091797e-01,2.000000476837158203e-01,1.942627685546875000e+03
2.505917549133300781e-01,2.000000476837158203e-01,1.942560546875000000e+03
2.253923416137695312e-01,2.000000476837158203e-01,1.942492797851562500e+03
2.018642425537109375e-01,2.000000476837158203e-01,1.942424438476562500e+03
2.000000476837158203e-01,2.127522230148315430e-01,1.942349365234375000e+03
2.000000476837158203e-01,2.254287004470825195e-01,1.942274902343750000e+03
2.000000476837158203e-01,2.368718385696411133e-01,1.942201416015625000e+03
2.000000476837158203e-01,2.471193075180053711e-01,1.942128784179687500e+03
2.000000476837158203e-01,2.562041282653808594e-01,1.942057006835937500e+03
2.000000476837158203e-01,2.641547918319702148e-01,1.941985839843750000e+03
2.000000476837158203e-01,2.709968090057373047e-01,1.941915283203125000e+03
2.000000476837158203e-01,2.767510414123535156e-01,1.941845336914062500e+03
2.000000476837158203e-01,2.814352512359619141e-01,1.941775756835937500e+03
2.000000476837158203e-01,2.850639820098876953e-01,1.941706542968750000e+03
2.000002861022949219e-01,2.876482009887695312e-01,1.941637573242187500e+03
1.999998092651367188e-01,2.891951799392700195e-01,1.941568725585937500e+03
2.000000476837158203e-01,2.897106409072875977e-01,1.941500000000000000e+03
1.999998092651367188e-01,2.891951799392700195e-01,1.941431274414062500e+03
2.000002861022949219e-01,2.876482009887695312e-01,1.941362426757812500e+03
2.000000476837158203e-01,2.850639820098876953e-01,1.941293457031250000e+03
2.000000476837158203e-01,2.814352512359619141e-01,1.941224243164062500e+03
2.000000476837158203e-01,2.767510414123535156e-01,1.941154663085937500e+03
2.000000476837158203e-01,2.709968090057373047e-01,1.941084716796875000e+03
2.000000476837158203e-01,2.641547918319702148e-01,1.941014160156250000e+03
2.000000476837158203e-01,2.562041282653808594e-01,1.940942993164062500e+03
2.000000476837158203e-01,2.471193075180053711e-01,1.940871215820312500e+03
2.000000476837158203e-01,2.368718385696411133e-01,1.940798583984375000e+03
2.000000476837158203e-01,2.254287004470825195e-01,1.940725097656250000e+03
2.000000476837158203e-01,2.127522230148315430e-01,1.940650634765625000e+03
2.018642425537109375e-01,2.000000476837158203e-01,1.940575561523437500e+03
2.253923416137695312e-01,2.000000476837158203e-01,1.940507202148437500e+03
2.505917549133300781e-01,2.000000476837158203e-01,1.940439453125000000e+03
2.774474620819091797e-01,2.000000476837158203e-01,1.940372314453125000e+03
3.059430122375488281e-01,2.000000476837158203e-01,1.940305786132812500e+03
3.360614776611328125e-01,2.000000476837158203e-01,1.940239990234375000e+03
3.677845001220703125e-01,2.000000476837158203e-01,1.940175048828125000e+03
4.010930061340332031e-01,2.000000476837158203e-01,1.940110839843750000e+03
4.359669685363769531e-01,2.000000476837158203e-01,1.940047485351562500e+03
4.723856449127197266e-01,2.000000476837158203e-01,1.939984985351562500e+03
5.103266239166259766e-01,2.000000476837158203e-01,1.939923461914062500e+03
5.497674942016601562e-01,2.000000476837158203e-01,1.939862792968750000e+03
5.906841754913330078e-01,2.000000476837158203e-01,1.939803222656250000e+03
6.330521106719970703e-01,2.000000476837158203e-01,1.939744506835937500e+03
6.768460273742675781e-01,2.000000476837158203e-01,1.939687011718750000e+03
7.220389842987060547e-01,2.000000476837158203e-01,1.939630493164062500e+03
7.686042785644531250e-01,2.000000476837158203e-01,1.939575195312500000e+03
8.165135383605957031e-01,2.000000476837158203e-01,1.939520996093750000e+03
8.657381534576416016e-01,2.000000476837158203e-01,1.939468017578125000e+03
9.162483215332031250e-01,2.000000476837158203e-01,1.939416259765625000e+03
9.680140018463134766e-01,2.000000476837158203e-01,1.939365722656250000e+03
1.021003365516662598e+00,2.000000476837158203e-01,1.939316528320312500e+03
1.075184822082519531e+00,2.000000476837158203e-01,1.939268554687500000e+03
1.130525588989257812e+00,2.000000476837158203e-01,1.939222045898437500e+03
1.186992645263671875e+00,2.000000476837158203e-01,1.939176879882812500e+03
1.244551777839660645e+00,2.000000476837158203e-01,1.939133056640625000e+03
1.303168296813964844e+00,2.000000476837158203e-01,1.939090698242187500e+03
1.362806916236877441e+00,2.000000476837158203e-01,1.939049804687500000e+03
1.423431754112243652e+00,2.000000476837158203e-01,1.939010375976562500e+03
1.485006332397460938e+00,2.000000476837158203e-01,1.938972412109375000e+03
1.547493338584899902e+00,2.000000476837158203e-01,1.938935913085937500e+03
1.610855221748352051e+00,2.000000476837158203e-01,1.938901123046875000e+03
1.675053954124450684e+00,2.000000476837158203e-01,1.938867797851562500e+03
1.740050792694091797e+00,2.000000476837158203e-01,1.938836059570312500e+03
1.805806636810302734e+00,2.000000476837158203e-01,1.938805908203125000e+03
1.872281789779663086e+00,2.000000476837158203e-01,1.938777465820312500e+03
1.939436316490173340e+00,2.000000476837158203e-01,1.938750610351562500e+03
2.007229566574096680e+00,2.000000476837158203e-01,1.938725341796875000e+03
2.075620651245117188e+00,2.000000476837158203e-01,1.938701904296875000e+03
2.144568920135498047e+00,2.000000476837158203e-01,1.938680053710937500e+03
2.214032173156738281e+00,2.000000476837158203e-01,1.938659912109375000e+03
2.283968925476074219e+00,2.000000476837158203e-01,1.938641479492187500e+03
2.354337215423583984e+00,2.000000476837158203e-01,1.938624755859375000e+03
2.425094127655029297e+00,2.000000476837158203e-01,1.938609741210937500e+03
2.496197700500488281e+00,2.000000476837158203e-01,1.938596557617187500e+03
2.567604541778564453e+00,2.000000476837158203e-01,1.938585083007812500e+03
2.639271736145019531e+00,2.000000476837158203e-01,1.938575317382812500e+03
2.711156368255615234e+00,2.000000476837158203e-01,1.938567260742187500e+03
2.783214807510375977e+00,2.000000476837158203e-01,1.938561157226562500e+03
2.855403900146484375e+00,2.000000476837158203e-01,1.938556640625000000e+03
2.927680253982543945e+00,2.000000476837158203e-01,1.938554077148437500e+03
3.000000000000000000e+00,2.000000476837158203e-01,1.938553100585937500e+03
3.072319746017456055e+00,2.000000476837158203e-01,1.938554077148437500e+03
3.144596099853515625e+00,2.000000476837158203e-01,1.938556640625000000e+03
3.216785192489624023e+00,2.000000476837158203e-01,1.938561157226562500e+03
3.288843631744384766e+00,2.000000476837158203e-01,1.938567260742187500e+03
3.360728263854980469e+00,2.000000476837158203e-01,1.938575317382812500e+03
3.432395458221435547e+00,2.000000476837158203e-01,1.938585083007812500e+03
3.503802299499511719e+00,2.000000476837158203e-01,1.938596557617187500e+03
3.574905872344970703e+00,2.000000476837158203e-01,1.938609741210937500e+03
3.645662784576416016e+00,2.000000476837158203e-01,1.938624755859375000e+03
3.716031074523925781e+00,2.000000476837158203e-01,1.938641479492187500e+03
3.785967826843261719e+00,2.000000476837158203e-01,1.938659912109375000e+03
3.855431079864501953e+00,2.000000476837158203e-01,1.938680053710937500e+03
3.924379348754882812e+00,2.000000476837158203e-01,1.938701904296875000e+03
3.992770433425903320e+00,2.000000476837158203e-01,1.938725341796875000e+03
4.060563564300537109e+00,2.000000476837158203e-01,1.938750610351562500e+03
4.127717971801757812e+00,2.000000476837158203e-01,1.938777465820312500e+03
4.194193363189697266e+00,2.000000476837158203e-01,1.938805908203125000e+03
4.259949207305908203e+00,2.000000476837158203e-01,1.938836059570312500e+03
4.324945926666259766e+00,2.000000476837158203e-01,1.938867797851562500e+03
4.389144897460937500e+00,2.000000476837158203e-01,1.938901123046875000e+03
4.452506542205810547e+00,2.000000476837158203e-01,1.938935913085937500e+03
4.514993667602539062e+00,2.000000476837158203e-01,1.938972412109375000e+03
4.576568126678466797e+00,2.000000476837158203e-01,1.939010375976562500e+03
4.637193202972412109e+00,2.000000476837158203e-01,1.939049804687500000e+03
4.696831703186035156e+00,2.000000476837158203e-01,1.939090698242187500e+03
4.755448341369628906e+00,2.000000476837158203e-01,1.939133056640625000e+03
4.813007354736328125e+00,2.000000476837158203e-01,1.939176879882812500e+03
4.869474411010742188e+00,2.000000476837158203e-01,1.939222045898437500e+03
4.924815177917480469e+00,2.000000476837158203e-01,1.939268554687500000e+03
4.978996753692626953e+00,2.000000476837158203e-01,1.939316528320312500e+03
5.031986236572265625e+00,2.000000476837158203e-01,1.939365722656250000e+03
5.083751678466796875e+00,2.000000476837158203e-01,1.939416259765625000e+03
5.134262084960937500e+00,2.000000476837158203e-01,1.939468017578125000e+03
5.183486461639404297e+00,2.000000476837158203e-01,1.939520996093750000e+03
5.231395721435546875e+00,2.000000476837158203e-01,1.939575195312500000e+03
5.277960777282714844e+00,2.000000476837158203e-01,1.939630493164062500e+03
5.323153972625732422e+00,2.000000476837158203e-01,1.939687011718750000e+03
5.366948127746582031e+00,2.000000476837158203e-01,1.939744506835937500e+03
5.409316062927246094e+00,2.000000476837158203e-01,1.939803222656250000e+03
5.450232505798339844e+00,2.000000476837158203e-01,1.939862792968750000e+03
5.489673614501953125e+00,2.000000476837158203e-01,1.939923461914062500e+03
5.527614593505859375e+00,2.000000476837158203e-01,1.939984985351562500e+03
5.564033031463623047e+00,2.000000476837158203e-01,1.940047485351562500e+03
5.598906993865966797e+00,2.000000476837158203e-01,1.940110839843750000e+03
5.632215499877929688e+00,2.000000476837158203e-01,1.940175048828125000e+03
5.663938522338867188e+00,2.000000476837158203e-01,1.940239990234375000e+03
5.694056987762451172e+00,2.000000476837158203e-01,1.940305786132812500e+03
5.722552299499511719e+00,2.000000476837158203e-01,1.940372314453125000e+03
5.749408245086669922e+00,2.000000476837158203e-01,1.940439453125000000e+03
5.774607658386230469e+00,2.000000476837158203e-01,1.940507202148437500e+03
5.798135757446289062e+00,2.000000476837158203e-01,1.940575561523437500e+03
5.800000190734863281e+00,2.127521038055419922e-01,1.940650634765625000e+03
5.800000190734863281e+00,2.254284620285034180e-01,1.940725097656250000e+03
5.800000190734863281e+00,2.368716001510620117e-01,1.940798583984375000e+03
5.800000190734863281e+00,2.471190690994262695e-01,1.940871215820312500e+03
5.800000190734863281e+00,2.562038898468017578e-01,1.940942993164062500e+03
5.800000190734863281e+00,2.641545534133911133e-01,1.941014160156250000e+03
5.800000190734863281e+00,2.709965705871582031e-01,1.941084716796875000e+03
5.800000190734863281e+00,2.767508029937744141e-01,1.941154663085937500e+03
5.800000190734863281e+00,2.814350128173828125e-01,1.941224243164062500e+03
5.800000190734863281e+00,2.850637435913085938e-01,1.941293457031250000e+03
5.800000190734863281e+00,2.876478433609008789e-01,1.941362426757812500e+03
5.800000190734863281e+00,2.891949415206909180e-01,1.941431274414062500e+03
5.800000190734863281e+00,3.628309965133666992e-01,1.941500000000000000e+03
5.800000190734863281e+00,3.623379468917846680e-01,1.941568725585937500e+03
5.800000190734863281e+00,3.608566522598266602e-01,1.941637573242187500e+03
5.800000190734863281e+00,3.583829402923583984e-01,1.941706542968750000e+03
5.800000190734863281e+00,3.549094200134277344e-01,1.941775756835937500e+03
5.800000190734863281e+00,3.504254817962646484e-01,1.941845336914062500e+03
5.800000667572021484e+00,3.449171781539916992e-01,1.941915283203125000e+03
5.800000190734863281e+00,3.383679389953613281e-01,1.941985839843750000e+03
5.800000190734863281e+00,3.307570219039916992e-01,1.942057006835937500e+03
5.800000190734863281e+00,3.220605850219726562e-01,1.942128784179687500e+03
5.800000190734863281e+00,3.122514486312866211e-01,1.942201416015625000e+03
5.800000190734863281e+00,3.012974262237548828e-01,1.942274902343750000e+03
5.800000190734863281e+00,2.891628742218017578e-01,1.942349365234375000e+03
5.800000190734863281e+00,2.758078575134277344e-01,1.942425048828125000e+03
5.800000190734863281e+00,2.611870765686035156e-01,1.942501831054687500e+03
5.800000190734863281e+00,2.452503442764282227e-01,1.942580078125000000e+03
5.800000190734863281e+00,2.279410362243652344e-01,1.942659790039062500e+03
5.800000190734863281e+00,2.091976404190063477e-01,1.942741210937500000e+03
5.782917976379394531e+00,1.999999284744262695e-01,1.942816162109375000e+03
5.749777793884277344e+00,1.999999284744262695e-01,1.942884155273437500e+03
5.714981555938720703e+00,1.999999284744262695e-01,1.942951171875000000e+03
5.678549766540527344e+00,1.999999284744262695e-01,1.943017333984375000e+03
5.640504837036132812e+00,1.999999284744262695e-01,1.943082641601562500e+03
5.600869178771972656e+00,1.999999284744262695e-01,1.943146972656250000e+03
5.559667110443115234e+00,1.999999284744262695e-01,1.943210327148437500e+03
5.516922950744628906e+00,1.999999284744262695e-01,1.943272583007812500e+03
5.472662925720214844e+00,1.999999284744262695e-01,1.943333862304687500e+03
5.426913261413574219e+00,1.999999284744262695e-01,1.943393920898437500e+03
5.379701137542724609e+00,1.999999284744262695e-01,1.943453002929687500e+03
5.331056594848632812e+00,1.999999284744262695e-01,1.943510742187500000e+03
5.281006813049316406e+00,1.999999284744262695e-01,1.943567382812500000e+03
5.229583740234375000e+00,1.999999284744262695e-01,1.943622680664062500e+03
5.176817893981933594e+00,1.999999284744262695e-01,1.943676757812500000e+03
5.122740745544433594e+00,1.999999284744262695e-01,1.943729614257812500e+03
5.067384719848632812e+00,1.999999284744262695e-01,1.943781005859375000e+03
5.010783195495605469e+00,1.999999284744262695e-01,1.943831054687500000e+03
4.952970504760742188e+00,1.999999284744262695e-01,1.943879760742187500e+03
4.893981456756591797e+00,1.999999284744262695e-01,1.943926879882812500e+03
4.833851814270019531e+00,1.999999284744262695e-01,1.943972656250000000e+03
4.772617340087890625e+00,1.999999284744262695e-01,1.944016967773437500e+03
4.710314750671386719e+00,1.999999284744262695e-01,1.944059692382812500e+03
4.646982192993164062e+00,1.999999284744262695e-01,1.944100830078125000e+03
4.582657814025878906e+00,1.999999284744262695e-01,1.944140502929687500e+03
4.517379760742187500e+00,1.999999284744262695e-01,1.944178588867187500e+03
4.451188087463378906e+00,1.999999284744262695e-01,1.944214965820312500e+03
4.384121894836425781e+00,1.999999284744262695e-01,1.944249755859375000e+03
4.316222190856933594e+00,1.999999284744262695e-01,1.944282958984375000e+03
4.247529506683349609e+00,1.999999284744262695e-01,1.944314331054687500e+03
4.178085327148437500e+00,1.999999284744262695e-01,1.944344116210937500e+03
4.107931613922119141e+00,1.999999284744262695e-01,1.944372192382812500e+03
4.037110328674316406e+00,1.999999284744262695e-01,1.944398559570312500e+03
3.965664625167846680e+00,1.999999284744262695e-01,1.944423095703125000e+03
3.893637180328369141e+00,1.999999284744262695e-01,1.944445922851562500e+03
3.821071147918701172e+00,1.999999284744262695e-01,1.944466918945312500e+03
3.748010873794555664e+00,1.999999284744262695e-01,1.944486206054687500e+03
3.674499988555908203e+00,1.999999284744262695e-01,1.944503662109375000e+03
3.600582599639892578e+00,1.999999284744262695e-01,1.944519287109375000e+03
3.526303768157958984e+00,1.999999284744262695e-01,1.944533203125000000e+03
3.451707601547241211e+00,1.999999284744262695e-01,1.944545166015625000e+03
3.376839399337768555e+00,1.999999284744262695e-01,1.944555297851562500e+03
3.301744461059570312e+00,1.999999284744262695e-01,1.944563720703125000e+03
3.226467370986938477e+00,1.999999284744262695e-01,1.944570190429687500e+03
3.151054143905639648e+00,1.999999284744262695e-01,1.944574829101562500e+03
3.075549840927124023e+00,1.999999284744262695e-01,1.944577514648437500e+03
3.000000000000000000e+00,1.999999284744262695e-01,1.944578491210937500e+03
2.924450159072875977e+00,1.999999284744262695e-01,1.944577514648437500e+03
2.848945856094360352e+00,1.999999284744262695e-01,1.944574829101562500e+03
2.773532629013061523e+00,1.999999284744262695e-01,1.944570190429687500e+03
2.698255538940429688e+00,1.999999284744262695e-01,1.944563720703125000e+03
2.623160600662231445e+00,1.999999284744262695e-01,1.944555297851562500e+03
2.548292398452758789e+00,1.999999284744262695e-01,1.944545166015625000e+03
2.473696231842041016e+00,1.999999284744262695e-01,1.944533203125000000e+03
2.399417400360107422e+00,1.999999284744262695e-01,1.944519287109375000e+03
2.325500011444091797e+00,1.999999284744262695e-01,1.944503662109375000e+03
2.251989126205444336e+00,1.999999284744262695e-01,1.944486206054687500e+03
2.178928852081298828e+00,1.999999284744262695e-01,1.944466918945312500e+03
2.106362819671630859e+00,1.999999284744262695e-01,1.944445922851562500e+03
2.034335374832153320e+00,1.999999284744262695e-01,1.944423095703125000e+03
1.962889552116394043e+00,1.999999284744262695e-01,1.944398559570312500e+03
1.892068386077880859e+00,1.999999284744262695e-01,1.944372192382812500e+03
1.821914672851562500e+00,1.999999284744262695e-01,1.944344116210937500e+03
1.752470612525939941e+00,1.999999284744262695e-01,1.944314331054687500e+03
1.683777928352355957e+00,1.999999284744262695e-01,1.944282958984375000e+03
1.615878224372863770e+00,1.999999284744262695e-01,1.944249755859375000e+03
1.548812031745910645e+00,1.999999284744262695e-01,1.944214965820312500e+03
1.482620120048522949e+00,1.999999284744262695e-01,1.944178588867187500e+03
1.417342185974121094e+00,1.999999284744262695e-01,1.944140502929687500e+03
1.353017687797546387e+00,1.999999284744262695e-01,1.944100830078125000e+03
1.289685249328613281e+00,1.999999284744262695e-01,1.944059692382812500e+03
1.227382898330688477e+00,1.999999284744262695e-01,1.944016967773437500e+03
1.166148424148559570e+00,1.999999284744262695e-01,1.943972656250000000e+03
1.106018662452697754e+00,1.999999284744262695e-01,1.943926879882812500e+03
1.047029733657836914e+00,1.999999284744262695e-01,1.943879760742187500e+03
9.892170429229736328e-01,1.999999284744262695e-01,1.943831054687500000e+03
9.326155185699462891e-01,1.999999284744262695e-01,1.943781005859375000e+03
8.772594928741455078e-01,1.999999284744262695e-01,1.943729614257812500e+03
8.231821060180664062e-01,1.999999284744262695e-01,1.943676757812500000e+03
7.704160213470458984e-01,1.999999284744262695e-01,1.943622680664062500e+03
7.189929485321044922e-01,1.999999284744262695e-01,1.943567382812500000e+03
6.689436435699462891e-01,1.999999284744262695e-01,1.943510742187500000e+03
6.202988624572753906e-01,1.999999284744262695e-01,1.943453002929687500e+03
5.730869770050048828e-01,1.999999284744262695e-01,1.943393920898437500e+03
5.273373126983642578e-01,1.999999284744262695e-01,1.943333862304687500e+03
4.830772876739501953e-01,1.999999284744262695e-01,1.943272583007812500e+03
4.403328895568847656e-01,1.999999284744262695e-01,1.943210327148437500e+03
3.991305828094482422e-01,1.999999284744262695e-01,1.943146972656250000e+03
3.594951629638671875e-01,1.999999284744262695e-01,1.943082641601562500e+03
3.214499950408935547e-01,1.999999284744262695e-01,1.943017333984375000e+03
2.850184440612792969e-01,1.999999284744262695e-01,1.942951171875000000e+03
2.502222061157226562e-01,1.999999284744262695e-01,1.942884155273437500e+03
2.170822620391845703e-01,1.999999284744262695e-01,1.942816162109375000e+03
2.000000476837158203e-01,2.091978788375854492e-01,1.942741210937500000e+03
2.000000476837158203e-01,2.279412746429443359e-01,1.942659790039062500e+03
2.000000476837158203e-01,2.452504634857177734e-01,1.942580078125000000e+03
2.000000476837158203e-01,2.611873149871826172e-01,1.942501831054687500e+03
2.000002861022949219e-01,2.758080959320068359e-01,1.942425048828125000e+03
2.000000476837158203e-01,2.891631126403808594e-01,1.942349365234375000e+03
2.000002861022949219e-01,3.012976646423339844e-01,1.942274902343750000e+03
2.000002861022949219e-01,3.122516870498657227e-01,1.942201416015625000e+03
2.000000476837158203e-01,3.220608234405517578e-01,1.942128784179687500e+03
2.000000476837158203e-01,3.307571411132812500e-01,1.942057006835937500e+03
2.000000476837158203e-01,3.383680582046508789e-01,1.941985839843750000e+03
1.999998092651367188e-01,3.449174165725708008e-01,1.941915283203125000e+03
1.999998092651367188e-01,3.504256010055541992e-01,1.941845336914062500e+03
2.000000476837158203e-01,3.549096584320068359e-01,1.941775756835937500e+03
2.000000476837158203e-01,3.583831787109375000e-01,1.941706542968750000e+03
2.000002861022949219e-01,3.608568906784057617e-01,1.941637573242187500e+03
2.000002861022949219e-01,3.623381853103637695e-01,1.941568725585937500e+03
2.000000476837158203e-01,3.628312349319458008e-01,1.941500000000000000e+03
2.000002861022949219e-01,3.623381853103637695e-01,1.941431274414062500e+03
2.000002861022949219e-01,3.608568906784057617e-01,1.941362426757812500e+03
2.000000476837158203e-01,3.583831787109375000e-01,1.941293457031250000e+03
2.000000476837158203e-01,3.549096584320068359e-01,1.941224243164062500e+03
1.999998092651367188e-01,3.504256010055541992e-01,1.941154663085937500e+03
1.999998092651367188e-01,3.449174165725708008e-01,1.941084716796875000e+03
2.000000476837158203e-01,3.383680582046508789e-01,1.941014160156250000e+03
2.000000476837158203e-01,3.307571411132812500e-01,1.940942993164062500e+03
2.000000476837158203e-01,3.220608234405517578e-01,1.940871215820312500e+03
2.000002861022949219e-01,3.122516870498657227e-01,1.940798583984375000e+03
2.000002861022949219e-01,3.012976646423339844e-01,1.940725097656250000e+03
2.000000476837158203e-01,2.891631126403808594e-01,1.940650634765625000e+03
2.000002861022949219e-01,2.758080959320068359e-01,1.940574951171875000e+03
2.000000476837158203e-01,2.611873149871826172e-01,1.940498168945312500e+03
2.000000476837158203e-01,2.452504634857177734e-01,1.940419921875000000e+03
2.000000476837158203e-01,2.279412746429443359e-01,1.940340209960937500e+03
2.000000476837158203e-01,2.091978788375854492e-01,1.940258789062500000e+03
2.170822620391845703e-01,1.999999284744262695e-01,1.940183837890625000e+03
2.502222061157226562e-01,1.999999284744262695e-01,1.940115844726562500e+03
2.850184440612792969e-01,1.999999284744262695e-01,1.940048828125000000e+03
3.214499950408935547e-01,1.999999284744262695e-01,1.939982666015625000e+03
3.594951629638671875e-01,1.999999284744262695e-01,1.939917358398437500e+03
3.991305828094482422e-01,1.999999284744262695e-01,1.939853027343750000e+03
4.403328895568847656e-01,1.999999284744262695e-01,1.939789672851562500e+03
4.830772876739501953e-01,1.999999284744262695e-01,1.939727416992187500e+03
5.273373126983642578e-01,1.999999284744262695e-01,1.939666137695312500e+03
5.730869770050048828e-01,1.999999284744262695e-01,1.939606079101562500e+03
6.202988624572753906e-01,1.999999284744262695e-01,1.939546997070312500e+03
6.689436435699462891e-01,1.999999284744262695e-01,1.939489257812500000e+03
7.189929485321044922e-01,1.999999284744262695e-01,1.939432617187500000e+03
7.704160213470458984e-01,1.999999284744262695e-01,1.939377319335937500e+03
8.231821060180664062e-01,1.999999284744262695e-01,1.939323242187500000e+03
8.772594928741455078e-01,1.999999284744262695e-01,1.939270385742187500e+03
9.326155185699462891e-01,1.999999284744262695e-01,1.939218994140625000e+03
9.892170429229736328e-01,1.999999284744262695e-01,1.939168945312500000e+03
1.047029733657836914e+00,1.999999284744262695e-01,1.939120239257812500e+03
1.106018662452697754e+00,1.999999284744262695e-01,1.939073120117187500e+03
1.166148424148559570e+00,1.999999284744262695e-01,1.939027343750000000e+03
1.227382898330688477e+00,1.999999284744262695e-01,1.938983032226562500e+03
1.289685249328613281e+00,1.999999284744262695e-01,1.938940307617187500e+03
1.353017687797546387e+00,1.999999284744262695e-01,1.938899169921875000e+03
1.417342185974121094e+00,1.999999284744262695e-01,1.938859497070312500e+03
1.482620120048522949e+00,1.999999284744262695e-01,1.938821411132812500e+03
1.548812031745910645e+00,1.999999284744262695e-01,1.938785034179687500e+03
1.615878224372863770e+00,1.999999284744262695e-01,1.938750244140625000e+03
1.683777928352355957e+00,1.999999284744262695e-01,1.938717041015625000e+03
1.752470612525939941e+00,1.999999284744262695e-01,1.938685668945312500e+03
1.821914672851562500e+00,1.999999284744262695e-01,1.938655883789062500e+03
1.892068386077880859e+00,1.999999284744262695e-01,1.938627807617187500e+03
1.962889552116394043e+00,1.999999284744262695e-01,1.938601440429687500e+03
2.034335374832153320e+00,1.999999284744262695e-01,1.938576904296875000e+03
2.106362819671630859e+00,1.999999284744262695e-01,1.938554077148437500e+03
2.178928852081298828e+00,1.999999284744262695e-01,1.938533081054687500e+03
2.251989126205444336e+00,1.999999284744262695e-01,1.938513793945312500e+03
2.325500011444091797e+00,1.999999284744262695e-01,1.938496337890625000e+03
2.399417400360107422e+00,1.999999284744262695e-01,1.938480712890625000e+03
2.473696231842041016e+00,1.999999284744262695e-01,1.938466796875000000e+03
2.548292398452758789e+00,1.999999284744262695e-01,1.938454833984375000e+03
2.623160600662231445e+00,1.999999284744262695e-01,1.938444702148437500e+03
2.698255538940429688e+00,1.999999284744262695e-01,1.938436279296875000e+03
2.773532629013061523e+00,1.999999284744262695e-01,1.938429809570312500e+03
2.848945856094360352e+00,1.999999284744262695e-01,1.938425170898437500e+03
2.924450159072875977e+00,1.999999284744262695e-01,1.938422485351562500e+03
3.000000000000000000e+00,1.999999284744262695e-01,1.938421508789062500e+03
3.075549840927124023e+00,1.999999284744262695e-01,1.938422485351562500e+03
3.151054143905639648e+00,1.999999284744262695e-01,1.938425170898437500e+03
3.226467370986938477e+00,1.999999284744262695e-01,1.938429809570312500e+03
3.301744461059570312e+00,1.999999284744262695e-01,1.938436279296875000e+03
3.376839399337768555e+00,1.999999284744262695e-01,1.938444702148437500e+03
3.451707601547241211e+00,1.999999284744262695e-01,1.938454833984375000e+03
3.526303768157958984e+00,1.999999284744262695e-01,1.938466796875000000e+03
3.600582599639892578e+00,1.999999284744262695e-01,1.938480712890625000e+03
3.674499988555908203e+00,1.999999284744262695e-01,1.938496337890625000e+03
3.748010873794555664e+00,1.999999284744262695e-01,1.938513793945312500e+03
3.821071147918701172e+00,1.999999284744262695e-01,1.938533081054687500e+03
3.893637180328369141e+00,1.999999284744262695e-01,1.938554077148437500e+03
3.965664625167846680e+00,1.999999284744262695e-01,1.938576904296875000e+03
4.037110328674316406e+00,1.999999284744262695e-01,1.938601440429687500e+03
4.107931613922119141e+00,1.999999284744262695e-01,1.938627807617187500e+03
4.178085327148437500e+00,1.999999284744262695e-01,1.938655883789062500e+03
4.247529506683349609e+00,1.999999284744262695e-01,1.938685668945312500e+03
4.316222190856933594e+00,1.999999284744262695e-01,1.938717041015625000e+03
4.384121894836425781e+00,1.999999284744262695e-01,1.938750244140625000e+03
4.451188087463378906e+00,1.999999284744262695e-01,1.938785034179687500e+03
4.517379760742187500e+00,1.999999284744262695e-01,1.938821411132812500e+03
4.582657814025878906e+00,1.999999284744262695e-01,1.938859497070312500e+03
4.646982192993164062e+00,1.999999284744262695e-01,1.938899169921875000e+03
4.710314750671386719e+00,1.999999284744262695e-01,1.938940307617187500e+03
4.772617340087890625e+00,1.999999284744262695e-01,1.938983032226562500e+03
4.833851814270019531e+00,1.999999284744262695e-01,1.939027343750000000e+03
4.893981456756591797e+00,1.999999284744262695e-01,1.939073120117187500e+03
4.952970504760742188e+00,1.999999284744262695e-01,1.939120239257812500e+03
5.010783195495605469e+00,1.999999284744262695e-01,1.939168945312500000e+03
5.067384719848632812e+00,1.999999284744262695e-01,1.939218994140625000e+03
5.122740745544433594e+00,1.999999284744262695e-01,1.939270385742187500e+03
5.176817893981933594e+00,1.999999284744262695e-01,1.939323242187500000e+03
5.229583740234375000e+00,1.999999284744262695e-01,1.939377319335937500e+03
5.281006813049316406e+00,1.999999284744262695e-01,1.939432617187500000e+03
5.331056594848632812e+00,1.999999284744262695e-01,1.939489257812500000e+03
5.379701137542724609e+00,1.999999284744262695e-01,1.939546997070312500e+03
5.426913261413574219e+00,1.999999284744262695e-01,1.939606079101562500e+03
5.472662925720214844e+00,1.999999284744262695e-01,1.939666137695312500e+03
5.516922950744628906e+00,1.999999284744262695e-01,1.939727416992187500e+03
5.559667110443115234e+00,1.999999284744262695e-01,1.939789672851562500e+03
5.600869178771972656e+00,1.999999284744262695e-01,1.939853027343750000e+03
5.640504837036132812e+00,1.999999284744262695e-01,1.939917358398437500e+03
5.678549766540527344e+00,1.999999284744262695e-01,1.939982666015625000e+03
5.714981555938720703e+00,1.999999284744262695e-01,1.940048828125000000e+03
5.749777793884277344e+00,1.999999284744262695e-01,1.940115844726562500e+03
5.782917976379394531e+00,1.999999284744262695e-01,1.940183837890625000e+03
5.800000190734863281e+00,2.091976404190063477e-01,1.940258789062500000e+03
5.800000190734863281e+00,2.279410362243652344e-01,1.940340209960937500e+03
5.800000190734863281e+00,2.452503442764282227e-01,1.940419921875000000e+03
5.800000190734863281e+00,2.611870765686035156e-01,1.940498168945312500e+03
5.800000190734863281e+00,2.758078575134277344e-01,1.940574951171875000e+03
5.800000190734863281e+00,2.891628742218017578e-01,1.940650634765625000e+03
5.800000190734863281e+00,3.012974262237548828e-01,1.940725097656250000e+03
5.800000190734863281e+00,3.122514486312866211e-01,1.940798583984375000e+03
5.800000190734863281e+00,3.220605850219726562e-01,1.940871215820312500e+03
5.800000190734863281e+00,3.307570219039916992e-01,1.940942993164062500e+03
5.800000190734863281e+00,3.383679389953613281e-01,1.941014160156250000e+03
5.800000667572021484e+00,3.449171781539916992e-01,1.941084716796875000e+03
5.800000190734863281e+00,3.504254817962646484e-01,1.941154663085937500e+03
5.800000190734863281e+00,3.549094200134277344e-01,1.941224243164062500e+03
5.800000190734863281e+00,3.583829402923583984e-01,1.941293457031250000e+03
5.800000190734863281e+00,3.608566522598266602e-01,1.941362426757812500e+03
5.800000190734863281e+00,3.623379468917846680e-01,1.941431274414062500e+03
5.800000190734863281e+00,4.343247413635253906e-01,1.941500000000000000e+03
5.800000190734863281e+00,4.338530302047729492e-01,1.941568725585937500e+03
5.800000190734863281e+00,4.324363470077514648e-01,1.941637573242187500e+03
5.800000190734863281e+00,4.300707578659057617e-01,1.941706542968750000e+03
5.800000190734863281e+00,4.267488718032836914e-01,1.941775756835937500e+03
5.800000190734863281e+00,4.224607944488525391e-01,1.941845336914062500e+03
5.800000190734863281e+00,4.171931743621826172e-01,1.941915283203125000e+03
5.800000190734863281e+00,4.109297990798950195e-01,1.941985839843750000e+03
5.800000190734863281e+00,4.036511182785034180e-01,1.942057006835937500e+03
5.800000190734863281e+00,3.953347206115722656e-01,1.942128784179687500e+03
5.800000190734863281e+00,3.859537839889526367e-01,1.942201416015625000e+03
5.800000190734863281e+00,3.754780292510986328e-01,1.942274902343750000e+03
5.800000190734863281e+00,3.638736009597778320e-01,1.942349365234375000e+03
5.800000190734863281e+00,3.511017560958862305e-01,1.942425048828125000e+03
5.800000190734863281e+00,3.371193408966064453e-01,1.942501831054687500e+03
5.800000190734863281e+00,3.218785524368286133e-01,1.942580078125000000e+03
5.800000190734863281e+00,3.053252696990966797e-01,1.942659790039062500e+03
5.800000190734863281e+00,2.874002456665039062e-01,1.942741210937500000e+03
5.800000190734863281e+00,2.680377960205078125e-01,1.942824340820312500e+03
5.800000190734863281e+00,2.471643686294555664e-01,1.942909423828125000e+03
5.800000190734863281e+00,2.246993780136108398e-01,1.942996582031250000e+03
5.800000190734863281e+00,2.005530595779418945e-01,1.943086181640625000e+03
5.761078834533691406e+00,2.000000476837158203e-01,1.943154907226562500e+03
5.719633102416992188e+00,2.000000476837158203e-01,1.943222167968750000e+03
5.676548957824707031e+00,2.000000476837158203e-01,1.943288452148437500e+03
5.631853103637695312e+00,2.000000476837158203e-01,1.943353515625000000e+03
5.585572242736816406e+00,2.000000476837158203e-01,1.943417602539062500e+03
5.537733078002929688e+00,2.000000476837158203e-01,1.943480468750000000e+03
5.488366127014160156e+00,2.000000476837158203e-01,1.943542114257812500e+03
5.437499523162841797e+00,2.000000476837158203e-01,1.943602661132812500e+03
5.385165214538574219e+00,2.000000476837158203e-01,1.943661743164062500e+03
5.331393718719482422e+00,2.000000476837158203e-01,1.943719726562500000e+03
5.276218414306640625e+00,2.000000476837158203e-01,1.943776245117187500e+03
5.219671249389648438e+00,2.000000476837158203e-01,1.943831420898437500e+03
5.161787509918212891e+00,2.000000476837158203e-01,1.943885131835937500e+03
5.102602005004882812e+00,2.000000476837158203e-01,1.943937500000000000e+03
5.042149066925048828e+00,2.000000476837158203e-01,1.943988403320312500e+03
4.980466842651367188e+00,2.000000476837158203e-01,1.944037719726562500e+03
4.917590618133544922e+00,2.000000476837158203e-01,1.944085571289062500e+03
4.853560447692871094e+00,2.000000476837158203e-01,1.944131835937500000e+03
4.788413047790527344e+00,2.000000476837158203e-01,1.944176513671875000e+03
4.722188949584960938e+00,2.000000476837158203e-01,1.944219604492187500e+03
4.654926776885986328e+00,2.000000476837158203e-01,1.944261108398437500e+03
4.586668014526367188e+00,2.000000476837158203e-01,1.944300903320312500e+03
4.517453670501708984e+00,2.000000476837158203e-01,1.944338989257812500e+03
4.447325229644775391e+00,2.000000476837158203e-01,1.944375366210937500e+03
4.376324653625488281e+00,2.000000476837158203e-01,1.944410034179687500e+03
4.304495334625244141e+00,2.000000476837158203e-01,1.944442871093750000e+03
4.231880187988281250e+00,2.000000476837158203e-01,1.944473999023437500e+03
4.158523082733154297e+00,2.000000476837158203e-01,1.944503417968750000e+03
4.084467887878417969e+00,2.000000476837158203e-01,1.944530883789062500e+03
4.009759902954101562e+00,2.000000476837158203e-01,1.944556640625000000e+03
3.934443473815917969e+00,2.000000476837158203e-01,1.944580444335937500e+03
3.858563899993896484e+00,2.000000476837158203e-01,1.944602416992187500e+03
3.782167434692382812e+00,2.000000476837158203e-01,1.944622558593750000e+03
3.705299615859985352e+00,2.000000476837158203e-01,1.944640869140625000e+03
3.628007173538208008e+00,2.000000476837158203e-01,1.944657226562500000e+03
3.550336360931396484e+00,2.000000476837158203e-01,1.944671630859375000e+03
3.472333908081054688e+00,2.000000476837158203e-01,1.944684204101562500e+03
3.394047021865844727e+00,2.000000476837158203e-01,1.944694824218750000e+03
3.315522909164428711e+00,2.000000476837158203e-01,1.944703613281250000e+03
3.236808538436889648e+00,2.000000476837158203e-01,1.944710327148437500e+03
3.157951831817626953e+00,2.000000476837158203e-01,1.944715209960937500e+03
3.078999757766723633e+00,2.000000476837158203e-01,1.944718139648437500e+03
3.000000000000000000e+00,2.000000476837158203e-01,1.944719116210937500e+03
2.921000242233276367e+00,2.000000476837158203e-01,1.944718139648437500e+03
2.842048168182373047e+00,2.000000476837158203e-01,1.944715209960937500e+03
2.763191461563110352e+00,2.000000476837158203e-01,1.944710327148437500e+03
2.684477090835571289e+00,2.000000476837158203e-01,1.944703613281250000e+03
2.605952978134155273e+00,2.000000476837158203e-01,1.944694824218750000e+03
2.527666091918945312e+00,2.000000476837158203e-01,1.944684204101562500e+03
2.449663639068603516e+00,2.000000476837158203e-01,1.944671630859375000e+03
2.371992826461791992e+00,2.000000476837158203e-01,1.944657226562500000e+03
2.294700384140014648e+00,2.000000476837158203e-01,1.944640869140625000e+03
2.217832565307617188e+00,2.000000476837158203e-01,1.944622558593750000e+03
2.141436100006103516e+00,2.000000476837158203e-01,1.944602416992187500e+03
2.065556526184082031e+00,2.000000476837158203e-01,1.944580444335937500e+03
1.990240097045898438e+00,2.000000476837158203e-01,1.944556640625000000e+03
1.915531873703002930e+00,2.000000476837158203e-01,1.944530883789062500e+03
1.841476798057556152e+00,2.000000476837158203e-01,1.944503417968750000e+03
1.768119692802429199e+00,2.000000476837158203e-01,1.944473999023437500e+03
1.695504546165466309e+00,2.000000476837158203e-01,1.944442871093750000e+03
1.623675227165222168e+00,2.000000476837158203e-01,1.944410034179687500e+03
1.552674889564514160e+00,2.000000476837158203e-01,1.944375366210937500e+03
1.482546329498291016e+00,2.000000476837158203e-01,1.944338989257812500e+03
1.413331866264343262e+00,2.000000476837158203e-01,1.944300903320312500e+03
1.345073223114013672e+00,2.000000476837158203e-01,1.944261108398437500e+03
1.277811288833618164e+00,2.000000476837158203e-01,1.944219604492187500e+03
1.211586952209472656e+00,2.000000476837158203e-01,1.944176513671875000e+03
1.146439790725708008e+00,2.000000476837158203e-01,1.944131835937500000e+03
1.082409262657165527e+00,2.000000476837158203e-01,1.944085571289062500e+03
1.019533395767211914e+00,2.000000476837158203e-01,1.944037719726562500e+03
9.578509330749511719e-01,2.000000476837158203e-01,1.943988403320312500e+03
8.973982334136962891e-01,2.000000476837158203e-01,1.943937500000000000e+03
8.382124900817871094e-01,2.000000476837158203e-01,1.943885131835937500e+03
7.803287506103515625e-01,2.000000476837158203e-01,1.943831420898437500e+03
7.237818241119384766e-01,2.000000476837158203e-01,1.943776245117187500e+03
6.686062812805175781e-01,2.000000476837158203e-01,1.943719726562500000e+03
6.148350238800048828e-01,2.000000476837158203e-01,1.943661743164062500e+03
5.625004768371582031e-01,2.000000476837158203e-01,1.943602661132812500e+03
5.116341114044189453e-01,2.000000476837158203e-01,1.943542114257812500e+03
4.622666835784912109e-01,2.000000476837158203e-01,1.943480468750000000e+03
4.144279956817626953e-01,2.000000476837158203e-01,1.943417602539062500e+03
3.681466579437255859e-01,2.000000476837158203e-01,1.943353515625000000e+03
3.234508037567138672e-01,2.000000476837158203e-01,1.943288452148437500e+03
2.803668975830078125e-01,2.000000476837158203e-01,1.943222167968750000e+03
2.389214038848876953e-01,2.000000476837158203e-01,1.943154907226562500e+03
2.000000476837158203e-01,2.005532979965209961e-01,1.943086181640625000e+03
1.999998092651367188e-01,2.246994972229003906e-01,1.942996582031250000e+03
2.000000476837158203e-01,2.471646070480346680e-01,1.942909423828125000e+03
2.000000476837158203e-01,2.680380344390869141e-01,1.942824340820312500e+03
1.999998092651367188e-01,2.874003648757934570e-01,1.942741210937500000e+03
2.000000476837158203e-01,3.053255081176757812e-01,1.942659790039062500e+03
2.000000476837158203e-01,3.218786716461181641e-01,1.942580078125000000e+03
2.000000476837158203e-01,3.371195793151855469e-01,1.942501831054687500e+03
2.000000476837158203e-01,3.511018753051757812e-01,1.942425048828125000e+03
2.000002861022949219e-01,3.638738393783569336e-01,1.942349365234375000e+03
2.000000476837158203e-01,3.754782676696777344e-01,1.942274902343750000e+03
2.000002861022949219e-01,3.859540224075317383e-01,1.942201416015625000e+03
2.000000476837158203e-01,3.953349590301513672e-01,1.942128784179687500e+03
2.000000476837158203e-01,4.036513566970825195e-01,1.942057006835937500e+03
2.000000476837158203e-01,4.109300374984741211e-01,1.941985839843750000e+03
2.000002861022949219e-01,4.171934127807617188e-01,1.941915283203125000e+03
2.000000476837158203e-01,4.224610328674316406e-01,1.941845336914062500e+03
1.999998092651367188e-01,4.267489910125732422e-01,1.941775756835937500e+03
2.000000476837158203e-01,4.300709962844848633e-01,1.941706542968750000e+03
1.999998092651367188e-01,4.324364662170410156e-01,1.941637573242187500e+03
2.000000476837158203e-01,4.338531494140625000e-01,1.941568725585937500e+03
2.000000476837158203e-01,4.343248605728149414e-01,1.941500000000000000e+03
2.000000476837158203e-01,4.338531494140625000e-01,1.941431274414062500e+03
1.999998092651367188e-01,4.324364662170410156e-01,1.941362426757812500e+03
2.000000476837158203e-01,4.300709962844848633e-01,1.941293457031250000e+03
1.999998092651367188e-01,4.267489910125732422e-01,1.941224243164062500e+03
2.000000476837158203e-01,4.224610328674316406e-01,1.941154663085937500e+03
2.000002861022949219e-01,4.171934127807617188e-01,1.941084716796875000e+03
2.000000476837158203e-01,4.109300374984741211e-01,1.941014160156250000e+03
2.000000476837158203e-01,4.036513566970825195e-01,1.940942993164062500e+03
2.000000476837158203e-01,3.953349590301513672e-01,1.940871215820312500e+03
2.000002861022949219e-01,3.859540224075317383e-01,1.940798583984375000e+03
2.000000476837158203e-01,3.754782676696777344e-01,1.940725097656250000e+03
2.000002861022949219e-01,3.638738393783569336e-01,1.940650634765625000e+03
2.000000476837158203e-01,3.511018753051757812e-01,1.940574951171875000e+03
2.000000476837158203e-01,3.371195793151855469e-01,1.940498168945312500e+03
2.000000476837158203e-01,3.218786716461181641e-01,1.940419921875000000e+03
2.000000476837158203e-01,3.053255081176757812e-01,1.940340209960937500e+03
1.999998092651367188e-01,2.874003648757934570e-01,1.940258789062500000e+03
2.000000476837158203e-01,2.680380344390869141e-01,1.940175659179687500e+03
2.000000476837158203e-01,2.471646070480346680e-01,1.940090576171875000e+03
1.999998092651367188e-01,2.246994972229003906e-01,1.940003417968750000e+03
2.000000476837158203e-01,2.005532979965209961e-01,1.939913818359375000e+03
2.389214038848876953e-01,2.000000476837158203e-01,1.939845092773437500e+03
2.803668975830078125e-01,2.000000476837158203e-01,1.939777832031250000e+03
3.234508037567138672e-01,2.000000476837158203e-01,1.939711547851562500e+03
3.681466579437255859e-01,2.000000476837158203e-01,1.939646484375000000e+03
4.144279956817626953e-01,2.000000476837158203e-01,1.939582397460937500e+03
4.622666835784912109e-01,2.000000476837158203e-01,1.939519531250000000e+03
5.116341114044189453e-01,2.000000476837158203e-01,1.939457885742187500e+03
5.625004768371582031e-01,2.000000476837158203e-01,1.939397338867187500e+03
6.148350238800048828e-01,2.000000476837158203e-01,1.939338256835937500e+03
6.686062812805175781e-01,2.000000476837158203e-01,1.939280273437500000e+03
7.237818241119384766e-01,2.000000476837158203e-01,1.939223754882812500e+03
7.803287506103515625e-01,2.000000476837158203e-01,1.939168579101562500e+03
8.382124900817871094e-01,2.000000476837158203e-01,1.939114868164062500e+03
8.973982334136962891e-01,2.000000476837158203e-01,1.939062500000000000e+03
9.578509330749511719e-01,2.000000476837158203e-01,1.939011596679687500e+03
1.019533395767211914e+00,2.000000476837158203e-01,1.938962280273437500e+03
1.082409262657165527e+00,2.000000476837158203e-01,1.938914428710937500e+03
1.146439790725708008e+00,2.000000476837158203e-01,1.938868164062500000e+03
1.211586952209472656e+00,2.000000476837158203e-01,1.938823486328125000e+03
1.277811288833618164e+00,2.000000476837158203e-01,1.938780395507812500e+03
1.345073223114013672e+00,2.000000476837158203e-01,1.938738891601562500e+03
1.413331866264343262e+00,2.000000476837158203e-01,1.938699096679687500e+03
1.482546329498291016e+00,2.000000476837158203e-01,1.938661010742187500e+03
1.552674889564514160e+00,2.000000476837158203e-01,1.938624633789062500e+03
1.623675227165222168e+00,2.000000476837158203e-01,1.938589965820312500e+03
1.695504546165466309e+00,2.000000476837158203e-01,1.938557128906250000e+03
1.768119692802429199e+00,2.000000476837158203e-01,1.938526000976562500e+03
1.841476798057556152e+00,2.000000476837158203e-01,1.938496582031250000e+03
1.915531873703002930e+00,2.000000476837158203e-01,1.938469116210937500e+03
1.990240097045898438e+00,2.000000476837158203e-01,1.938443359375000000e+03
2.065556526184082031e+00,2.000000476837158203e-01,1.938419555664062500e+03
2.141436100006103516e+00,2.000000476837158203e-01,1.938397583007812500e+03
2.217832565307617188e+00,2.000000476837158203e-01,1.938377441406250000e+03
2.294700384140014648e+00,2.000000476837158203e-01,1.938359130859375000e+03
2.371992826461791992e+00,2.000000476837158203e-01,1.938342773437500000e+03
2.449663639068603516e+00,2.000000476837158203e-01,1.938328369140625000e+03
2.527666091918945312e+00,2.000000476837158203e-01,1.938315795898437500e+03
2.605952978134155273e+00,2.000000476837158203e-01,1.938305175781250000e+03
2.684477090835571289e+00,2.000000476837158203e-01,1.938296386718750000e+03
2.763191461563110352e+00,2.000000476837158203e-01,1.938289672851562500e+03
2.842048168182373047e+00,2.000000476837158203e-01,1.938284790039062500e+03
2.921000242233276367e+00,2.000000476837158203e-01,1.938281860351562500e+03
3.000000000000000000e+00,2.000000476837158203e-01,1.938280883789062500e+03
3.078999757766723633e+00,2.000000476837158203e-01,1.938281860351562500e+03
3.157951831817626953e+00,2.000000476837158203e-01,1.938284790039062500e+03
3.236808538436889648e+00,2.000000476837158203e-01,1.938289672851562500e+03
3.315522909164428711e+00,2.000000476837158203e-01,1.938296386718750000e+03
3.394047021865844727e+00,2.000000476837158203e-01,1.938305175781250000e+03
3.472333908081054688e+00,2.000000476837158203e-01,1.938315795898437500e+03
3.550336360931396484e+00,2.000000476837158203e-01,1.938328369140625000e+03
3.628007173538208008e+00,2.000000476837158203e-01,1.938342773437500000e+03
3.705299615859985352e+00,2.000000476837158203e-01,1.938359130859375000e+03
3.782167434692382812e+00,2.000000476837158203e-01,1.938377441406250000e+03
3.858563899993896484e+00,2.000000476837158203e-01,1.938397583007812500e+03
3.934443473815917969e+00,2.000000476837158203e-01,1.938419555664062500e+03
4.009759902954101562e+00,2.000000476837158203e-01,1.938443359375000000e+03
4.084467887878417969e+00,2.000000476837158203e-01,1.938469116210937500e+03
4.158523082733154297e+00,2.000000476837158203e-01,1.938496582031250000e+03
4.231880187988281250e+00,2.000000476837158203e-01,1.938526000976562500e+03
4.304495334625244141e+00,2.000000476837158203e-01,1.938557128906250000e+03
4.376324653625488281e+00,2.000000476837158203e-01,1.938589965820312500e+03
4.447325229644775391e+00,2.000000476837158203e-01,1.938624633789062500e+03
4.517453670501708984e+00,2.000000476837158203e-01,1.938661010742187500e+03
4.586668014526367188e+00,2.000000476837158203e-01,1.938699096679687500e+03
4.654926776885986328e+00,2.000000476837158203e-01,1.938738891601562500e+03
4.722188949584960938e+00,2.000000476837158203e-01,1.938780395507812500e+03
4.788413047790527344e+00,2.000000476837158203e-01,1.938823486328125000e+03
4.853560447692871094e+00,2.000000476837158203e-01,1.938868164062500000e+03
4.917590618133544922e+00,2.000000476837158203e-01,1.938914428710937500e+03
4.980466842651367188e+00,2.000000476837158203e-01,1.938962280273437500e+03
5.042149066925048828e+00,2.000000476837158203e-01,1.939011596679687500e+03
5.102602005004882812e+00,2.000000476837158203e-01,1.939062500000000000e+03
5.161787509918212891e+00,2.000000476837158203e-01,1.939114868164062500e+03
5.219671249389648438e+00,2.000000476837158203e-01,1.939168579101562500e+03
5.276218414306640625e+00,2.000000476837158203e-01,1.939223754882812500e+03
5.331393718719482422e+00,2.000000476837158203e-01,1.939280273437500000e+03
5.385165214538574219e+00,2.000000476837158203e-01,1.939338256835937500e+03
5.437499523162841797e+00,2.000000476837158203e-01,1.939397338867187500e+03
5.488366127014160156e+00,2.000000476837158203e-01,1.939457885742187500e+03
5.537733078002929688e+00,2.000000476837158203e-01,1.939519531250000000e+03
5.585572242736816406e+00,2.000000476837158203e-01,1.939582397460937500e+03
5.631853103637695312e+00,2.000000476837158203e-01,1.939646484375000000e+03
5.676548957824707031e+00,2.000000476837158203e-01,1.939711547851562500e+03
5.719633102416992188e+00,2.000000476837158203e-01,1.939777832031250000e+03
5.761078834533691406e+00,2.000000476837158203e-01,1.939845092773437500e+03
5.800000190734863281e+00,2.005530595779418945e-01,1.939913818359375000e+03
5.800000190734863281e+00,2.246993780136108398e-01,1.940003417968750000e+03
5.800000190734863281e+00,2.471643686294555664e-01,1.940090576171875000e+03
5.800000190734863281e+00,2.680377960205078125e-01,1.940175659179687500e+03
5.800000190734863281e+00,2.874002456665039062e-01,1.940258789062500000e+03
5.800000190734863281e+00,3.053252696990966797e-01,1.940340209960937500e+03
5.800000190734863281e+00,3.218785524368286133e-01,1.940419921875000000e+03
5.800000190734863281e+00,3.371193408966064453e-01,1.940498168945312500e+03
5.800000190734863281e+00,3.511017560958862305e-01,1.940574951171875000e+03
5.800000190734863281e+00,3.638736009597778320e-01,1.940650634765625000e+03
5.800000190734863281e+00,3.754780292510986328e-01,1.940725097656250000e+03
5.800000190734863281e+00,3.859537839889526367e-01,1.940798583984375000e+03
5.800000190734863281e+00,3.953347206115722656e-01,1.940871215820312500e+03
5.800000190734863281e+00,4.036511182785034180e-01,1.940942993164062500e+03
5.800000190734863281e+00,4.109297990798950195e-01,1.941014160156250000e+03
5.800000190734863281e+00,4.171931743621826172e-01,1.941084716796875000e+03
5.800000190734863281e+00,4.224607944488525391e-01,1.941154663085937500e+03
5.800000190734863281e+00,4.267488718032836914e-01,1.941224243164062500e+03
5.800000190734863281e+00,4.300707578659057617e-01,1.941293457031250000e+03
5.800000190734863281e+00,4.324363470077514648e-01,1.941362426757812500e+03
5.800000190734863281e+00,4.338530302047729492e-01,1.941431274414062500e+03
5.800000190734863281e+00,5.042961835861206055e-01,1.941500000000000000e+03
5.800000190734863281e+00,5.038454532623291016e-01,1.941568725585937500e+03
5.800000190734863281e+00,5.024923086166381836e-01,1.941637573242187500e+03
5.800000190734863281e+00,5.002326965332031250e-01,1.941706542968750000e+03
5.800000190734863281e+00,4.970589876174926758e-01,1.941775756835937500e+03
5.800000190734863281e+00,4.929625988006591797e-01,1.941845336914062500e+03
5.800000190734863281e+00,4.879302978515625000e-01,1.941915283203125000e+03
5.800000190734863281e+00,4.819468259811401367e-01,1.941985839843750000e+03
5.800000190734863281e+00,4.749934673309326172e-01,1.942057006835937500e+03
5.800000190734863281e+00,4.670487642288208008e-01,1.942128784179687500e+03
5.800000190734863281e+00,4.580869674682617188e-01,1.942201416015625000e+03
5.800000190734863281e+00,4.480794668197631836e-01,1.942274902343750000e+03
5.800000190734863281e+00,4.369935989379882812e-01,1.942349365234375000e+03
5.800000190734863281e+00,4.247926473617553711e-01,1.942425048828125000e+03
5.800000190734863281e+00,4.114351272583007812e-01,1.942501831054687500e+03
5.800000190734863281e+00,3.968755006790161133e-01,1.942580078125000000e+03
5.800000190734863281e+00,3.810619115829467773e-01,1.942659790039062500e+03
5.800000190734863281e+00,3.639379739761352539e-01,1.942741210937500000e+03
5.800000190734863281e+00,3.454408645629882812e-01,1.942824340820312500e+03
5.800000190734863281e+00,3.255002498626708984e-01,1.942909423828125000e+03
5.800000190734863281e+00,3.040393590927124023e-01,1.942996582031250000e+03
5.800000190734863281e+00,2.809721231460571289e-01,1.943086181640625000e+03
5.800000190734863281e+00,2.562037706375122070e-01,1.943178222656250000e+03
5.800000190734863281e+00,2.296295166015625000e-01,1.943273071289062500e+03
5.800000190734863281e+00,2.011321783065795898e-01,1.943370849609375000e+03
5.754975795745849609e+00,1.999999284744262695e-01,1.943440307617187500e+03
5.706529617309570312e+00,1.999999284744262695e-01,1.943507324218750000e+03
5.656452655792236328e+00,1.999999284744262695e-01,1.943573120117187500e+03
5.604775428771972656e+00,1.999999284744262695e-01,1.943637695312500000e+03
5.551529884338378906e+00,1.999999284744262695e-01,1.943700927734375000e+03
5.496747016906738281e+00,1.999999284744262695e-01,1.943762939453125000e+03
5.440460205078125000e+00,1.999999284744262695e-01,1.943823486328125000e+03
5.382703304290771484e+00,1.999999284744262695e-01,1.943882690429687500e+03
5.323511123657226562e+00,1.999999284744262695e-01,1.943940429687500000e+03
5.262919425964355469e+00,1.999999284744262695e-01,1.943996704101562500e+03
5.200964927673339844e+00,1.999999284744262695e-01,1.944051513671875000e+03
5.137684345245361328e+00,1.999999284744262695e-01,1.944104736328125000e+03
5.073116302490234375e+00,1.999999284744262695e-01,1.944156494140625000e+03
5.007298946380615234e+00,1.999999284744262695e-01,1.944206542968750000e+03
4.940272808074951172e+00,1.999999284744262695e-01,1.944255004882812500e+03
4.872077941894531250e+00,1.999999284744262695e-01,1.944301757812500000e+03
4.802755355834960938e+00,1.999999284744262695e-01,1.944346801757812500e+03
4.732347011566162109e+00,1.999999284744262695e-01,1.944390258789062500e+03
4.660895347595214844e+00,1.999999284744262695e-01,1.944431884765625000e+03
4.588442802429199219e+00,1.999999284744262695e-01,1.944471801757812500e+03
4.515033721923828125e+00,1.999999284744262695e-01,1.944509887695312500e+03
4.440711498260498047e+00,1.999999284744262695e-01,1.944546142578125000e+03
4.365521907806396484e+00,1.999999284744262695e-01,1.944580566406250000e+03
4.289509773254394531e+00,1.999999284744262695e-01,1.944613159179687500e+03
4.212720870971679688e+00,1.999999284744262695e-01,1.944643920898437500e+03
4.135201454162597656e+00,1.999999284744262695e-01,1.944672729492187500e+03
4.056998252868652344e+00,1.999999284744262695e-01,1.944699584960937500e+03
3.978158235549926758e+00,1.999999284744262695e-01,1.944724609375000000e+03
3.898729085922241211e+00,1.999999284744262695e-01,1.944747558593750000e+03
3.818758487701416016e+00,1.999999284744262695e-01,1.944768676757812500e+03
3.738294839859008789e+00,1.999999284744262695e-01,1.944787719726562500e+03
3.657386302947998047e+00,1.999999284744262695e-01,1.944804931640625000e+03
3.576081991195678711e+00,1.999999284744262695e-01,1.944820068359375000e+03
3.494430541992187500e+00,1.999999284744262695e-01,1.944833129882812500e+03
3.412481307983398438e+00,1.999999284744262695e-01,1.944844360351562500e+03
3.330283641815185547e+00,1.999999284744262695e-01,1.944853393554687500e+03
3.247886896133422852e+00,1.999999284744262695e-01,1.944860473632812500e+03
3.165340900421142578e+00,1.999999284744262695e-01,1.944865600585937500e+03
3.082695484161376953e+00,1.999999284744262695e-01,1.944868652343750000e+03
3.000000000000000000e+00,1.999999284744262695e-01,1.944869628906250000e+03
2.917304515838623047e+00,1.999999284744262695e-01,1.944868652343750000e+03
2.834659099578857422e+00,1.999999284744262695e-01,1.944865600585937500e+03
2.752113103866577148e+00,1.999999284744262695e-01,1.944860473632812500e+03
2.669716358184814453e+00,1.999999284744262695e-01,1.944853393554687500e+03
2.587518692016601562e+00,1.999999284744262695e-01,1.944844360351562500e+03
2.505569458007812500e+00,1.999999284744262695e-01,1.944833129882812500e+03
2.423918008804321289e+00,1.999999284744262695e-01,1.944820068359375000e+03
2.342613697052001953e+00,1.999999284744262695e-01,1.944804931640625000e+03
2.261705160140991211e+00,1.999999284744262695e-01,1.944787719726562500e+03
2.181241512298583984e+00,1.999999284744262695e-01,1.944768676757812500e+03
2.101270914077758789e+00,1.999999284744262695e-01,1.944747558593750000e+03
2.021841764450073242e+00,1.999999284744262695e-01,1.944724609375000000e+03
1.943001866340637207e+00,1.999999284744262695e-01,1.944699584960937500e+03
1.864798665046691895e+00,1.999999284744262695e-01,1.944672729492187500e+03
1.787279129028320312e+00,1.999999284744262695e-01,1.944643920898437500e+03
1.710490226745605469e+00,1.999999284744262695e-01,1.944613159179687500e+03
1.634477972984313965e+00,1.999999284744262695e-01,1.944580566406250000e+03
1.559288382530212402e+00,1.999999284744262695e-01,1.944546142578125000e+03
1.484966516494750977e+00,1.999999284744262695e-01,1.944509887695312500e+03
1.411557316780090332e+00,1.999999284744262695e-01,1.944471801757812500e+03
1.339104890823364258e+00,1.999999284744262695e-01,1.944431884765625000e+03
1.267652988433837891e+00,1.999999284744262695e-01,1.944390258789062500e+03
1.197244524955749512e+00,1.999999284744262695e-01,1.944346801757812500e+03
1.127921938896179199e+00,1.999999284744262695e-01,1.944301757812500000e+03
1.059727072715759277e+00,1.999999284744262695e-01,1.944255004882812500e+03
9.927010536193847656e-01,1.999999284744262695e-01,1.944206542968750000e+03
9.268839359283447266e-01,1.999999284744262695e-01,1.944156494140625000e+03
8.623156547546386719e-01,1.999999284744262695e-01,1.944104736328125000e+03
7.990353107452392578e-01,1.999999284744262695e-01,1.944051513671875000e+03
7.370803356170654297e-01,1.999999284744262695e-01,1.943996704101562500e+03
6.764888763427734375e-01,1.999999284744262695e-01,1.943940429687500000e+03
6.172966957092285156e-01,1.999999284744262695e-01,1.943882690429687500e+03
5.595397949218750000e-01,1.999999284744262695e-01,1.943823486328125000e+03
5.032529830932617188e-01,1.999999284744262695e-01,1.943762939453125000e+03
4.484701156616210938e-01,1.999999284744262695e-01,1.943700927734375000e+03
3.952243328094482422e-01,1.999999284744262695e-01,1.943637695312500000e+03
3.435473442077636719e-01,1.999999284744262695e-01,1.943573120117187500e+03
2.934703826904296875e-01,1.999999284744262695e-01,1.943507324218750000e+03
2.450242042541503906e-01,1.999999284744262695e-01,1.943440307617187500e+03
2.000000476837158203e-01,2.011324167251586914e-01,1.943370849609375000e+03
2.000000476837158203e-01,2.296297550201416016e-01,1.943273071289062500e+03
2.000000476837158203e-01,2.562038898468017578e-01,1.943178222656250000e+03
2.000000476837158203e-01,2.809723615646362305e-01,1.943086181640625000e+03
2.000000476837158203e-01,3.040395975112915039e-01,1.942996582031250000e+03
1.999998092651367188e-01,3.255003690719604492e-01,1.942909423828125000e+03
2.000002861022949219e-01,3.454411029815673828e-01,1.942824340820312500e+03
2.000000476837158203e-01,3.639382123947143555e-01,1.942741210937500000e+03
2.000002861022949219e-01,3.810621500015258789e-01,1.942659790039062500e+03
2.000002861022949219e-01,3.968756198883056641e-01,1.942580078125000000e+03
2.000002861022949219e-01,4.114353656768798828e-01,1.942501831054687500e+03
2.000000476837158203e-01,4.247927665710449219e-01,1.942425048828125000e+03
2.000000476837158203e-01,4.369938373565673828e-01,1.942349365234375000e+03
1.999998092651367188e-01,4.480795860290527344e-01,1.942274902343750000e+03
2.000000476837158203e-01,4.580870866775512695e-01,1.942201416015625000e+03
2.000002861022949219e-01,4.670490026473999023e-01,1.942128784179687500e+03
2.000000476837158203e-01,4.749937057495117188e-01,1.942057006835937500e+03
2.000002861022949219e-01,4.819470643997192383e-01,1.941985839843750000e+03
1.999998092651367188e-01,4.879304170608520508e-01,1.941915283203125000e+03
2.000002861022949219e-01,4.929628372192382812e-01,1.941845336914062500e+03
2.000000476837158203e-01,4.970592260360717773e-01,1.941775756835937500e+03
2.000002861022949219e-01,5.002328157424926758e-01,1.941706542968750000e+03
1.999998092651367188e-01,5.024924278259277344e-01,1.941637573242187500e+03
1.999998092651367188e-01,5.038456916809082031e-01,1.941568725585937500e+03
2.000002861022949219e-01,5.042964220046997070e-01,1.941500000000000000e+03
1.999998092651367188e-01,5.038456916809082031e-01,1.941431274414062500e+03
1.999998092651367188e-01,5.024924278259277344e-01,1.941362426757812500e+03
2.000002861022949219e-01,5.002328157424926758e-01,1.941293457031250000e+03
2.000000476837158203e-01,4.970592260360717773e-01,1.941224243164062500e+03
2.000002861022949219e-01,4.929628372192382812e-01,1.941154663085937500e+03
1.999998092651367188e-01,4.879304170608520508e-01,1.941084716796875000e+03
2.000002861022949219e-01,4.819470643997192383e-01,1.941014160156250000e+03
2.000000476837158203e-01,4.749937057495117188e-01,1.940942993164062500e+03
2.000002861022949219e-01,4.670490026473999023e-01,1.940871215820312500e+03
2.000000476837158203e-01,4.580870866775512695e-01,1.940798583984375000e+03
1.999998092651367188e-01,4.480795860290527344e-01,1.940725097656250000e+03
2.000000476837158203e-01,4.369938373565673828e-01,1.940650634765625000e+03
2.000000476837158203e-01,4.247927665710449219e-01,1.940574951171875000e+03
2.000002861022949219e-01,4.114353656768798828e-01,1.940498168945312500e+03
2.000002861022949219e-01,3.968756198883056641e-01,1.940419921875000000e+03
2.000002861022949219e-01,3.810621500015258789e-01,1.940340209960937500e+03
2.000000476837158203e-01,3.639382123947143555e-01,1.940258789062500000e+03
2.000002861022949219e-01,3.454411029815673828e-01,1.940175659179687500e+03
1.999998092651367188e-01,3.255003690719604492e-01,1.940090576171875000e+03
2.000000476837158203e-01,3.040395975112915039e-01,1.940003417968750000e+03
2.000000476837158203e-01,2.809723615646362305e-01,1.939913818359375000e+03
2.000000476837158203e-01,2.562038898468017578e-01,1.939821777343750000e+03
2.000000476837158203e-01,2.296297550201416016e-01,1.939726928710937500e+03
2.000000476837158203e-01,2.011324167251586914e-01,1.939629150390625000e+03
2.450242042541503906e-01,1.999999284744262695e-01,1.939559692382812500e+03
2.934703826904296875e-01,1.999999284744262695e-01,1.939492675781250000e+03
3.435473442077636719e-01,1.999999284744262695e-01,1.939426879882812500e+03
3.952243328094482422e-01,1.999999284744262695e-01,1.939362304687500000e+03
4.484701156616210938e-01,1.999999284744262695e-01,1.939299072265625000e+03
5.032529830932617188e-01,1.999999284744262695e-01,1.939237060546875000e+03
5.595397949218750000e-01,1.999999284744262695e-01,1.939176513671875000e+03
6.172966957092285156e-01,1.999999284744262695e-01,1.939117309570312500e+03
6.764888763427734375e-01,1.999999284744262695e-01,1.939059570312500000e+03
7.370803356170654297e-01,1.999999284744262695e-01,1.939003295898437500e+03
7.990353107452392578e-01,1.999999284744262695e-01,1.938948486328125000e+03
8.623156547546386719e-01,1.999999284744262695e-01,1.938895263671875000e+03
9.268839359283447266e-01,1.999999284744262695e-01,1.938843505859375000e+03
9.927010536193847656e-01,1.999999284744262695e-01,1.938793457031250000e+03
1.059727072715759277e+00,1.999999284744262695e-01,1.938744995117187500e+03
1.127921938896179199e+00,1.999999284744262695e-01,1.938698242187500000e+03
1.197244524955749512e+00,1.999999284744262695e-01,1.938653198242187500e+03
1.267652988433837891e+00,1.999999284744262695e-01,1.938609741210937500e+03
1.339104890823364258e+00,1.999999284744262695e-01,1.938568115234375000e+03
1.411557316780090332e+00,1.999999284744262695e-01,1.938528198242187500e+03
1.484966516494750977e+00,1.999999284744262695e-01,1.938490112304687500e+03
1.559288382530212402e+00,1.999999284744262695e-01,1.938453857421875000e+03
1.634477972984313965e+00,1.999999284744262695e-01,1.938419433593750000e+03
1.710490226745605469e+00,1.999999284744262695e-01,1.938386840820312500e+03
1.787279129028320312e+00,1.999999284744262695e-01,1.938356079101562500e+03
1.864798665046691895e+00,1.999999284744262695e-01,1.938327270507812500e+03
1.943001866340637207e+00,1.999999284744262695e-01,1.938300415039062500e+03
2.021841764450073242e+00,1.999999284744262695e-01,1.938275390625000000e+03
2.101270914077758789e+00,1.999999284744262695e-01,1.938252441406250000e+03
2.181241512298583984e+00,1.999999284744262695e-01,1.938231323242187500e+03
2.261705160140991211e+00,1.999999284744262695e-01,1.938212280273437500e+03
2.342613697052001953e+00,1.999999284744262695e-01,1.938195068359375000e+03
2.423918008804321289e+00,1.999999284744262695e-01,1.938179931640625000e+03
2.505569458007812500e+00,1.999999284744262695e-01,1.938166870117187500e+03
2.587518692016601562e+00,1.999999284744262695e-01,1.938155639648437500e+03
2.669716358184814453e+00,1.999999284744262695e-01,1.938146606445312500e+03
2.752113103866577148e+00,1.999999284744262695e-01,1.938139526367187500e+03
2.834659099578857422e+00,1.999999284744262695e-01,1.938134399414062500e+03
2.917304515838623047e+00,1.999999284744262695e-01,1.938131347656250000e+03
3.000000000000000000e+00,1.999999284744262695e-01,1.938130371093750000e+03
3.082695484161376953e+00,1.999999284744262695e-01,1.938131347656250000e+03
3.165340900421142578e+00,1.999999284744262695e-01,1.938134399414062500e+03
3.247886896133422852e+00,1.999999284744262695e-01,1.938139526367187500e+03
3.330283641815185547e+00,1.999999284744262695e-01,1.938146606445312500e+03
3.412481307983398438e+00,1.999999284744262695e-01,1.938155639648437500e+03
3.494430541992187500e+00,1.999999284744262695e-01,1.938166870117187500e+03
3.576081991195678711e+00,1.999999284744262695e-01,1.938179931640625000e+03
3.657386302947998047e+00,1.999999284744262695e-01,1.938195068359375000e+03
3.738294839859008789e+00,1.999999284744262695e-01,1.938212280273437500e+03
3.818758487701416016e+00,1.999999284744262695e-01,1.938231323242187500e+03
3.898729085922241211e+00,1.999999284744262695e-01,1.938252441406250000e+03
3.978158235549926758e+00,1.999999284744262695e-01,1.938275390625000000e+03
4.056998252868652344e+00,1.999999284744262695e-01,1.938300415039062500e+03
4.135201454162597656e+00,1.999999284744262695e-01,1.938327270507812500e+03
4.212720870971679688e+00,1.999999284744262695e-01,1.938356079101562500e+03
4.289509773254394531e+00,1.999999284744262695e-01,1.938386840820312500e+03
4.365521907806396484e+00,1.999999284744262695e-01,1.938419433593750000e+03
4.440711498260498047e+00,1.999999284744262695e-01,1.938453857421875000e+03
4.515033721923828125e+00,1.999999284744262695e-01,1.938490112304687500e+03
4.588442802429199219e+00,1.999999284744262695e-01,1.938528198242187500e+03
4.660895347595214844e+00,1.999999284744262695e-01,1.938568115234375000e+03
4.732347011566162109e+00,1.999999284744262695e-01,1.938609741210937500e+03
4.802755355834960938e+00,1.999999284744262695e-01,1.938653198242187500e+03
4.872077941894531250e+00,1.999999284744262695e-01,1.938698242187500000e+03
4.940272808074951172e+00,1.999999284744262695e-01,1.938744995117187500e+03
5.007298946380615234e+00,1.999999284744262695e-01,1.938793457031250000e+03
5.073116302490234375e+00,1.999999284744262695e-01,1.938843505859375000e+03
5.137684345245361328e+00,1.999999284744262695e-01,1.938895263671875000e+03
5.200964927673339844e+00,1.999999284744262695e-01,1.938948486328125000e+03
5.262919425964355469e+00,1.999999284744262695e-01,1.939003295898437500e+03
5.323511123657226562e+00,1.999999284744262695e-01,1.939059570312500000e+03
5.382703304290771484e+00,1.999999284744262695e-01,1.939117309570312500e+03
5.440460205078125000e+00,1.999999284744262695e-01,1.939176513671875000e+03
5.496747016906738281e+00,1.999999284744262695e-01,1.939237060546875000e+03
5.551529884338378906e+00,1.999999284744262695e-01,1.939299072265625000e+03
5.604775428771972656e+00,1.999999284744262695e-01,1.939362304687500000e+03
5.656452655792236328e+00,1.999999284744262695e-01,1.939426879882812500e+03
5.706529617309570312e+00,1.999999284744262695e-01,1.939492675781250000e+03
5.754975795745849609e+00,1.999999284744262695e-01,1.939559692382812500e+03
5.800000190734863281e+00,2.011321783065795898e-01,1.939629150390625000e+03
5.800000190734863281e+00,2.296295166015625000e-01,1.939726928710937500e+03
5.800000190734863281e+00,2.562037706375122070e-01,1.939821777343750000e+03
5.800000190734863281e+00,2.809721231460571289e-01,1.939913818359375000e+03
5.800000190734863281e+00,3.040393590927124023e-01,1.940003417968750000e+03
5.800000190734863281e+00,3.255002498626708984e-01,1.940090576171875000e+03
5.800000190734863281e+00,3.454408645629882812e-01,1.940175659179687500e+03
5.800000190734863281e+00,3.639379739761352539e-01,1.940258789062500000e+03
5.800000190734863281e+00,3.810619115829467773e-01,1.940340209960937500e+03
5.800000190734863281e+00,3.968755006790161133e-01,1.940419921875000000e+03
5.800000190734863281e+00,4.114351272583007812e-01,1.940498168945312500e+03
5.800000190734863281e+00,4.247926473617553711e-01,1.940574951171875000e+03
5.800000190734863281e+00,4.369935989379882812e-01,1.940650634765625000e+03
5.800000190734863281e+00,4.480794668197631836e-01,1.940725097656250000e+03
5.800000190734863281e+00,4.580869674682617188e-01,1.940798583984375000e+03
5.800000190734863281e+00,4.670487642288208008e-01,1.940871215820312500e+03
5.800000190734863281e+00,4.749934673309326172e-01,1.940942993164062500e+03
5.800000190734863281e+00,4.819468259811401367e-01,1.941014160156250000e+03
5.800000190734863281e+00,4.879302978515625000e-01,1.941084716796875000e+03
5.800000190734863281e+00,4.929625988006591797e-01,1.941154663085937500e+03
5.800000190734863281e+00,4.970589876174926758e-01,1.941224243164062500e+03
5.800000190734863281e+00,5.002326965332031250e-01,1.941293457031250000e+03
5.800000190734863281e+00,5.024923086166381836e-01,1.941362426757812500e+03
5.800000190734863281e+00,5.038454532623291016e-01,1.941431274414062500e+03
5.800000190734863281e+00,5.728437900543212891e-01,1.941500000000000000e+03
5.800000190734863281e+00,5.724138021469116211e-01,1.941568725585937500e+03
5.800000190734863281e+00,5.711227655410766602e-01,1.941637573242187500e+03
5.800000190734863281e+00,5.689665079116821289e-01,1.941706542968750000e+03
5.800000190734863281e+00,5.659383535385131836e-01,1.941775756835937500e+03
5.800000190734863281e+00,5.620296001434326172e-01,1.941845336914062500e+03
5.800000190734863281e+00,5.572280883789062500e-01,1.941915283203125000e+03
5.800000667572021484e+00,5.515186786651611328e-01,1.941985839843750000e+03
5.800000190734863281e+00,5.448842048645019531e-01,1.942057006835937500e+03
5.800000190734863281e+00,5.373034477233886719e-01,1.942128784179687500e+03
5.800000190734863281e+00,5.287523269653320312e-01,1.942201416015625000e+03
5.800000190734863281e+00,5.192035436630249023e-01,1.942274902343750000e+03
5.800000190734863281e+00,5.086257457733154297e-01,1.942349365234375000e+03
5.800000190734863281e+00,4.969840049743652344e-01,1.942425048828125000e+03
5.800000190734863281e+00,4.842385053634643555e-01,1.942501831054687500e+03
5.800000190734863281e+00,4.703459739685058594e-01,1.942580078125000000e+03
5.800000190734863281e+00,4.552572965621948242e-01,1.942659790039062500e+03
5.800000190734863281e+00,4.389183521270751953e-01,1.942741210937500000e+03
5.800000190734863281e+00,4.212687015533447266e-01,1.942824340820312500e+03
5.800000190734863281e+00,4.022421836853027344e-01,1.942909423828125000e+03
5.800000190734863281e+00,3.817647695541381836e-01,1.942996582031250000e+03
5.800000190734863281e+00,3.597546815872192383e-01,1.943086181640625000e+03
5.800000190734863281e+00,3.361215591430664062e-01,1.943178222656250000e+03
5.800000190734863281e+00,3.107651472091674805e-01,1.943273071289062500e+03
5.800000190734863281e+00,2.835738658905029297e-01,1.943370849609375000e+03
5.800000667572021484e+00,2.544242143630981445e-01,1.943471923828125000e+03
5.800000190734863281e+00,2.231788635253906250e-01,1.943576660156250000e+03
5.784044265747070312e+00,2.000000476837158203e-01,1.943672729492187500e+03
5.729886054992675781e+00,2.000000476837158203e-01,1.943740356445312500e+03
5.674082279205322266e+00,2.000000476837158203e-01,1.943806640625000000e+03
5.616668224334716797e+00,2.000000476837158203e-01,1.943871582031250000e+03
5.557677745819091797e+00,2.000000476837158203e-01,1.943935058593750000e+03
5.497146606445312500e+00,2.000000476837158203e-01,1.943997192382812500e+03
5.435111999511718750e+00,2.000000476837158203e-01,1.944057617187500000e+03
5.371609687805175781e+00,2.000000476837158203e-01,1.944116699218750000e+03
5.306679248809814453e+00,2.000000476837158203e-01,1.944174072265625000e+03
5.240359306335449219e+00,2.000000476837158203e-01,1.944229858398437500e+03
5.172689437866210938e+00,2.000000476837158203e-01,1.944284057617187500e+03
5.103711128234863281e+00,2.000000476837158203e-01,1.944336547851562500e+03
5.033466339111328125e+00,2.000000476837158203e-01,1.944387329101562500e+03
4.961995601654052734e+00,2.000000476837158203e-01,1.944436279296875000e+03
4.889343261718750000e+00,2.000000476837158203e-01,1.944483642578125000e+03
4.815553188323974609e+00,2.000000476837158203e-01,1.944529052734375000e+03
4.740669250488281250e+00,2.000000476837158203e-01,1.944572753906250000e+03
4.664737224578857422e+00,2.000000476837158203e-01,1.944614501953125000e+03
4.587801933288574219e+00,2.000000476837158203e-01,1.944654418945312500e+03
4.509910583496093750e+00,2.000000476837158203e-01,1.944692382812500000e+03
4.431109428405761719e+00,2.000000476837158203e-01,1.944728515625000000e+03
4.351446151733398438e+00,2.000000476837158203e-01,1.944762695312500000e+03
4.270968914031982422e+00,2.000000476837158203e-01,1.944794921875000000e+03
4.189726352691650391e+00,2.000000476837158203e-01,1.944825073242187500e+03
4.107767105102539062e+00,2.000000476837158203e-01,1.944853271484375000e+03
4.025139808654785156e+00,2.000000476837158203e-01,1.944879394531250000e+03
3.941895961761474609e+00,2.000000476837158203e-01,1.944903564453125000e+03
3.858084201812744141e+00,2.000000476837158203e-01,1.944925659179687500e+03
3.773755788803100586e+00,2.000000476837158203e-01,1.944945678710937500e+03
3.688961267471313477e+00,2.000000476837158203e-01,1.944963623046875000e+03
3.603751659393310547e+00,2.000000476837158203e-01,1.944979492187500000e+03
3.518178462982177734e+00,2.000000476837158203e-01,1.944993286132812500e+03
3.432293176651000977e+00,2.000000476837158203e-01,1.945004882812500000e+03
3.346147537231445312e+00,2.000000476837158203e-01,1.945014526367187500e+03
3.259793281555175781e+00,2.000000476837158203e-01,1.945021972656250000e+03
3.173282384872436523e+00,2.000000476837158203e-01,1.945027221679687500e+03
3.086667299270629883e+00,2.000000476837158203e-01,1.945030395507812500e+03
3.000000000000000000e+00,2.000000476837158203e-01,1.945031494140625000e+03
2.913332700729370117e+00,2.000000476837158203e-01,1.945030395507812500e+03
2.826717615127563477e+00,2.000000476837158203e-01,1.945027221679687500e+03
2.740206718444824219e+00,2.000000476837158203e-01,1.945021972656250000e+03
2.653852462768554688e+00,2.000000476837158203e-01,1.945014526367187500e+03
2.567706823348999023e+00,2.000000476837158203e-01,1.945004882812500000e+03
2.481821537017822266e+00,2.000000476837158203e-01,1.944993286132812500e+03
2.396248340606689453e+00,2.000000476837158203e-01,1.944979492187500000e+03
2.311038732528686523e+00,2.000000476837158203e-01,1.944963623046875000e+03
2.226244211196899414e+00,2.000000476837158203e-01,1.944945678710937500e+03
2.141915798187255859e+00,2.000000476837158203e-01,1.944925659179687500e+03
2.058104038238525391e+00,2.000000476837158203e-01,1.944903564453125000e+03
1.974859952926635742e+00,2.000000476837158203e-01,1.944879394531250000e+03
1.892233133316040039e+00,2.000000476837158203e-01,1.944853271484375000e+03
1.810273766517639160e+00,2.000000476837158203e-01,1.944825073242187500e+03
1.729030966758728027e+00,2.000000476837158203e-01,1.944794921875000000e+03
1.648553848266601562e+00,2.000000476837158203e-01,1.944762695312500000e+03
1.568890690803527832e+00,2.000000476837158203e-01,1.944728515625000000e+03
1.490089535713195801e+00,2.000000476837158203e-01,1.944692382812500000e+03
1.412198066711425781e+00,2.000000476837158203e-01,1.944654418945312500e+03
1.335262894630432129e+00,2.000000476837158203e-01,1.944614501953125000e+03
1.259330511093139648e+00,2.000000476837158203e-01,1.944572753906250000e+03
1.184446692466735840e+00,2.000000476837158203e-01,1.944529052734375000e+03
1.110656499862670898e+00,2.000000476837158203e-01,1.944483642578125000e+03
1.038004279136657715e+00,2.000000476837158203e-01,1.944436279296875000e+03
9.665338993072509766e-01,2.000000476837158203e-01,1.944387329101562500e+03
8.962886333465576172e-01,2.000000476837158203e-01,1.944336547851562500e+03
8.273103237152099609e-01,2.000000476837158203e-01,1.944284057617187500e+03
7.596406936645507812e-01,2.000000476837158203e-01,1.944229858398437500e+03
6.933207511901855469e-01,2.000000476837158203e-01,1.944174072265625000e+03
6.283903121948242188e-01,2.000000476837158203e-01,1.944116699218750000e+03
5.648882389068603516e-01,2.000000476837158203e-01,1.944057617187500000e+03
5.028531551361083984e-01,2.000000476837158203e-01,1.943997192382812500e+03
4.423222541809082031e-01,2.000000476837158203e-01,1.943935058593750000e+03
3.833317756652832031e-01,2.000000476837158203e-01,1.943871582031250000e+03
3.259177207946777344e-01,2.000000476837158203e-01,1.943806640625000000e+03
2.701141834259033203e-01,2.000000476837158203e-01,1.943740356445312500e+03
2.159554958343505859e-01,2.000000476837158203e-01,1.943672729492187500e+03
2.000002861022949219e-01,2.231791019439697266e-01,1.943576660156250000e+03
1.999998092651367188e-01,2.544244527816772461e-01,1.943471923828125000e+03
2.000000476837158203e-01,2.835741043090820312e-01,1.943370849609375000e+03
2.000000476837158203e-01,3.107653856277465820e-01,1.943273071289062500e+03
2.000000476837158203e-01,3.361217975616455078e-01,1.943178222656250000e+03
2.000000476837158203e-01,3.597549200057983398e-01,1.943086181640625000e+03
2.000002861022949219e-01,3.817650079727172852e-01,1.942996582031250000e+03
2.000000476837158203e-01,4.022424221038818359e-01,1.942909423828125000e+03
2.000000476837158203e-01,4.212689399719238281e-01,1.942824340820312500e+03
2.000000476837158203e-01,4.389184713363647461e-01,1.942741210937500000e+03
2.000000476837158203e-01,4.552575349807739258e-01,1.942659790039062500e+03
2.000000476837158203e-01,4.703462123870849609e-01,1.942580078125000000e+03
1.999998092651367188e-01,4.842386245727539062e-01,1.942501831054687500e+03
2.000002861022949219e-01,4.969841241836547852e-01,1.942425048828125000e+03
2.000000476837158203e-01,5.086259841918945312e-01,1.942349365234375000e+03
2.000000476837158203e-01,5.192037820816040039e-01,1.942274902343750000e+03
2.000000476837158203e-01,5.287525653839111328e-01,1.942201416015625000e+03
2.000000476837158203e-01,5.373035669326782227e-01,1.942128784179687500e+03
1.999998092651367188e-01,5.448843240737915039e-01,1.942057006835937500e+03
1.999998092651367188e-01,5.515189170837402344e-01,1.941985839843750000e+03
2.000005245208740234e-01,5.572283267974853516e-01,1.941915283203125000e+03
2.000002861022949219e-01,5.620298385620117188e-01,1.941845336914062500e+03
2.000000476837158203e-01,5.659385919570922852e-01,1.941775756835937500e+03
2.000000476837158203e-01,5.689665079116821289e-01,1.941706542968750000e+03
2.000000476837158203e-01,5.711228847503662109e-01,1.941637573242187500e+03
2.000000476837158203e-01,5.724140405654907227e-01,1.941568725585937500e+03
2.000000476837158203e-01,5.728440284729003906e-01,1.941500000000000000e+03
2.000000476837158203e-01,5.724140405654907227e-01,1.941431274414062500e+03
2.000000476837158203e-01,5.711228847503662109e-01,1.941362426757812500e+03
2.000000476837158203e-01,5.689665079116821289e-01,1.941293457031250000e+03
2.000000476837158203e-01,5.659385919570922852e-01,1.941224243164062500e+03
2.000002861022949219e-01,5.620298385620117188e-01,1.941154663085937500e+03
2.000005245208740234e-01,5.572283267974853516e-01,1.941084716796875000e+03
1.999998092651367188e-01,5.515189170837402344e-01,1.941014160156250000e+03
1.999998092651367188e-01,5.448843240737915039e-01,1.940942993164062500e+03
2.000000476837158203e-01,5.373035669326782227e-01,1.940871215820312500e+03
2.000000476837158203e-01,5.287525653839111328e-01,1.940798583984375000e+03
2.000000476837158203e-01,5.192037820816040039e-01,1.940725097656250000e+03
2.000000476837158203e-01,5.086259841918945312e-01,1.940650634765625000e+03
2.000002861022949219e-01,4.969841241836547852e-01,1.940574951171875000e+03
1.999998092651367188e-01,4.842386245727539062e-01,1.940498168945312500e+03
2.000000476837158203e-01,4.703462123870849609e-01,1.940419921875000000e+03
2.000000476837158203e-01,4.552575349807739258e-01,1.940340209960937500e+03
2.000000476837158203e-01,4.389184713363647461e-01,1.940258789062500000e+03
2.000000476837158203e-01,4.212689399719238281e-01,1.940175659179687500e+03
2.000000476837158203e-01,4.022424221038818359e-01,1.940090576171875000e+03
2.000002861022949219e-01,3.817650079727172852e-01,1.940003417968750000e+03
2.000000476837158203e-01,3.597549200057983398e-01,1.939913818359375000e+03
2.000000476837158203e-01,3.361217975616455078e-01,1.939821777343750000e+03
2.000000476837158203e-01,3.107653856277465820e-01,1.939726928710937500e+03
2.000000476837158203e-01,2.835741043090820312e-01,1.939629150390625000e+03
1.999998092651367188e-01,2.544244527816772461e-01,1.939528076171875000e+03
2.000002861022949219e-01,2.231791019439697266e-01,1.939423339843750000e+03
2.159554958343505859e-01,2.000000476837158203e-01,1.939327270507812500e+03
2.701141834259033203e-01,2.000000476837158203e-01,1.939259643554687500e+03
3.259177207946777344e-01,2.000000476837158203e-01,1.939193359375000000e+03
3.833317756652832031e-01,2.000000476837158203e-01,1.939128417968750000e+03
4.423222541809082031e-01,2.000000476837158203e-01,1.939064941406250000e+03
5.028531551361083984e-01,2.000000476837158203e-01,1.939002807617187500e+03
5.648882389068603516e-01,2.000000476837158203e-01,1.938942382812500000e+03
6.283903121948242188e-01,2.000000476837158203e-01,1.938883300781250000e+03
6.933207511901855469e-01,2.000000476837158203e-01,1.938825927734375000e+03
7.596406936645507812e-01,2.000000476837158203e-01,1.938770141601562500e+03
8.273103237152099609e-01,2.000000476837158203e-01,1.938715942382812500e+03
8.962886333465576172e-01,2.000000476837158203e-01,1.938663452148437500e+03
9.665338993072509766e-01,2.000000476837158203e-01,1.938612670898437500e+03
1.038004279136657715e+00,2.000000476837158203e-01,1.938563720703125000e+03
1.110656499862670898e+00,2.000000476837158203e-01,1.938516357421875000e+03
1.184446692466735840e+00,2.000000476837158203e-01,1.938470947265625000e+03
1.259330511093139648e+00,2.000000476837158203e-01,1.938427246093750000e+03
1.335262894630432129e+00,2.000000476837158203e-01,1.938385498046875000e+03
1.412198066711425781e+00,2.000000476837158203e-01,1.938345581054687500e+03
1.490089535713195801e+00,2.000000476837158203e-01,1.938307617187500000e+03
1.568890690803527832e+00,2.000000476837158203e-01,1.938271484375000000e+03
1.648553848266601562e+00,2.000000476837158203e-01,1.938237304687500000e+03
1.729030966758728027e+00,2.000000476837158203e-01,1.938205078125000000e+03
1.810273766517639160e+00,2.000000476837158203e-01,1.938174926757812500e+03
1.892233133316040039e+00,2.000000476837158203e-01,1.938146728515625000e+03
1.974859952926635742e+00,2.000000476837158203e-01,1.938120605468750000e+03
2.058104038238525391e+00,2.000000476837158203e-01,1.938096435546875000e+03
2.141915798187255859e+00,2.000000476837158203e-01,1.938074340820312500e+03
2.226244211196899414e+00,2.000000476837158203e-01,1.938054321289062500e+03
2.311038732528686523e+00,2.000000476837158203e-01,1.938036376953125000e+03
2.396248340606689453e+00,2.000000476837158203e-01,1.938020507812500000e+03
2.481821537017822266e+00,2.000000476837158203e-01,1.938006713867187500e+03
2.567706823348999023e+00,2.000000476837158203e-01,1.937995117187500000e+03
2.653852462768554688e+00,2.000000476837158203e-01,1.937985473632812500e+03
2.740206718444824219e+00,2.000000476837158203e-01,1.937978027343750000e+03
2.826717615127563477e+00,2.000000476837158203e-01,1.937972778320312500e+03
2.913332700729370117e+00,2.000000476837158203e-01,1.937969604492187500e+03
3.000000000000000000e+00,2.000000476837158203e-01,1.937968505859375000e+03
3.086667299270629883e+00,2.000000476837158203e-01,1.937969604492187500e+03
3.173282384872436523e+00,2.000000476837158203e-01,1.937972778320312500e+03
3.259793281555175781e+00,2.000000476837158203e-01,1.937978027343750000e+03
3.346147537231445312e+00,2.000000476837158203e-01,1.937985473632812500e+03
3.432293176651000977e+00,2.000000476837158203e-01,1.937995117187500000e+03
3.518178462982177734e+00,2.000000476837158203e-01,1.938006713867187500e+03
3.603751659393310547e+00,2.000000476837158203e-01,1.938020507812500000e+03
3.688961267471313477e+00,2.000000476837158203e-01,1.938036376953125000e+03
3.773755788803100586e+00,2.000000476837158203e-01,1.938054321289062500e+03
3.858084201812744141e+00,2.000000476837158203e-01,1.938074340820312500e+03
3.941895961761474609e+00,2.000000476837158203e-01,1.938096435546875000e+03
4.025139808654785156e+00,2.000000476837158203e-01,1.938120605468750000e+03
4.107767105102539062e+00,2.000000476837158203e-01,1.938146728515625000e+03
4.189726352691650391e+00,2.000000476837158203e-01,1.938174926757812500e+03
4.270968914031982422e+00,2.000000476837158203e-01,1.938205078125000000e+03
4.351446151733398438e+00,2.000000476837158203e-01,1.938237304687500000e+03
4.431109428405761719e+00,2.000000476837158203e-01,1.938271484375000000e+03
4.509910583496093750e+00,2.000000476837158203e-01,1.938307617187500000e+03
4.587801933288574219e+00,2.000000476837158203e-01,1.938345581054687500e+03
4.664737224578857422e+00,2.000000476837158203e-01,1.938385498046875000e+03
4.740669250488281250e+00,2.000000476837158203e-01,1.938427246093750000e+03
4.815553188323974609e+00,2.000000476837158203e-01,1.938470947265625000e+03
4.889343261718750000e+00,2.000000476837158203e-01,1.938516357421875000e+03
4.961995601654052734e+00,2.000000476837158203e-01,1.938563720703125000e+03
5.033466339111328125e+00,2.000000476837158203e-01,1.938612670898437500e+03
5.103711128234863281e+00,2.000000476837158203e-01,1.938663452148437500e+03
5.172689437866210938e+00,2.000000476837158203e-01,1.938715942382812500e+03
5.240359306335449219e+00,2.000000476837158203e-01,1.938770141601562500e+03
5.306679248809814453e+00,2.000000476837158203e-01,1.938825927734375000e+03
5.371609687805175781e+00,2.000000476837158203e-01,1.938883300781250000e+03
5.435111999511718750e+00,2.000000476837158203e-01,1.938942382812500000e+03
5.497146606445312500e+00,2.000000476837158203e-01,1.939002807617187500e+03
5.557677745819091797e+00,2.000000476837158203e-01,1.939064941406250000e+03
5.616668224334716797e+00,2.000000476837158203e-01,1.939128417968750000e+03
5.674082279205322266e+00,2.000000476837158203e-01,1.939193359375000000e+03
5.729886054992675781e+00,2.000000476837158203e-01,1.939259643554687500e+03
5.784044265747070312e+00,2.000000476837158203e-01,1.939327270507812500e+03
5.800000190734863281e+00,2.231788635253906250e-01,1.939423339843750000e+03
5.800000667572021484e+00,2.544242143630981445e-01,1.939528076171875000e+03
5.800000190734863281e+00,2.835738658905029297e-01,1.939629150390625000e+03
5.800000190734863281e+00,3.107651472091674805e-01,1.939726928710937500e+03
5.800000190734863281e+00,3.361215591430664062e-01,1.939821777343750000e+03
5.800000190734863281e+00,3.597546815872192383e-01,1.939913818359375000e+03
5.800000190734863281e+00,3.817647695541381836e-01,1.940003417968750000e+03
5.800000190734863281e+00,4.022421836853027344e-01,1.940090576171875000e+03
5.800000190734863281e+00,4.212687015533447266e-01,1.940175659179687500e+03
5.800000190734863281e+00,4.389183521270751953e-01,1.940258789062500000e+03
5.800000190734863281e+00,4.552572965621948242e-01,1.940340209960937500e+03
5.800000190734863281e+00,4.703459739685058594e-01,1.940419921875000000e+03
5.800000190734863281e+00,4.842385053634643555e-01,1.940498168945312500e+03
5.800000190734863281e+00,4.969840049743652344e-01,1.940574951171875000e+03
5.800000190734863281e+00,5.086257457733154297e-01,1.940650634765625000e+03
5.800000190734863281e+00,5.192035436630249023e-01,1.940725097656250000e+03
5.800000190734863281e+00,5.287523269653320312e-01,1.940798583984375000e+03
5.800000190734863281e+00,5.373034477233886719e-01,1.940871215820312500e+03
5.800000190734863281e+00,5.448842048645019531e-01,1.940942993164062500e+03
5.800000667572021484e+00,5.515186786651611328e-01,1.941014160156250000e+03
5.800000190734863281e+00,5.572280883789062500e-01,1.941084716796875000e+03
5.800000190734863281e+00,5.620296001434326172e-01,1.941154663085937500e+03
5.800000190734863281e+00,5.659383535385131836e-01,1.941224243164062500e+03
5.800000190734863281e+00,5.689665079116821289e-01,1.941293457031250000e+03
5.800000190734863281e+00,5.711227655410766602e-01,1.941362426757812500e+03
5.800000190734863281e+00,5.724138021469116211e-01,1.941431274414062500e+03
5.800000190734863281e+00,6.400600671768188477e-01,1.941500000000000000e+03
5.800000190734863281e+00,6.396503448486328125e-01,1.941568725585937500e+03
5.800000190734863281e+00,6.384199857711791992e-01,1.941637573242187500e+03
5.800000190734863281e+00,6.363651752471923828e-01,1.941706542968750000e+03
5.800000190734863281e+00,6.334798336029052734e-01,1.941775756835937500e+03
5.800000190734863281e+00,6.297551393508911133e-01,1.941845336914062500e+03
5.800000190734863281e+00,6.251795291900634766e-01,1.941915283203125000e+03
5.800000190734863281e+00,6.197394132614135742e-01,1.941985839843750000e+03
5.800000190734863281e+00,6.134172677993774414e-01,1.942057006835937500e+03
5.800000190734863281e+00,6.061934232711791992e-01,1.942128784179687500e+03
5.800000190734863281e+00,5.980452299118041992e-01,1.942201416015625000e+03
5.800000190734863281e+00,5.889461040496826172e-01,1.942274902343750000e+03
5.800000190734863281e+00,5.788666009902954102e-01,1.942349365234375000e+03
5.800000190734863281e+00,5.677727460861206055e-01,1.942425048828125000e+03
5.800000190734863281e+00,5.556279420852661133e-01,1.942501831054687500e+03
5.800000190734863281e+00,5.423897504806518555e-01,1.942580078125000000e+03
5.800000190734863281e+00,5.280115604400634766e-01,1.942659790039062500e+03
5.800000190734863281e+00,5.124422311782836914e-01,1.942741210937500000e+03
5.800000190734863281e+00,4.956237077713012695e-01,1.942824340820312500e+03
5.800000190734863281e+00,4.774932861328125000e-01,1.942909423828125000e+03
5.800000190734863281e+00,4.579802751541137695e-01,1.942996582031250000e+03
5.800000190734863281e+00,4.370069503784179688e-01,1.943086181640625000e+03
5.800000190734863281e+00,4.144867658615112305e-01,1.943178222656250000e+03
5.800000190734863281e+00,3.903244733810424805e-01,1.943273071289062500e+03
5.800000190734863281e+00,3.644140958786010742e-01,1.943370849609375000e+03
5.800000190734863281e+00,3.366373777389526367e-01,1.943471923828125000e+03
5.800000190734863281e+00,3.068634271621704102e-01,1.943576660156250000e+03
5.800000190734863281e+00,2.749462127685546875e-01,1.943685180664062500e+03
5.800000190734863281e+00,2.407225370407104492e-01,1.943797851562500000e+03
5.800000190734863281e+00,2.040095329284667969e-01,1.943915283203125000e+03
5.745999336242675781e+00,1.999999284744262695e-01,1.943988769531250000e+03
5.684093475341796875e+00,1.999999284744262695e-01,1.944055419921875000e+03
5.620570182800292969e+00,1.999999284744262695e-01,1.944120605468750000e+03
5.555469512939453125e+00,1.999999284744262695e-01,1.944184082031250000e+03
5.488828659057617188e+00,1.999999284744262695e-01,1.944245971679687500e+03
5.420688629150390625e+00,1.999999284744262695e-01,1.944306274414062500e+03
5.351090908050537109e+00,1.999999284744262695e-01,1.944364868164062500e+03
5.280076980590820312e+00,1.999999284744262695e-01,1.944421630859375000e+03
5.207689285278320312e+00,1.999999284744262695e-01,1.944476684570312500e+03
5.133972167968750000e+00,1.999999284744262695e-01,1.944530029296875000e+03
5.058969020843505859e+00,1.999999284744262695e-01,1.944581420898437500e+03
4.982726097106933594e+00,1.999999284744262695e-01,1.944631103515625000e+03
4.905288696289062500e+00,1.999999284744262695e-01,1.944678833007812500e+03
4.826703548431396484e+00,1.999999284744262695e-01,1.944724609375000000e+03
4.747017860412597656e+00,1.999999284744262695e-01,1.944768432617187500e+03
4.666280746459960938e+00,1.999999284744262695e-01,1.944810302734375000e+03
4.584538936614990234e+00,1.999999284744262695e-01,1.944850219726562500e+03
4.501842975616455078e+00,1.999999284744262695e-01,1.944888061523437500e+03
4.418242454528808594e+00,1.999999284744262695e-01,1.944923950195312500e+03
4.333787918090820312e+00,1.999999284744262695e-01,1.944957763671875000e+03
4.248529434204101562e+00,1.999999284744262695e-01,1.944989379882812500e+03
4.162518978118896484e+00,1.999999284744262695e-01,1.945019042968750000e+03
4.075808525085449219e+00,1.999999284744262695e-01,1.945046508789062500e+03
3.988449811935424805e+00,1.999999284744262695e-01,1.945071777343750000e+03
3.900495767593383789e+00,1.999999284744262695e-01,1.945094970703125000e+03
3.811999320983886719e+00,1.999999284744262695e-01,1.945115966796875000e+03
3.723013877868652344e+00,1.999999284744262695e-01,1.945134887695312500e+03
3.633592605590820312e+00,1.999999284744262695e-01,1.945151489257812500e+03
3.543789863586425781e+00,1.999999284744262695e-01,1.945165893554687500e+03
3.453659534454345703e+00,1.999999284744262695e-01,1.945178222656250000e+03
3.363255977630615234e+00,1.999999284744262695e-01,1.945188232421875000e+03
3.272633552551269531e+00,1.999999284744262695e-01,1.945196044921875000e+03
3.181847095489501953e+00,1.999999284744262695e-01,1.945201538085937500e+03
3.090950965881347656e+00,1.999999284744262695e-01,1.945204956054687500e+03
3.000000000000000000e+00,1.999999284744262695e-01,1.945206054687500000e+03
2.909049034118652344e+00,1.999999284744262695e-01,1.945204956054687500e+03
2.818152904510498047e+00,1.999999284744262695e-01,1.945201538085937500e+03
2.727366447448730469e+00,1.999999284744262695e-01,1.945196044921875000e+03
2.636744022369384766e+00,1.999999284744262695e-01,1.945188232421875000e+03
2.546340465545654297e+00,1.999999284744262695e-01,1.945178222656250000e+03
2.456210136413574219e+00,1.999999284744262695e-01,1.945165893554687500e+03
2.366407394409179688e+00,1.999999284744262695e-01,1.945151489257812500e+03
2.276986122131347656e+00,1.999999284744262695e-01,1.945134887695312500e+03
2.188000679016113281e+00,1.999999284744262695e-01,1.945115966796875000e+03
2.099504232406616211e+00,1.999999284744262695e-01,1.945094970703125000e+03
2.011550188064575195e+00,1.999999284744262695e-01,1.945071777343750000e+03
1.924191474914550781e+00,1.999999284744262695e-01,1.945046508789062500e+03
1.837481021881103516e+00,1.999999284744262695e-01,1.945019042968750000e+03
1.751470565795898438e+00,1.999999284744262695e-01,1.944989379882812500e+03
1.666212320327758789e+00,1.999999284744262695e-01,1.944957763671875000e+03
1.581757426261901855e+00,1.999999284744262695e-01,1.944923950195312500e+03
1.498156905174255371e+00,1.999999284744262695e-01,1.944888061523437500e+03
1.415461063385009766e+00,1.999999284744262695e-01,1.944850219726562500e+03
1.333719491958618164e+00,1.999999284744262695e-01,1.944810302734375000e+03
1.252981901168823242e+00,1.999999284744262695e-01,1.944768432617187500e+03
1.173296451568603516e+00,1.999999284744262695e-01,1.944724609375000000e+03
1.094711303710937500e+00,1.999999284744262695e-01,1.944678833007812500e+03
1.017274022102355957e+00,1.999999284744262695e-01,1.944631103515625000e+03
9.410309791564941406e-01,1.999999284744262695e-01,1.944581420898437500e+03
8.660280704498291016e-01,1.999999284744262695e-01,1.944530029296875000e+03
7.923107147216796875e-01,1.999999284744262695e-01,1.944476684570312500e+03
7.199230194091796875e-01,1.999999284744262695e-01,1.944421630859375000e+03
6.489090919494628906e-01,1.999999284744262695e-01,1.944364868164062500e+03
5.793111324310302734e-01,1.999999284744262695e-01,1.944306274414062500e+03
5.111713409423828125e-01,1.999999284744262695e-01,1.944245971679687500e+03
4.445307254791259766e-01,1.999999284744262695e-01,1.944184082031250000e+03
3.794295787811279297e-01,1.999999284744262695e-01,1.944120605468750000e+03
3.159065246582031250e-01,1.999999284744262695e-01,1.944055419921875000e+03
2.540006637573242188e-01,1.999999284744262695e-01,1.943988769531250000e+03
2.000002861022949219e-01,2.040097713470458984e-01,1.943915283203125000e+03
2.000002861022949219e-01,2.407227754592895508e-01,1.943797851562500000e+03
2.000000476837158203e-01,2.749464511871337891e-01,1.943685180664062500e+03
1.999998092651367188e-01,3.068635463714599609e-01,1.943576660156250000e+03
1.999998092651367188e-01,3.366374969482421875e-01,1.943471923828125000e+03
2.000000476837158203e-01,3.644142150878906250e-01,1.943370849609375000e+03
1.999998092651367188e-01,3.903247117996215820e-01,1.943273071289062500e+03
1.999998092651367188e-01,4.144868850708007812e-01,1.943178222656250000e+03
2.000002861022949219e-01,4.370071887969970703e-01,1.943086181640625000e+03
2.000002861022949219e-01,4.579805135726928711e-01,1.942996582031250000e+03
1.999998092651367188e-01,4.774934053421020508e-01,1.942909423828125000e+03
1.999998092651367188e-01,4.956238269805908203e-01,1.942824340820312500e+03
2.000002861022949219e-01,5.124423503875732422e-01,1.942741210937500000e+03
2.000000476837158203e-01,5.280117988586425781e-01,1.942659790039062500e+03
2.000002861022949219e-01,5.423898696899414062e-01,1.942580078125000000e+03
2.000000476837158203e-01,5.556280612945556641e-01,1.942501831054687500e+03
2.000000476837158203e-01,5.677729845046997070e-01,1.942425048828125000e+03
2.000002861022949219e-01,5.788667201995849609e-01,1.942349365234375000e+03
2.000000476837158203e-01,5.889462232589721680e-01,1.942274902343750000e+03
2.000000476837158203e-01,5.980453491210937500e-01,1.942201416015625000e+03
2.000000476837158203e-01,6.061935424804687500e-01,1.942128784179687500e+03
2.000002861022949219e-01,6.134173870086669922e-01,1.942057006835937500e+03
2.000002861022949219e-01,6.197395324707031250e-01,1.941985839843750000e+03
2.000000476837158203e-01,6.251797676086425781e-01,1.941915283203125000e+03
2.000000476837158203e-01,6.297552585601806641e-01,1.941845336914062500e+03
2.000000476837158203e-01,6.334799528121948242e-01,1.941775756835937500e+03
2.000000476837158203e-01,6.363652944564819336e-01,1.941706542968750000e+03
2.000000476837158203e-01,6.384199857711791992e-01,1.941637573242187500e+03
2.000002861022949219e-01,6.396504640579223633e-01,1.941568725585937500e+03
2.000000476837158203e-01,6.400601863861083984e-01,1.941500000000000000e+03
2.000002861022949219e-01,6.396504640579223633e-01,1.941431274414062500e+03
2.000000476837158203e-01,6.384199857711791992e-01,1.941362426757812500e+03
2.000000476837158203e-01,6.363652944564819336e-01,1.941293457031250000e+03
2.000000476837158203e-01,6.334799528121948242e-01,1.941224243164062500e+03
2.000000476837158203e-01,6.297552585601806641e-01,1.941154663085937500e+03
2.000000476837158203e-01,6.251797676086425781e-01,1.941084716796875000e+03
2.000002861022949219e-01,6.197395324707031250e-01,1.941014160156250000e+03
2.000002861022949219e-01,6.134173870086669922e-01,1.940942993164062500e+03
2.000000476837158203e-01,6.061935424804687500e-01,1.940871215820312500e+03
2.000000476837158203e-01,5.980453491210937500e-01,1.940798583984375000e+03
2.000000476837158203e-01,5.889462232589721680e-01,1.940725097656250000e+03
2.000002861022949219e-01,5.788667201995849609e-01,1.940650634765625000e+03
2.000000476837158203e-01,5.677729845046997070e-01,1.940574951171875000e+03
2.000000476837158203e-01,5.556280612945556641e-01,1.940498168945312500e+03
2.000002861022949219e-01,5.423898696899414062e-01,1.940419921875000000e+03
2.000000476837158203e-01,5.280117988586425781e-01,1.940340209960937500e+03
2.000002861022949219e-01,5.124423503875732422e-01,1.940258789062500000e+03
1.999998092651367188e-01,4.956238269805908203e-01,1.940175659179687500e+03
1.999998092651367188e-01,4.774934053421020508e-01,1.940090576171875000e+03
2.000002861022949219e-01,4.579805135726928711e-01,1.940003417968750000e+03
2.000002861022949219e-01,4.370071887969970703e-01,1.939913818359375000e+03
1.999998092651367188e-01,4.144868850708007812e-01,1.939821777343750000e+03
1.999998092651367188e-01,3.903247117996215820e-01,1.939726928710937500e+03
2.000000476837158203e-01,3.644142150878906250e-01,1.939629150390625000e+03
1.999998092651367188e-01,3.366374969482421875e-01,1.939528076171875000e+03
1.999998092651367188e-01,3.068635463714599609e-01,1.939423339843750000e+03
2.000000476837158203e-01,2.749464511871337891e-01,1.939314819335937500e+03
2.000002861022949219e-01,2.407227754592895508e-01,1.939202148437500000e+03
2.000002861022949219e-01,2.040097713470458984e-01,1.939084716796875000e+03
2.540006637573242188e-01,1.999999284744262695e-01,1.939011230468750000e+03
3.159065246582031250e-01,1.999999284744262695e-01,1.938944580078125000e+03
3.794295787811279297e-01,1.999999284744262695e-01,1.938879394531250000e+03
4.445307254791259766e-01,1.999999284744262695e-01,1.938815917968750000e+03
5.111713409423828125e-01,1.999999284744262695e-01,1.938754028320312500e+03
5.793111324310302734e-01,1.999999284744262695e-01,1.938693725585937500e+03
6.489090919494628906e-01,1.999999284744262695e-01,1.938635131835937500e+03
7.199230194091796875e-01,1.999999284744262695e-01,1.938578369140625000e+03
7.923107147216796875e-01,1.999999284744262695e-01,1.938523315429687500e+03
8.660280704498291016e-01,1.999999284744262695e-01,1.938469970703125000e+03
9.410309791564941406e-01,1.999999284744262695e-01,1.938418579101562500e+03
1.017274022102355957e+00,1.999999284744262695e-01,1.938368896484375000e+03
1.094711303710937500e+00,1.999999284744262695e-01,1.938321166992187500e+03
1.173296451568603516e+00,1.999999284744262695e-01,1.938275390625000000e+03
1.252981901168823242e+00,1.999999284744262695e-01,1.938231567382812500e+03
1.333719491958618164e+00,1.999999284744262695e-01,1.938189697265625000e+03
1.415461063385009766e+00,1.999999284744262695e-01,1.938149780273437500e+03
1.498156905174255371e+00,1.999999284744262695e-01,1.938111938476562500e+03
1.581757426261901855e+00,1.999999284744262695e-01,1.938076049804687500e+03
1.666212320327758789e+00,1.999999284744262695e-01,1.938042236328125000e+03
1.751470565795898438e+00,1.999999284744262695e-01,1.938010620117187500e+03
1.837481021881103516e+00,1.999999284744262695e-01,1.937980957031250000e+03
1.924191474914550781e+00,1.999999284744262695e-01,1.937953491210937500e+03
2.011550188064575195e+00,1.999999284744262695e-01,1.937928222656250000e+03
2.099504232406616211e+00,1.999999284744262695e-01,1.937905029296875000e+03
2.188000679016113281e+00,1.999999284744262695e-01,1.937884033203125000e+03
2.276986122131347656e+00,1.999999284744262695e-01,1.937865112304687500e+03
2.366407394409179688e+00,1.999999284744262695e-01,1.937848510742187500e+03
2.456210136413574219e+00,1.999999284744262695e-01,1.937834106445312500e+03
2.546340465545654297e+00,1.999999284744262695e-01,1.937821777343750000e+03
2.636744022369384766e+00,1.999999284744262695e-01,1.937811767578125000e+03
2.727366447448730469e+00,1.999999284744262695e-01,1.937803955078125000e+03
2.818152904510498047e+00,1.999999284744262695e-01,1.937798461914062500e+03
2.909049034118652344e+00,1.999999284744262695e-01,1.937795043945312500e+03
3.000000000000000000e+00,1.999999284744262695e-01,1.937793945312500000e+03
3.090950965881347656e+00,1.999999284744262695e-01,1.937795043945312500e+03
3.181847095489501953e+00,1.999999284744262695e-01,1.937798461914062500e+03
3.272633552551269531e+00,1.999999284744262695e-01,1.937803955078125000e+03
3.363255977630615234e+00,1.999999284744262695e-01,1.937811767578125000e+03
3.453659534454345703e+00,1.999999284744262695e-01,1.937821777343750000e+03
3.543789863586425781e+00,1.999999284744262695e-01,1.937834106445312500e+03
3.633592605590820312e+00,1.999999284744262695e-01,1.937848510742187500e+03
3.723013877868652344e+00,1.999999284744262695e-01,1.937865112304687500e+03
3.811999320983886719e+00,1.999999284744262695e-01,1.937884033203125000e+03
3.900495767593383789e+00,1.999999284744262695e-01,1.937905029296875000e+03
3.988449811935424805e+00,1.999999284744262695e-01,1.937928222656250000e+03
4.075808525085449219e+00,1.999999284744262695e-01,1.937953491210937500e+03
4.162518978118896484e+00,1.999999284744262695e-01,1.937980957031250000e+03
4.248529434204101562e+00,1.999999284744262695e-01,1.938010620117187500e+03
4.333787918090820312e+00,1.999999284744262695e-01,1.938042236328125000e+03
4.418242454528808594e+00,1.999999284744262695e-01,1.938076049804687500e+03
4.501842975616455078e+00,1.999999284744262695e-01,1.938111938476562500e+03
4.584538936614990234e+00,1.999999284744262695e-01,1.938149780273437500e+03
4.666280746459960938e+00,1.999999284744262695e-01,1.938189697265625000e+03
4.747017860412597656e+00,1.999999284744262695e-01,1.938231567382812500e+03
4.826703548431396484e+00,1.999999284744262695e-01,1.938275390625000000e+03
4.905288696289062500e+00,1.999999284744262695e-01,1.938321166992187500e+03
4.982726097106933594e+00,1.999999284744262695e-01,1.938368896484375000e+03
5.058969020843505859e+00,1.999999284744262695e-01,1.938418579101562500e+03
5.133972167968750000e+00,1.999999284744262695e-01,1.938469970703125000e+03
5.207689285278320312e+00,1.999999284744262695e-01,1.938523315429687500e+03
5.280076980590820312e+00,1.999999284744262695e-01,1.938578369140625000e+03
5.351090908050537109e+00,1.999999284744262695e-01,1.938635131835937500e+03
5.420688629150390625e+00,1.999999284744262695e-01,1.938693725585937500e+03
5.488828659057617188e+00,1.999999284744262695e-01,1.938754028320312500e+03
5.555469512939453125e+00,1.999999284744262695e-01,1.938815917968750000e+03
5.620570182800292969e+00,1.999999284744262695e-01,1.938879394531250000e+03
5.684093475341796875e+00,1.999999284744262695e-01,1.938944580078125000e+03
5.745999336242675781e+00,1.999999284744262695e-01,1.939011230468750000e+03
5.800000190734863281e+00,2.040095329284667969e-01,1.939084716796875000e+03
5.800000190734863281e+00,2.407225370407104492e-01,1.939202148437500000e+03
5.800000190734863281e+00,2.749462127685546875e-01,1.939314819335937500e+03
5.800000190734863281e+00,3.068634271621704102e-01,1.939423339843750000e+03
5.800000190734863281e+00,3.366373777389526367e-01,1.939528076171875000e+03
5.800000190734863281e+00,3.644140958786010742e-01,1.939629150390625000e+03
5.800000190734863281e+00,3.903244733810424805e-01,1.939726928710937500e+03
5.800000190734863281e+00,4.144867658615112305e-01,1.939821777343750000e+03
5.800000190734863281e+00,4.370069503784179688e-01,1.939913818359375000e+03
5.800000190734863281e+00,4.579802751541137695e-01,1.940003417968750000e+03
5.800000190734863281e+00,4.774932861328125000e-01,1.940090576171875000e+03
5.800000190734863281e+00,4.956237077713012695e-01,1.940175659179687500e+03
5.800000190734863281e+00,5.124422311782836914e-01,1.940258789062500000e+03
5.800000190734863281e+00,5.280115604400634766e-01,1.940340209960937500e+03
5.800000190734863281e+00,5.423897504806518555e-01,1.940419921875000000e+03
5.800000190734863281e+00,5.556279420852661133e-01,1.940498168945312500e+03
5.800000190734863281e+00,5.677727460861206055e-01,1.940574951171875000e+03
5.800000190734863281e+00,5.788666009902954102e-01,1.940650634765625000e+03
5.800000190734863281e+00,5.889461040496826172e-01,1.940725097656250000e+03
5.800000190734863281e+00,5.980452299118041992e-01,1.940798583984375000e+03
5.800000190734863281e+00,6.061934232711791992e-01,1.940871215820312500e+03
5.800000190734863281e+00,6.134172677993774414e-01,1.940942993164062500e+03
5.800000190734863281e+00,6.197394132614135742e-01,1.941014160156250000e+03
5.800000190734863281e+00,6.251795291900634766e-01,1.941084716796875000e+03
5.800000190734863281e+00,6.297551393508911133e-01,1.941154663085937500e+03
5.800000190734863281e+00,6.334798336029052734e-01,1.941224243164062500e+03
5.800000190734863281e+00,6.363651752471923828e-01,1.941293457031250000e+03
5.800000190734863281e+00,6.384199857711791992e-01,1.941362426757812500e+03
5.800000190734863281e+00,6.396503448486328125e-01,1.941431274414062500e+03
5.800000190734863281e+00,7.060313224792480469e-01,1.941500000000000000e+03
5.800000190734863281e+00,7.056416273117065430e-01,1.941568725585937500e+03
5.800000190734863281e+00,7.044708728790283203e-01,1.941637573242187500e+03
5.800000190734863281e+00,7.025158405303955078e-01,1.941706542968750000e+03
5.800000190734863281e+00,6.997704505920410156e-01,1.941775756835937500e+03
5.800000190734863281e+00,6.962263584136962891e-01,1.941845336914062500e+03
5.800000190734863281e+00,6.918729543685913086e-01,1.941915283203125000e+03
5.800000190734863281e+00,6.866965293884277344e-01,1.941985839843750000e+03
5.800000190734863281e+00,6.806811094284057617e-01,1.942057006835937500e+03
5.800000190734863281e+00,6.738077402114868164e-01,1.942128784179687500e+03
5.800000190734863281e+00,6.660547256469726562e-01,1.942201416015625000e+03
5.800000190734863281e+00,6.573970317840576172e-01,1.942274902343750000e+03
5.800000190734863281e+00,6.478064060211181641e-01,1.942349365234375000e+03
5.800000190734863281e+00,6.372509002685546875e-01,1.942425048828125000e+03
5.800000190734863281e+00,6.256951093673706055e-01,1.942501831054687500e+03
5.800000190734863281e+00,6.130990982055664062e-01,1.942580078125000000e+03
5.800000190734863281e+00,5.994185209274291992e-01,1.942659790039062500e+03
5.800000190734863281e+00,5.846043825149536133e-01,1.942741210937500000e+03
5.800000190734863281e+00,5.686018466949462891e-01,1.942824340820312500e+03
5.800000667572021484e+00,5.513508319854736328e-01,1.942909423828125000e+03
5.800000190734863281e+00,5.327844619750976562e-01,1.942996582031250000e+03
5.800000190734863281e+00,5.128285884857177734e-01,1.943086181640625000e+03
5.800000190734863281e+00,4.914009571075439453e-01,1.943178222656250000e+03
5.800000190734863281e+00,4.684107303619384766e-01,1.943273071289062500e+03
5.800000190734863281e+00,4.437571763992309570e-01,1.943370849609375000e+03
5.800000190734863281e+00,4.173280000686645508e-01,1.943471923828125000e+03
5.800000190734863281e+00,3.889983892440795898e-01,1.943576660156250000e+03
5.800000190734863281e+00,3.586294651031494141e-01,1.943685180664062500e+03
5.800000190734863281e+00,3.260660171508789062e-01,1.943797851562500000e+03
5.800000190734863281e+00,2.911339998245239258e-01,1.943915283203125000e+03
5.800000190734863281e+00,2.536383867263793945e-01,1.944037719726562500e+03
5.800000190734863281e+00,2.133605480194091797e-01,1.944165771484375000e+03
5.754177093505859375e+00,2.000001668930053711e-01,1.944254150390625000e+03
5.685756206512451172e+00,2.000001668930053711e-01,1.944320922851562500e+03
5.615717887878417969e+00,2.000001668930053711e-01,1.944385986328125000e+03
5.544104576110839844e+00,2.000001668930053711e-01,1.944449340820312500e+03
5.470957756042480469e+00,2.000001668930053711e-01,1.944510864257812500e+03
5.396323204040527344e+00,2.000001668930053711e-01,1.944570556640625000e+03
5.320245265960693359e+00,2.000001668930053711e-01,1.944628540039062500e+03
5.242769241333007812e+00,2.000001668930053711e-01,1.944684448242187500e+03
5.163942813873291016e+00,2.000001668930053711e-01,1.944738525390625000e+03
5.083812713623046875e+00,2.000001668930053711e-01,1.944790649414062500e+03
5.002427101135253906e+00,2.000001668930053711e-01,1.944840820312500000e+03
4.919835567474365234e+00,2.000001668930053711e-01,1.944889038085937500e+03
4.836087226867675781e+00,2.000001668930053711e-01,1.944935058593750000e+03
4.751233577728271484e+00,2.000001668930053711e-01,1.944979125976562500e+03
4.665324687957763672e+00,2.000001668930053711e-01,1.945020996093750000e+03
4.578412532806396484e+00,2.000001668930053711e-01,1.945060791015625000e+03
4.490549564361572266e+00,2.000001668930053711e-01,1.945098510742187500e+03
4.401789188385009766e+00,2.000001668930053711e-01,1.945134033203125000e+03
4.312183856964111328e+00,2.000001668930053711e-01,1.945167358398437500e+03
4.221788406372070312e+00,2.000001668930053711e-01,1.945198364257812500e+03
4.130657196044921875e+00,2.000001668930053711e-01,1.945227294921875000e+03
4.038844585418701172e+00,2.000001668930053711e-01,1.945253906250000000e+03
3.946406364440917969e+00,2.000001668930053711e-01,1.945278320312500000e+03
3.853398084640502930e+00,2.000001668930053711e-01,1.945300292968750000e+03
3.759875774383544922e+00,2.000001668930053711e-01,1.945320190429687500e+03
3.665895462036132812e+00,2.000001668930053711e-01,1.945337646484375000e+03
3.571514368057250977e+00,2.000001668930053711e-01,1.945352783203125000e+03
3.476788759231567383e+00,2.000001668930053711e-01,1.945365722656250000e+03
3.381776094436645508e+00,2.000001668930053711e-01,1.945376220703125000e+03
3.286533594131469727e+00,2.000001668930053711e-01,1.945384399414062500e+03
3.191118240356445312e+00,2.000001668930053711e-01,1.945390258789062500e+03
3.095587968826293945e+00,2.000001668930053711e-01,1.945393798828125000e+03
3.000000000000000000e+00,2.000001668930053711e-01,1.945395019531250000e+03
2.904412031173706055e+00,2.000001668930053711e-01,1.945393798828125000e+03
2.808881759643554688e+00,2.000001668930053711e-01,1.945390258789062500e+03
2.713466405868530273e+00,2.000001668930053711e-01,1.945384399414062500e+03
2.618223905563354492e+00,2.000001668930053711e-01,1.945376220703125000e+03
2.523211240768432617e+00,2.000001668930053711e-01,1.945365722656250000e+03
2.428485631942749023e+00,2.000001668930053711e-01,1.945352783203125000e+03
2.334104537963867188e+00,2.000001668930053711e-01,1.945337646484375000e+03
2.240124225616455078e+00,2.000001668930053711e-01,1.945320190429687500e+03
2.146601915359497070e+00,2.000001668930053711e-01,1.945300292968750000e+03
2.053593635559082031e+00,2.000001668930053711e-01,1.945278320312500000e+03
1.961155414581298828e+00,2.000001668930053711e-01,1.945253906250000000e+03
1.869342923164367676e+00,2.000001668930053711e-01,1.945227294921875000e+03
1.778211474418640137e+00,2.000001668930053711e-01,1.945198364257812500e+03
1.687816023826599121e+00,2.000001668930053711e-01,1.945167358398437500e+03
1.598210930824279785e+00,2.000001668930053711e-01,1.945134033203125000e+03
1.509450316429138184e+00,2.000001668930053711e-01,1.945098510742187500e+03
1.421587467193603516e+00,2.000001668930053711e-01,1.945060791015625000e+03
1.334675431251525879e+00,2.000001668930053711e-01,1.945020996093750000e+03
1.248766541481018066e+00,2.000001668930053711e-01,1.944979125976562500e+03
1.163912534713745117e+00,2.000001668930053711e-01,1.944935058593750000e+03
1.080164432525634766e+00,2.000001668930053711e-01,1.944889038085937500e+03
9.975728988647460938e-01,2.000001668930053711e-01,1.944840820312500000e+03
9.161875247955322266e-01,2.000001668930053711e-01,1.944790649414062500e+03
8.360571861267089844e-01,2.000001668930053711e-01,1.944738525390625000e+03
7.572305202484130859e-01,2.000001668930053711e-01,1.944684448242187500e+03
6.797547340393066406e-01,2.000001668930053711e-01,1.944628540039062500e+03
6.036765575408935547e-01,2.000001668930053711e-01,1.944570556640625000e+03
5.290420055389404297e-01,2.000001668930053711e-01,1.944510864257812500e+03
4.558956623077392578e-01,2.000001668930053711e-01,1.944449340820312500e+03
3.842818737030029297e-01,2.000001668930053711e-01,1.944385986328125000e+03
3.142437934875488281e-01,2.000001668930053711e-01,1.944320922851562500e+03
2.458231449127197266e-01,2.000001668930053711e-01,1.944254150390625000e+03
2.000002861022949219e-01,2.133606672286987305e-01,1.944165771484375000e+03
2.000000476837158203e-01,2.536386251449584961e-01,1.944037719726562500e+03
2.000002861022949219e-01,2.911341190338134766e-01,1.943915283203125000e+03
2.000002861022949219e-01,3.260662555694580078e-01,1.943797851562500000e+03
2.000000476837158203e-01,3.586297035217285156e-01,1.943685180664062500e+03
1.999998092651367188e-01,3.889985084533691406e-01,1.943576660156250000e+03
2.000000476837158203e-01,4.173282384872436523e-01,1.943471923828125000e+03
1.999998092651367188e-01,4.437572956085205078e-01,1.943370849609375000e+03
1.999998092651367188e-01,4.684109687805175781e-01,1.943273071289062500e+03
2.000000476837158203e-01,4.914011955261230469e-01,1.943178222656250000e+03
2.000002861022949219e-01,5.128288269042968750e-01,1.943086181640625000e+03
2.000002861022949219e-01,5.327847003936767578e-01,1.942996582031250000e+03
1.999998092651367188e-01,5.513509511947631836e-01,1.942909423828125000e+03
2.000000476837158203e-01,5.686019659042358398e-01,1.942824340820312500e+03
2.000002861022949219e-01,5.846045017242431641e-01,1.942741210937500000e+03
2.000000476837158203e-01,5.994186401367187500e-01,1.942659790039062500e+03
2.000000476837158203e-01,6.130993366241455078e-01,1.942580078125000000e+03
2.000000476837158203e-01,6.256952285766601562e-01,1.942501831054687500e+03
2.000000476837158203e-01,6.372511386871337891e-01,1.942425048828125000e+03
2.000000476837158203e-01,6.478065252304077148e-01,1.942349365234375000e+03
2.000002861022949219e-01,6.573972702026367188e-01,1.942274902343750000e+03
2.000000476837158203e-01,6.660548448562622070e-01,1.942201416015625000e+03
2.000002861022949219e-01,6.738079786300659180e-01,1.942128784179687500e+03
2.000000476837158203e-01,6.806812286376953125e-01,1.942057006835937500e+03
2.000002861022949219e-01,6.866966485977172852e-01,1.941985839843750000e+03
2.000000476837158203e-01,6.918730735778808594e-01,1.941915283203125000e+03
1.999998092651367188e-01,6.962264776229858398e-01,1.941845336914062500e+03
1.999998092651367188e-01,6.997704505920410156e-01,1.941775756835937500e+03
2.000000476837158203e-01,7.025159597396850586e-01,1.941706542968750000e+03
2.000000476837158203e-01,7.044709920883178711e-01,1.941637573242187500e+03
2.000002861022949219e-01,7.056418657302856445e-01,1.941568725585937500e+03
1.999998092651367188e-01,7.060314416885375977e-01,1.941500000000000000e+03
2.000002861022949219e-01,7.056418657302856445e-01,1.941431274414062500e+03
2.000000476837158203e-01,7.044709920883178711e-01,1.941362426757812500e+03
2.000000476837158203e-01,7.025159597396850586e-01,1.941293457031250000e+03
1.999998092651367188e-01,6.997704505920410156e-01,1.941224243164062500e+03
1.999998092651367188e-01,6.962264776229858398e-01,1.941154663085937500e+03
2.000000476837158203e-01,6.918730735778808594e-01,1.941084716796875000e+03
2.000002861022949219e-01,6.866966485977172852e-01,1.941014160156250000e+03
2.000000476837158203e-01,6.806812286376953125e-01,1.940942993164062500e+03
2.000002861022949219e-01,6.738079786300659180e-01,1.940871215820312500e+03
2.000000476837158203e-01,6.660548448562622070e-01,1.940798583984375000e+03
2.000002861022949219e-01,6.573972702026367188e-01,1.940725097656250000e+03
2.000000476837158203e-01,6.478065252304077148e-01,1.940650634765625000e+03
2.000000476837158203e-01,6.372511386871337891e-01,1.940574951171875000e+03
2.000000476837158203e-01,6.256952285766601562e-01,1.940498168945312500e+03
2.000000476837158203e-01,6.130993366241455078e-01,1.940419921875000000e+03
2.000000476837158203e-01,5.994186401367187500e-01,1.940340209960937500e+03
2.000002861022949219e-01,5.846045017242431641e-01,1.940258789062500000e+03
2.000000476837158203e-01,5.686019659042358398e-01,1.940175659179687500e+03
1.999998092651367188e-01,5.513509511947631836e-01,1.940090576171875000e+03
2.000002861022949219e-01,5.327847003936767578e-01,1.940003417968750000e+03
2.000002861022949219e-01,5.128288269042968750e-01,1.939913818359375000e+03
2.000000476837158203e-01,4.914011955261230469e-01,1.939821777343750000e+03
1.999998092651367188e-01,4.684109687805175781e-01,1.939726928710937500e+03
1.999998092651367188e-01,4.437572956085205078e-01,1.939629150390625000e+03
2.000000476837158203e-01,4.173282384872436523e-01,1.939528076171875000e+03
1.999998092651367188e-01,3.889985084533691406e-01,1.939423339843750000e+03
2.000000476837158203e-01,3.586297035217285156e-01,1.939314819335937500e+03
2.000002861022949219e-01,3.260662555694580078e-01,1.939202148437500000e+03
2.000002861022949219e-01,2.911341190338134766e-01,1.939084716796875000e+03
2.000000476837158203e-01,2.536386251449584961e-01,1.938962280273437500e+03
2.000002861022949219e-01,2.133606672286987305e-01,1.938834228515625000e+03
2.458231449127197266e-01,2.000001668930053711e-01,1.938745849609375000e+03
3.142437934875488281e-01,2.000001668930053711e-01,1.938679077148437500e+03
3.842818737030029297e-01,2.000001668930053711e-01,1.938614013671875000e+03
4.558956623077392578e-01,2.000001668930053711e-01,1.938550659179687500e+03
5.290420055389404297e-01,2.000001668930053711e-01,1.938489135742187500e+03
6.036765575408935547e-01,2.000001668930053711e-01,1.938429443359375000e+03
6.797547340393066406e-01,2.000001668930053711e-01,1.938371459960937500e+03
7.572305202484130859e-01,2.000001668930053711e-01,1.938315551757812500e+03
8.360571861267089844e-01,2.000001668930053711e-01,1.938261474609375000e+03
9.161875247955322266e-01,2.000001668930053711e-01,1.938209350585937500e+03
9.975728988647460938e-01,2.000001668930053711e-01,1.938159179687500000e+03
1.080164432525634766e+00,2.000001668930053711e-01,1.938110961914062500e+03
1.163912534713745117e+00,2.000001668930053711e-01,1.938064941406250000e+03
1.248766541481018066e+00,2.000001668930053711e-01,1.938020874023437500e+03
1.334675431251525879e+00,2.000001668930053711e-01,1.937979003906250000e+03
1.421587467193603516e+00,2.000001668930053711e-01,1.937939208984375000e+03
1.509450316429138184e+00,2.000001668930053711e-01,1.937901489257812500e+03
1.598210930824279785e+00,2.000001668930053711e-01,1.937865966796875000e+03
1.687816023826599121e+00,2.000001668930053711e-01,1.937832641601562500e+03
1.778211474418640137e+00,2.000001668930053711e-01,1.937801635742187500e+03
1.869342923164367676e+00,2.000001668930053711e-01,1.937772705078125000e+03
1.961155414581298828e+00,2.000001668930053711e-01,1.937746093750000000e+03
2.053593635559082031e+00,2.000001668930053711e-01,1.937721679687500000e+03
2.146601915359497070e+00,2.000001668930053711e-01,1.937699707031250000e+03
2.240124225616455078e+00,2.000001668930053711e-01,1.937679809570312500e+03
2.334104537963867188e+00,2.000001668930053711e-01,1.937662353515625000e+03
2.428485631942749023e+00,2.000001668930053711e-01,1.937647216796875000e+03
2.523211240768432617e+00,2.000001668930053711e-01,1.937634277343750000e+03
2.618223905563354492e+00,2.000001668930053711e-01,1.937623779296875000e+03
2.713466405868530273e+00,2.000001668930053711e-01,1.937615600585937500e+03
2.808881759643554688e+00,2.000001668930053711e-01,1.937609741210937500e+03
2.904412031173706055e+00,2.000001668930053711e-01,1.937606201171875000e+03
3.000000000000000000e+00,2.000001668930053711e-01,1.937604980468750000e+03
3.095587968826293945e+00,2.000001668930053711e-01,1.937606201171875000e+03
3.191118240356445312e+00,2.000001668930053711e-01,1.937609741210937500e+03
3.286533594131469727e+00,2.000001668930053711e-01,1.937615600585937500e+03
3.381776094436645508e+00,2.000001668930053711e-01,1.937623779296875000e+03
3.476788759231567383e+00,2.000001668930053711e-01,1.937634277343750000e+03
3.571514368057250977e+00,2.000001668930053711e-01,1.937647216796875000e+03
3.665895462036132812e+00,2.000001668930053711e-01,1.937662353515625000e+03
3.759875774383544922e+00,2.000001668930053711e-01,1.937679809570312500e+03
3.853398084640502930e+00,2.000001668930053711e-01,1.937699707031250000e+03
3.946406364440917969e+00,2.000001668930053711e-01,1.937721679687500000e+03
4.038844585418701172e+00,2.000001668930053711e-01,1.937746093750000000e+03
4.130657196044921875e+00,2.000001668930053711e-01,1.937772705078125000e+03
4.221788406372070312e+00,2.000001668930053711e-01,1.937801635742187500e+03
4.312183856964111328e+00,2.000001668930053711e-01,1.937832641601562500e+03
4.401789188385009766e+00,2.000001668930053711e-01,1.937865966796875000e+03
4.490549564361572266e+00,2.000001668930053711e-01,1.937901489257812500e+03
4.578412532806396484e+00,2.000001668930053711e-01,1.937939208984375000e+03
4.665324687957763672e+00,2.000001668930053711e-01,1.937979003906250000e+03
4.751233577728271484e+00,2.000001668930053711e-01,1.938020874023437500e+03
4.836087226867675781e+00,2.000001668930053711e-01,1.938064941406250000e+03
4.919835567474365234e+00,2.000001668930053711e-01,1.938110961914062500e+03
5.002427101135253906e+00,2.000001668930053711e-01,1.938159179687500000e+03
5.083812713623046875e+00,2.000001668930053711e-01,1.938209350585937500e+03
5.163942813873291016e+00,2.000001668930053711e-01,1.938261474609375000e+03
5.242769241333007812e+00,2.000001668930053711e-01,1.938315551757812500e+03
5.320245265960693359e+00,2.000001668930053711e-01,1.938371459960937500e+03
5.396323204040527344e+00,2.000001668930053711e-01,1.938429443359375000e+03
5.470957756042480469e+00,2.000001668930053711e-01,1.938489135742187500e+03
5.544104576110839844e+00,2.000001668930053711e-01,1.938550659179687500e+03
5.615717887878417969e+00,2.000001668930053711e-01,1.938614013671875000e+03
5.685756206512451172e+00,2.000001668930053711e-01,1.938679077148437500e+03
5.754177093505859375e+00,2.000001668930053711e-01,1.938745849609375000e+03
5.800000190734863281e+00,2.133605480194091797e-01,1.938834228515625000e+03
5.800000190734863281e+00,2.536383867263793945e-01,1.938962280273437500e+03
5.800000190734863281e+00,2.911339998245239258e-01,1.939084716796875000e+03
5.800000190734863281e+00,3.260660171508789062e-01,1.939202148437500000e+03
5.800000190734863281e+00,3.586294651031494141e-01,1.939314819335937500e+03
5.800000190734863281e+00,3.889983892440795898e-01,1.939423339843750000e+03
5.800000190734863281e+00,4.173280000686645508e-01,1.939528076171875000e+03
5.800000190734863281e+00,4.437571763992309570e-01,1.939629150390625000e+03
5.800000190734863281e+00,4.684107303619384766e-01,1.939726928710937500e+03
5.800000190734863281e+00,4.914009571075439453e-01,1.939821777343750000e+03
5.800000190734863281e+00,5.128285884857177734e-01,1.939913818359375000e+03
5.800000190734863281e+00,5.327844619750976562e-01,1.940003417968750000e+03
5.800000667572021484e+00,5.513508319854736328e-01,1.940090576171875000e+03
5.800000190734863281e+00,5.686018466949462891e-01,1.940175659179687500e+03
5.800000190734863281e+00,5.846043825149536133e-01,1.940258789062500000e+03
5.800000190734863281e+00,5.994185209274291992e-01,1.940340209960937500e+03
5.800000190734863281e+00,6.130990982055664062e-01,1.940419921875000000e+03
5.800000190734863281e+00,6.256951093673706055e-01,1.940498168945312500e+03
5.800000190734863281e+00,6.372509002685546875e-01,1.940574951171875000e+03
5.800000190734863281e+00,6.478064060211181641e-01,1.940650634765625000e+03
5.800000190734863281e+00,6.573970317840576172e-01,1.940725097656250000e+03
5.800000190734863281e+00,6.660547256469726562e-01,1.940798583984375000e+03
5.800000190734863281e+00,6.738077402114868164e-01,1.940871215820312500e+03
5.800000190734863281e+00,6.806811094284057617e-01,1.940942993164062500e+03
5.800000190734863281e+00,6.866965293884277344e-01,1.941014160156250000e+03
5.800000190734863281e+00,6.918729543685913086e-01,1.941084716796875000e+03
5.800000190734863281e+00,6.962263584136962891e-01,1.941154663085937500e+03
5.800000190734863281e+00,6.997704505920410156e-01,1.941224243164062500e+03
5.800000190734863281e+00,7.025158405303955078e-01,1.941293457031250000e+03
5.800000190734863281e+00,7.044708728790283203e-01,1.941362426757812500e+03
5.800000190734863281e+00,7.056416273117065430e-01,1.941431274414062500e+03
5.800000190734863281e+00,7.708399295806884766e-01,1.941500000000000000e+03
5.800000190734863281e+00,7.704696655273437500e-01,1.941568725585937500e+03
5.800000190734863281e+00,7.693574428558349609e-01,1.941637573242187500e+03
5.800000190734863281e+00,7.675002813339233398e-01,1.941706542968750000e+03
5.800000190734863281e+00,7.648924589157104492e-01,1.941775756835937500e+03
5.800000190734863281e+00,7.615259885787963867e-01,1.941845336914062500e+03
5.800000190734863281e+00,7.573904991149902344e-01,1.941915283203125000e+03
5.800000190734863281e+00,7.524732351303100586e-01,1.941985839843750000e+03
5.800000190734863281e+00,7.467591762542724609e-01,1.942057006835937500e+03
5.800000190734863281e+00,7.402300834655761719e-01,1.942128784179687500e+03
5.800000190734863281e+00,7.328654527664184570e-01,1.942201416015625000e+03
5.800000190734863281e+00,7.246413230895996094e-01,1.942274902343750000e+03
5.800000190734863281e+00,7.155311107635498047e-01,1.942349365234375000e+03
5.800000667572021484e+00,7.055041790008544922e-01,1.942425048828125000e+03
5.800000190734863281e+00,6.945273876190185547e-01,1.942501831054687500e+03
5.800000190734863281e+00,6.825619935989379883e-01,1.942580078125000000e+03
5.800000190734863281e+00,6.695666313171386719e-01,1.942659790039062500e+03
5.800000190734863281e+00,6.554943323135375977e-01,1.942741210937500000e+03
5.800000190734863281e+00,6.402935981750488281e-01,1.942824340820312500e+03
5.800000190734863281e+00,6.239064931869506836e-01,1.942909423828125000e+03
5.800000190734863281e+00,6.062699556350708008e-01,1.942996582031250000e+03
5.800000190734863281e+00,5.873136520385742188e-01,1.943086181640625000e+03
5.800000190734863281e+00,5.669592618942260742e-01,1.943178222656250000e+03
5.800000190734863281e+00,5.451207160949707031e-01,1.943273071289062500e+03
5.800000190734863281e+00,5.217018127441406250e-01,1.943370849609375000e+03
5.800000190734863281e+00,4.965960979461669922e-01,1.943471923828125000e+03
5.800000190734863281e+00,4.696855545043945312e-01,1.943576660156250000e+03
5.800000190734863281e+00,4.408375024795532227e-01,1.943685180664062500e+03
5.800000190734863281e+00,4.099049568176269531e-01,1.943797851562500000e+03
5.800000190734863281e+00,3.767225742340087891e-01,1.943915283203125000e+03
5.800000190734863281e+00,3.411049842834472656e-01,1.944037719726562500e+03
5.800000190734863281e+00,3.028442859649658203e-01,1.944165771484375000e+03
5.800000190734863281e+00,2.617050409317016602e-01,1.944300048828125000e+03
5.800000190734863281e+00,2.174217700958251953e-01,1.944440917968750000e+03
5.753633975982666016e+00,2.000001668930053711e-01,1.944538208007812500e+03
5.678244590759277344e+00,2.000001668930053711e-01,1.944604858398437500e+03
5.601241588592529297e+00,2.000001668930053711e-01,1.944669677734375000e+03
5.522671699523925781e+00,2.000001668930053711e-01,1.944732543945312500e+03
5.442582130432128906e+00,2.000001668930053711e-01,1.944793457031250000e+03
5.361021518707275391e+00,2.000001668930053711e-01,1.944852416992187500e+03
5.278038501739501953e+00,2.000001668930053711e-01,1.944909301757812500e+03
5.193683624267578125e+00,2.000001668930053711e-01,1.944964233398437500e+03
5.108006477355957031e+00,2.000001668930053711e-01,1.945016967773437500e+03
5.021060466766357422e+00,2.000001668930053711e-01,1.945067626953125000e+03
4.932896614074707031e+00,2.000001668930053711e-01,1.945116210937500000e+03
4.843568801879882812e+00,2.000001668930053711e-01,1.945162597656250000e+03
4.753130435943603516e+00,2.000001668930053711e-01,1.945206665039062500e+03
4.661635398864746094e+00,2.000001668930053711e-01,1.945248535156250000e+03
4.569140434265136719e+00,2.000001668930053711e-01,1.945288208007812500e+03
4.475699424743652344e+00,2.000001668930053711e-01,1.945325561523437500e+03
4.381370067596435547e+00,2.000001668930053711e-01,1.945360717773437500e+03
4.286208152770996094e+00,2.000001668930053711e-01,1.945393432617187500e+03
4.190271854400634766e+00,2.000001668930053711e-01,1.945423828125000000e+03
4.093618392944335938e+00,2.000001668930053711e-01,1.945451782226562500e+03
3.996306419372558594e+00,2.000001668930053711e-01,1.945477539062500000e+03
3.898394107818603516e+00,2.000001668930053711e-01,1.945500732421875000e+03
3.799940824508666992e+00,2.000001668930053711e-01,1.945521606445312500e+03
3.701005458831787109e+00,2.000001668930053711e-01,1.945540039062500000e+03
3.601647853851318359e+00,2.000001668930053711e-01,1.945556030273437500e+03
3.501927852630615234e+00,2.000001668930053711e-01,1.945569580078125000e+03
3.401905536651611328e+00,2.000001668930053711e-01,1.945580566406250000e+03
3.301641225814819336e+00,2.000001668930053711e-01,1.945589233398437500e+03
3.201195240020751953e+00,2.000001668930053711e-01,1.945595458984375000e+03
3.100627899169921875e+00,2.000001668930053711e-01,1.945599121093750000e+03
3.000000000000000000e+00,2.000001668930053711e-01,1.945600341796875000e+03
2.899372100830078125e+00,2.000001668930053711e-01,1.945599121093750000e+03
2.798804759979248047e+00,2.000001668930053711e-01,1.945595458984375000e+03
2.698358774185180664e+00,2.000001668930053711e-01,1.945589233398437500e+03
2.598094463348388672e+00,2.000001668930053711e-01,1.945580566406250000e+03
2.498072147369384766e+00,2.000001668930053711e-01,1.945569580078125000e+03
2.398352146148681641e+00,2.000001668930053711e-01,1.945556030273437500e+03
2.298994541168212891e+00,2.000001668930053711e-01,1.945540039062500000e+03
2.200059175491333008e+00,2.000001668930053711e-01,1.945521606445312500e+03
2.101605892181396484e+00,2.000001668930053711e-01,1.945500732421875000e+03
2.003693580627441406e+00,2.000001668930053711e-01,1.945477539062500000e+03
1.906381368637084961e+00,2.000001668930053711e-01,1.945451782226562500e+03
1.809728026390075684e+00,2.000001668930053711e-01,1.945423828125000000e+03
1.713791728019714355e+00,2.000001668930053711e-01,1.945393432617187500e+03
1.618629932403564453e+00,2.000001668930053711e-01,1.945360717773437500e+03
1.524300456047058105e+00,2.000001668930053711e-01,1.945325561523437500e+03
1.430859804153442383e+00,2.000001668930053711e-01,1.945288208007812500e+03
1.338364362716674805e+00,2.000001668930053711e-01,1.945248535156250000e+03
1.246869683265686035e+00,2.000001668930053711e-01,1.945206665039062500e+03
1.156431317329406738e+00,2.000001668930053711e-01,1.945162597656250000e+03
1.067103147506713867e+00,2.000001668930053711e-01,1.945116210937500000e+03
9.789395332336425781e-01,2.000001668930053711e-01,1.945067626953125000e+03
8.919932842254638672e-01,2.000001668930053711e-01,1.945016967773437500e+03
8.063166141510009766e-01,2.000001668930053711e-01,1.944964233398437500e+03
7.219614982604980469e-01,2.000001668930053711e-01,1.944909301757812500e+03
6.389784812927246094e-01,2.000001668930053711e-01,1.944852416992187500e+03
5.574178695678710938e-01,2.000001668930053711e-01,1.944793457031250000e+03
4.773285388946533203e-01,2.000001668930053711e-01,1.944732543945312500e+03
3.987584114074707031e-01,2.000001668930053711e-01,1.944669677734375000e+03
3.217556476593017578e-01,2.000001668930053711e-01,1.944604858398437500e+03
2.463660240173339844e-01,2.000001668930053711e-01,1.944538208007812500e+03
2.000002861022949219e-01,2.174218893051147461e-01,1.944440917968750000e+03
2.000000476837158203e-01,2.617052793502807617e-01,1.944300048828125000e+03
2.000002861022949219e-01,3.028445243835449219e-01,1.944165771484375000e+03
2.000000476837158203e-01,3.411052227020263672e-01,1.944037719726562500e+03
2.000002861022949219e-01,3.767228126525878906e-01,1.943915283203125000e+03
2.000000476837158203e-01,4.099050760269165039e-01,1.943797851562500000e+03
2.000000476837158203e-01,4.408377408981323242e-01,1.943685180664062500e+03
2.000000476837158203e-01,4.696856737136840820e-01,1.943576660156250000e+03
2.000000476837158203e-01,4.965963363647460938e-01,1.943471923828125000e+03
2.000002861022949219e-01,5.217019319534301758e-01,1.943370849609375000e+03
2.000002861022949219e-01,5.451208353042602539e-01,1.943273071289062500e+03
2.000000476837158203e-01,5.669592618942260742e-01,1.943178222656250000e+03
2.000002861022949219e-01,5.873138904571533203e-01,1.943086181640625000e+03
2.000000476837158203e-01,6.062701940536499023e-01,1.942996582031250000e+03
2.000000476837158203e-01,6.239066123962402344e-01,1.942909423828125000e+03
2.000002861022949219e-01,6.402937173843383789e-01,1.942824340820312500e+03
1.999998092651367188e-01,6.554944515228271484e-01,1.942741210937500000e+03
2.000000476837158203e-01,6.695667505264282227e-01,1.942659790039062500e+03
2.000000476837158203e-01,6.825621128082275391e-01,1.942580078125000000e+03
2.000002861022949219e-01,6.945275068283081055e-01,1.942501831054687500e+03
1.999998092651367188e-01,7.055042982101440430e-01,1.942425048828125000e+03
2.000002861022949219e-01,7.155312299728393555e-01,1.942349365234375000e+03
1.999998092651367188e-01,7.246414422988891602e-01,1.942274902343750000e+03
2.000000476837158203e-01,7.328655719757080078e-01,1.942201416015625000e+03
1.999998092651367188e-01,7.402302026748657227e-01,1.942128784179687500e+03
1.999998092651367188e-01,7.467592954635620117e-01,1.942057006835937500e+03
2.000000476837158203e-01,7.524734735488891602e-01,1.941985839843750000e+03
1.999998092651367188e-01,7.573906183242797852e-01,1.941915283203125000e+03
2.000000476837158203e-01,7.615261077880859375e-01,1.941845336914062500e+03
2.000000476837158203e-01,7.648925781250000000e-01,1.941775756835937500e+03
1.999998092651367188e-01,7.675004005432128906e-01,1.941706542968750000e+03
1.999998092651367188e-01,7.693575620651245117e-01,1.941637573242187500e+03
2.000002861022949219e-01,7.704697847366333008e-01,1.941568725585937500e+03
2.000000476837158203e-01,7.708400487899780273e-01,1.941500000000000000e+03
2.000002861022949219e-01,7.704697847366333008e-01,1.941431274414062500e+03
1.999998092651367188e-01,7.693575620651245117e-01,1.941362426757812500e+03
1.999998092651367188e-01,7.675004005432128906e-01,1.941293457031250000e+03
2.000000476837158203e-01,7.648925781250000000e-01,1.941224243164062500e+03
2.000000476837158203e-01,7.615261077880859375e-01,1.941154663085937500e+03
1.999998092651367188e-01,7.573906183242797852e-01,1.941084716796875000e+03
2.000000476837158203e-01,7.524734735488891602e-01,1.941014160156250000e+03
1.999998092651367188e-01,7.467592954635620117e-01,1.940942993164062500e+03
1.999998092651367188e-01,7.402302026748657227e-01,1.940871215820312500e+03
2.000000476837158203e-01,7.328655719757080078e-01,1.940798583984375000e+03
1.999998092651367188e-01,7.246414422988891602e-01,1.940725097656250000e+03
2.000002861022949219e-01,7.155312299728393555e-01,1.940650634765625000e+03
1.999998092651367188e-01,7.055042982101440430e-01,1.940574951171875000e+03
2.000002861022949219e-01,6.945275068283081055e-01,1.940498168945312500e+03
2.000000476837158203e-01,6.825621128082275391e-01,1.940419921875000000e+03
2.000000476837158203e-01,6.695667505264282227e-01,1.940340209960937500e+03
1.999998092651367188e-01,6.554944515228271484e-01,1.940258789062500000e+03
2.000002861022949219e-01,6.402937173843383789e-01,1.940175659179687500e+03
2.000000476837158203e-01,6.239066123962402344e-01,1.940090576171875000e+03
2.000000476837158203e-01,6.062701940536499023e-01,1.940003417968750000e+03
2.000002861022949219e-01,5.873138904571533203e-01,1.939913818359375000e+03
2.000000476837158203e-01,5.669592618942260742e-01,1.939821777343750000e+03
2.000002861022949219e-01,5.451208353042602539e-01,1.939726928710937500e+03
2.000002861022949219e-01,5.217019319534301758e-01,1.939629150390625000e+03
2.000000476837158203e-01,4.965963363647460938e-01,1.939528076171875000e+03
2.000000476837158203e-01,4.696856737136840820e-01,1.939423339843750000e+03
2.000000476837158203e-01,4.408377408981323242e-01,1.939314819335937500e+03
2.000000476837158203e-01,4.099050760269165039e-01,1.939202148437500000e+03
2.000002861022949219e-01,3.767228126525878906e-01,1.939084716796875000e+03
2.000000476837158203e-01,3.411052227020263672e-01,1.938962280273437500e+03
2.000002861022949219e-01,3.028445243835449219e-01,1.938834228515625000e+03
2.000000476837158203e-01,2.617052793502807617e-01,1.938699951171875000e+03
2.000002861022949219e-01,2.174218893051147461e-01,1.938559082031250000e+03
2.463660240173339844e-01,2.000001668930053711e-01,1.938461791992187500e+03
3.217556476593017578e-01,2.000001668930053711e-01,1.938395141601562500e+03
3.987584114074707031e-01,2.000001668930053711e-01,1.938330322265625000e+03
4.773285388946533203e-01,2.000001668930053711e-01,1.938267456054687500e+03
5.574178695678710938e-01,2.000001668930053711e-01,1.938206542968750000e+03
6.389784812927246094e-01,2.000001668930053711e-01,1.938147583007812500e+03
7.219614982604980469e-01,2.000001668930053711e-01,1.938090698242187500e+03
8.063166141510009766e-01,2.000001668930053711e-01,1.938035766601562500e+03
8.919932842254638672e-01,2.000001668930053711e-01,1.937983032226562500e+03
9.789395332336425781e-01,2.000001668930053711e-01,1.937932373046875000e+03
1.067103147506713867e+00,2.000001668930053711e-01,1.937883789062500000e+03
1.156431317329406738e+00,2.000001668930053711e-01,1.937837402343750000e+03
1.246869683265686035e+00,2.000001668930053711e-01,1.937793334960937500e+03
1.338364362716674805e+00,2.000001668930053711e-01,1.937751464843750000e+03
1.430859804153442383e+00,2.000001668930053711e-01,1.937711791992187500e+03
1.524300456047058105e+00,2.000001668930053711e-01,1.937674438476562500e+03
1.618629932403564453e+00,2.000001668930053711e-01,1.937639282226562500e+03
1.713791728019714355e+00,2.000001668930053711e-01,1.937606567382812500e+03
1.809728026390075684e+00,2.000001668930053711e-01,1.937576171875000000e+03
1.906381368637084961e+00,2.000001668930053711e-01,1.937548217773437500e+03
2.003693580627441406e+00,2.000001668930053711e-01,1.937522460937500000e+03
2.101605892181396484e+00,2.000001668930053711e-01,1.937499267578125000e+03
2.200059175491333008e+00,2.000001668930053711e-01,1.937478393554687500e+03
2.298994541168212891e+00,2.000001668930053711e-01,1.937459960937500000e+03
2.398352146148681641e+00,2.000001668930053711e-01,1.937443969726562500e+03
2.498072147369384766e+00,2.000001668930053711e-01,1.937430419921875000e+03
2.598094463348388672e+00,2.000001668930053711e-01,1.937419433593750000e+03
2.698358774185180664e+00,2.000001668930053711e-01,1.937410766601562500e+03
2.798804759979248047e+00,2.000001668930053711e-01,1.937404541015625000e+03
2.899372100830078125e+00,2.000001668930053711e-01,1.937400878906250000e+03
3.000000000000000000e+00,2.000001668930053711e-01,1.937399658203125000e+03
3.100627899169921875e+00,2.000001668930053711e-01,1.937400878906250000e+03
3.201195240020751953e+00,2.000001668930053711e-01,1.937404541015625000e+03
3.301641225814819336e+00,2.000001668930053711e-01,1.937410766601562500e+03
3.401905536651611328e+00,2.000001668930053711e-01,1.937419433593750000e+03
3.501927852630615234e+00,2.000001668930053711e-01,1.937430419921875000e+03
3.601647853851318359e+00,2.000001668930053711e-01,1.937443969726562500e+03
3.701005458831787109e+00,2.000001668930053711e-01,1.937459960937500000e+03
3.799940824508666992e+00,2.000001668930053711e-01,1.937478393554687500e+03
3.898394107818603516e+00,2.000001668930053711e-01,1.937499267578125000e+03
3.996306419372558594e+00,2.000001668930053711e-01,1.937522460937500000e+03
4.093618392944335938e+00,2.000001668930053711e-01,1.937548217773437500e+03
4.190271854400634766e+00,2.000001668930053711e-01,1.937576171875000000e+03
4.286208152770996094e+00,2.000001668930053711e-01,1.937606567382812500e+03
4.381370067596435547e+00,2.000001668930053711e-01,1.937639282226562500e+03
4.475699424743652344e+00,2.000001668930053711e-01,1.937674438476562500e+03
4.569140434265136719e+00,2.000001668930053711e-01,1.937711791992187500e+03
4.661635398864746094e+00,2.000001668930053711e-01,1.937751464843750000e+03
4.753130435943603516e+00,2.000001668930053711e-01,1.937793334960937500e+03
4.843568801879882812e+00,2.000001668930053711e-01,1.937837402343750000e+03
4.932896614074707031e+00,2.000001668930053711e-01,1.937883789062500000e+03
5.021060466766357422e+00,2.000001668930053711e-01,1.937932373046875000e+03
5.108006477355957031e+00,2.000001668930053711e-01,1.937983032226562500e+03
5.193683624267578125e+00,2.000001668930053711e-01,1.938035766601562500e+03
5.278038501739501953e+00,2.000001668930053711e-01,1.938090698242187500e+03
5.361021518707275391e+00,2.000001668930053711e-01,1.938147583007812500e+03
5.442582130432128906e+00,2.000001668930053711e-01,1.938206542968750000e+03
5.522671699523925781e+00,2.000001668930053711e-01,1.938267456054687500e+03
5.601241588592529297e+00,2.000001668930053711e-01,1.938330322265625000e+03
5.678244590759277344e+00,2.000001668930053711e-01,1.938395141601562500e+03
5.753633975982666016e+00,2.000001668930053711e-01,1.938461791992187500e+03
5.800000190734863281e+00,2.174217700958251953e-01,1.938559082031250000e+03
5.800000190734863281e+00,2.617050409317016602e-01,1.938699951171875000e+03
5.800000190734863281e+00,3.028442859649658203e-01,1.938834228515625000e+03
5.800000190734863281e+00,3.411049842834472656e-01,1.938962280273437500e+03
5.800000190734863281e+00,3.767225742340087891e-01,1.939084716796875000e+03
5.800000190734863281e+00,4.099049568176269531e-01,1.939202148437500000e+03
5.800000190734863281e+00,4.408375024795532227e-01,1.939314819335937500e+03
5.800000190734863281e+00,4.696855545043945312e-01,1.939423339843750000e+03
5.800000190734863281e+00,4.965960979461669922e-01,1.939528076171875000e+03
5.800000190734863281e+00,5.217018127441406250e-01,1.939629150390625000e+03
5.800000190734863281e+00,5.451207160949707031e-01,1.939726928710937500e+03
5.800000190734863281e+00,5.669592618942260742e-01,1.939821777343750000e+03
5.800000190734863281e+00,5.873136520385742188e-01,1.939913818359375000e+03
5.800000190734863281e+00,6.062699556350708008e-01,1.940003417968750000e+03
5.800000190734863281e+00,6.239064931869506836e-01,1.940090576171875000e+03
5.800000190734863281e+00,6.402935981750488281e-01,1.940175659179687500e+03
5.800000190734863281e+00,6.554943323135375977e-01,1.940258789062500000e+03
5.800000190734863281e+00,6.695666313171386719e-01,1.940340209960937500e+03
5.800000190734863281e+00,6.825619935989379883e-01,1.940419921875000000e+03
5.800000190734863281e+00,6.945273876190185547e-01,1.940498168945312500e+03
5.800000667572021484e+00,7.055041790008544922e-01,1.940574951171875000e+03
5.800000190734863281e+00,7.155311107635498047e-01,1.940650634765625000e+03
5.800000190734863281e+00,7.246413230895996094e-01,1.940725097656250000e+03
5.800000190734863281e+00,7.328654527664184570e-01,1.940798583984375000e+03
5.800000190734863281e+00,7.402300834655761719e-01,1.940871215820312500e+03
5.800000190734863281e+00,7.467591762542724609e-01,1.940942993164062500e+03
5.800000190734863281e+00,7.524732351303100586e-01,1.941014160156250000e+03
5.800000190734863281e+00,7.573904991149902344e-01,1.941084716796875000e+03
5.800000190734863281e+00,7.615259885787963867e-01,1.941154663085937500e+03
5.800000190734863281e+00,7.648924589157104492e-01,1.941224243164062500e+03
5.800000190734863281e+00,7.675002813339233398e-01,1.941293457031250000e+03
5.800000190734863281e+00,7.693574428558349609e-01,1.941362426757812500e+03
5.800000190734863281e+00,7.704696655273437500e-01,1.941431274414062500e+03
5.800000190734863281e+00,8.345626592636108398e-01,1.941500000000000000e+03
5.800000190734863281e+00,8.342115879058837891e-01,1.941568725585937500e+03
5.800000190734863281e+00,8.331571817398071289e-01,1.941637573242187500e+03
5.800000190734863281e+00,8.313962221145629883e-01,1.941706542968750000e+03
5.800000190734863281e+00,8.289235830307006836e-01,1.941775756835937500e+03
5.800000190734863281e+00,8.257315158843994141e-01,1.941845336914062500e+03
5.800000190734863281e+00,8.218106031417846680e-01,1.941915283203125000e+03
5.800000190734863281e+00,8.171483278274536133e-01,1.941985839843750000e+03
5.800000190734863281e+00,8.117303848266601562e-01,1.942057006835937500e+03
5.800000190734863281e+00,8.055398464202880859e-01,1.942128784179687500e+03
5.800000190734863281e+00,7.985568046569824219e-01,1.942201416015625000e+03
5.800000190734863281e+00,7.907590866088867188e-01,1.942274902343750000e+03
5.800000190734863281e+00,7.821211814880371094e-01,1.942349365234375000e+03
5.800000190734863281e+00,7.726143598556518555e-01,1.942425048828125000e+03
5.800000667572021484e+00,7.622060775756835938e-01,1.942501831054687500e+03
5.800000190734863281e+00,7.508614063262939453e-01,1.942580078125000000e+03
5.800000190734863281e+00,7.385398149490356445e-01,1.942659790039062500e+03
5.800000190734863281e+00,7.251969575881958008e-01,1.942741210937500000e+03
5.800000190734863281e+00,7.107840776443481445e-01,1.942824340820312500e+03
5.800000190734863281e+00,6.952468156814575195e-01,1.942909423828125000e+03
5.800000190734863281e+00,6.785244941711425781e-01,1.942996582031250000e+03
5.800000190734863281e+00,6.605507135391235352e-01,1.943086181640625000e+03
5.800000190734863281e+00,6.412515640258789062e-01,1.943178222656250000e+03
5.800000190734863281e+00,6.205452680587768555e-01,1.943273071289062500e+03
5.800000190734863281e+00,5.983405113220214844e-01,1.943370849609375000e+03
5.800000190734863281e+00,5.745364427566528320e-01,1.943471923828125000e+03
5.800000190734863281e+00,5.490207672119140625e-01,1.943576660156250000e+03
5.800000190734863281e+00,5.216684341430664062e-01,1.943685180664062500e+03
5.800000190734863281e+00,4.923394918441772461e-01,1.943797851562500000e+03
5.800000190734863281e+00,4.608772993087768555e-01,1.943915283203125000e+03
5.800000190734863281e+00,4.271063804626464844e-01,1.944037719726562500e+03
5.800000190734863281e+00,3.908290863037109375e-01,1.944165771484375000e+03
5.800000190734863281e+00,3.518229722976684570e-01,1.944300048828125000e+03
5.800000190734863281e+00,3.098349571228027344e-01,1.944440917968750000e+03
5.800000190734863281e+00,2.645794153213500977e-01,1.944589355468750000e+03
5.800000190734863281e+00,2.157289981842041016e-01,1.944745971679687500e+03
5.743470191955566406e+00,1.999998092651367188e-01,1.944842895507812500e+03
5.660604476928710938e+00,1.999998092651367188e-01,1.944909301757812500e+03
5.576136112213134766e+00,1.999998092651367188e-01,1.944973510742187500e+03
5.490115642547607422e+00,1.999998092651367188e-01,1.945035644531250000e+03
5.402595520019531250e+00,1.999998092651367188e-01,1.945095703125000000e+03
5.313628196716308594e+00,1.999998092651367188e-01,1.945153564453125000e+03
5.223266601562500000e+00,1.999998092651367188e-01,1.945209350585937500e+03
5.131567001342773438e+00,1.999998092651367188e-01,1.945262695312500000e+03
5.038582324981689453e+00,1.999998092651367188e-01,1.945313964843750000e+03
4.944370269775390625e+00,1.999998092651367188e-01,1.945362792968750000e+03
4.848986625671386719e+00,1.999998092651367188e-01,1.945409301757812500e+03
4.752489566802978516e+00,1.999998092651367188e-01,1.945453613281250000e+03
4.654936790466308594e+00,1.999998092651367188e-01,1.945495361328125000e+03
4.556386947631835938e+00,1.999998092651367188e-01,1.945534790039062500e+03
4.456899642944335938e+00,1.999998092651367188e-01,1.945571777343750000e+03
4.356534957885742188e+00,1.999998092651367188e-01,1.945606323242187500e+03
4.255352973937988281e+00,1.999998092651367188e-01,1.945638305664062500e+03
4.153414726257324219e+00,1.999998092651367188e-01,1.945667846679687500e+03
4.050781726837158203e+00,1.999998092651367188e-01,1.945694946289062500e+03
3.947515964508056641e+00,1.999998092651367188e-01,1.945719482421875000e+03
3.843679428100585938e+00,1.999998092651367188e-01,1.945741455078125000e+03
3.739334583282470703e+00,1.999998092651367188e-01,1.945760864257812500e+03
3.634544372558593750e+00,1.999998092651367188e-01,1.945777709960937500e+03
3.529371976852416992e+00,1.999998092651367188e-01,1.945791992187500000e+03
3.423880815505981445e+00,1.999998092651367188e-01,1.945803710937500000e+03
3.318134307861328125e+00,1.999998092651367188e-01,1.945812866210937500e+03
3.212195873260498047e+00,1.999998092651367188e-01,1.945819335937500000e+03
3.106129884719848633e+00,1.999998092651367188e-01,1.945823242187500000e+03
3.000000000000000000e+00,1.999998092651367188e-01,1.945824584960937500e+03
2.893870115280151367e+00,1.999998092651367188e-01,1.945823242187500000e+03
2.787804126739501953e+00,1.999998092651367188e-01,1.945819335937500000e+03
2.681865692138671875e+00,1.999998092651367188e-01,1.945812866210937500e+03
2.576119184494018555e+00,1.999998092651367188e-01,1.945803710937500000e+03
2.470628023147583008e+00,1.999998092651367188e-01,1.945791992187500000e+03
2.365455627441406250e+00,1.999998092651367188e-01,1.945777709960937500e+03
2.260665416717529297e+00,1.999998092651367188e-01,1.945760864257812500e+03
2.156320571899414062e+00,1.999998092651367188e-01,1.945741455078125000e+03
2.052484035491943359e+00,1.999998092651367188e-01,1.945719482421875000e+03
1.949218273162841797e+00,1.999998092651367188e-01,1.945694946289062500e+03
1.846585273742675781e+00,1.999998092651367188e-01,1.945667846679687500e+03
1.744647145271301270e+00,1.999998092651367188e-01,1.945638305664062500e+03
1.643465161323547363e+00,1.999998092651367188e-01,1.945606323242187500e+03
1.543100357055664062e+00,1.999998092651367188e-01,1.945571777343750000e+03
1.443613171577453613e+00,1.999998092651367188e-01,1.945534790039062500e+03
1.345063447952270508e+00,1.999998092651367188e-01,1.945495361328125000e+03
1.247510552406311035e+00,1.999998092651367188e-01,1.945453613281250000e+03
1.151013374328613281e+00,1.999998092651367188e-01,1.945409301757812500e+03
1.055629849433898926e+00,1.999998092651367188e-01,1.945362792968750000e+03
9.614176750183105469e-01,1.999998092651367188e-01,1.945313964843750000e+03
8.684332370758056641e-01,1.999998092651367188e-01,1.945262695312500000e+03
7.767331600189208984e-01,1.999998092651367188e-01,1.945209350585937500e+03
6.863720417022705078e-01,1.999998092651367188e-01,1.945153564453125000e+03
5.974044799804687500e-01,1.999998092651367188e-01,1.945095703125000000e+03
5.098843574523925781e-01,1.999998092651367188e-01,1.945035644531250000e+03
4.238638877868652344e-01,1.999998092651367188e-01,1.944973510742187500e+03
3.393955230712890625e-01,1.999998092651367188e-01,1.944909301757812500e+03
2.565295696258544922e-01,1.999998092651367188e-01,1.944842895507812500e+03
2.000000476837158203e-01,2.157292366027832031e-01,1.944745971679687500e+03
2.000002861022949219e-01,2.645796537399291992e-01,1.944589355468750000e+03
2.000000476837158203e-01,3.098351955413818359e-01,1.944440917968750000e+03
2.000002861022949219e-01,3.518230915069580078e-01,1.944300048828125000e+03
2.000000476837158203e-01,3.908292055130004883e-01,1.944165771484375000e+03
2.000000476837158203e-01,4.271064996719360352e-01,1.944037719726562500e+03
2.000002861022949219e-01,4.608775377273559570e-01,1.943915283203125000e+03
2.000000476837158203e-01,4.923396110534667969e-01,1.943797851562500000e+03
1.999998092651367188e-01,5.216685533523559570e-01,1.943685180664062500e+03
1.999998092651367188e-01,5.490208864212036133e-01,1.943576660156250000e+03
2.000000476837158203e-01,5.745365619659423828e-01,1.943471923828125000e+03
2.000002861022949219e-01,5.983407497406005859e-01,1.943370849609375000e+03
2.000000476837158203e-01,6.205453872680664062e-01,1.943273071289062500e+03
2.000000476837158203e-01,6.412518024444580078e-01,1.943178222656250000e+03
2.000000476837158203e-01,6.605509519577026367e-01,1.943086181640625000e+03
2.000000476837158203e-01,6.785246133804321289e-01,1.942996582031250000e+03
2.000000476837158203e-01,6.952469348907470703e-01,1.942909423828125000e+03
2.000000476837158203e-01,7.107843160629272461e-01,1.942824340820312500e+03
1.999998092651367188e-01,7.251970767974853516e-01,1.942741210937500000e+03
2.000002861022949219e-01,7.385399341583251953e-01,1.942659790039062500e+03
2.000000476837158203e-01,7.508615255355834961e-01,1.942580078125000000e+03
1.999998092651367188e-01,7.622063159942626953e-01,1.942501831054687500e+03
2.000000476837158203e-01,7.726144790649414062e-01,1.942425048828125000e+03
2.000002861022949219e-01,7.821214199066162109e-01,1.942349365234375000e+03
1.999998092651367188e-01,7.907592058181762695e-01,1.942274902343750000e+03
2.000000476837158203e-01,7.985570430755615234e-01,1.942201416015625000e+03
1.999998092651367188e-01,8.055399656295776367e-01,1.942128784179687500e+03
2.000000476837158203e-01,8.117305040359497070e-01,1.942057006835937500e+03
2.000002861022949219e-01,8.171485662460327148e-01,1.941985839843750000e+03
2.000000476837158203e-01,8.218107223510742188e-01,1.941915283203125000e+03
1.999998092651367188e-01,8.257316350936889648e-01,1.941845336914062500e+03
2.000000476837158203e-01,8.289237022399902344e-01,1.941775756835937500e+03
2.000000476837158203e-01,8.313963413238525391e-01,1.941706542968750000e+03
2.000000476837158203e-01,8.331573009490966797e-01,1.941637573242187500e+03
2.000000476837158203e-01,8.342117071151733398e-01,1.941568725585937500e+03
2.000000476837158203e-01,8.345627784729003906e-01,1.941500000000000000e+03
2.000000476837158203e-01,8.342117071151733398e-01,1.941431274414062500e+03
2.000000476837158203e-01,8.331573009490966797e-01,1.941362426757812500e+03
2.000000476837158203e-01,8.313963413238525391e-01,1.941293457031250000e+03
2.000000476837158203e-01,8.289237022399902344e-01,1.941224243164062500e+03
1.999998092651367188e-01,8.257316350936889648e-01,1.941154663085937500e+03
2.000000476837158203e-01,8.218107223510742188e-01,1.941084716796875000e+03
2.000002861022949219e-01,8.171485662460327148e-01,1.941014160156250000e+03
2.000000476837158203e-01,8.117305040359497070e-01,1.940942993164062500e+03
1.999998092651367188e-01,8.055399656295776367e-01,1.940871215820312500e+03
2.000000476837158203e-01,7.985570430755615234e-01,1.940798583984375000e+03
1.999998092651367188e-01,7.907592058181762695e-01,1.940725097656250000e+03
2.000002861022949219e-01,7.821214199066162109e-01,1.940650634765625000e+03
2.000000476837158203e-01,7.726144790649414062e-01,1.940574951171875000e+03
1.999998092651367188e-01,7.622063159942626953e-01,1.940498168945312500e+03
2.000000476837158203e-01,7.508615255355834961e-01,1.940419921875000000e+03
2.000002861022949219e-01,7.385399341583251953e-01,1.940340209960937500e+03
1.999998092651367188e-01,7.251970767974853516e-01,1.940258789062500000e+03
2.000000476837158203e-01,7.107843160629272461e-01,1.940175659179687500e+03
2.000000476837158203e-01,6.952469348907470703e-01,1.940090576171875000e+03
2.000000476837158203e-01,6.785246133804321289e-01,1.940003417968750000e+03
2.000000476837158203e-01,6.605509519577026367e-01,1.939913818359375000e+03
2.000000476837158203e-01,6.412518024444580078e-01,1.939821777343750000e+03
2.000000476837158203e-01,6.205453872680664062e-01,1.939726928710937500e+03
2.000002861022949219e-01,5.983407497406005859e-01,1.939629150390625000e+03
2.000000476837158203e-01,5.745365619659423828e-01,1.939528076171875000e+03
1.999998092651367188e-01,5.490208864212036133e-01,1.939423339843750000e+03
1.999998092651367188e-01,5.216685533523559570e-01,1.939314819335937500e+03
2.000000476837158203e-01,4.923396110534667969e-01,1.939202148437500000e+03
2.000002861022949219e-01,4.608775377273559570e-01,1.939084716796875000e+03
2.000000476837158203e-01,4.271064996719360352e-01,1.938962280273437500e+03
2.000000476837158203e-01,3.908292055130004883e-01,1.938834228515625000e+03
2.000002861022949219e-01,3.518230915069580078e-01,1.938699951171875000e+03
2.000000476837158203e-01,3.098351955413818359e-01,1.938559082031250000e+03
2.000002861022949219e-01,2.645796537399291992e-01,1.938410644531250000e+03
2.000000476837158203e-01,2.157292366027832031e-01,1.938254028320312500e+03
2.565295696258544922e-01,1.999998092651367188e-01,1.938157104492187500e+03
3.393955230712890625e-01,1.999998092651367188e-01,1.938090698242187500e+03
4.238638877868652344e-01,1.999998092651367188e-01,1.938026489257812500e+03
5.098843574523925781e-01,1.999998092651367188e-01,1.937964355468750000e+03
5.974044799804687500e-01,1.999998092651367188e-01,1.937904296875000000e+03
6.863720417022705078e-01,1.999998092651367188e-01,1.937846435546875000e+03
7.767331600189208984e-01,1.999998092651367188e-01,1.937790649414062500e+03
8.684332370758056641e-01,1.999998092651367188e-01,1.937737304687500000e+03
9.614176750183105469e-01,1.999998092651367188e-01,1.937686035156250000e+03
1.055629849433898926e+00,1.999998092651367188e-01,1.937637207031250000e+03
1.151013374328613281e+00,1.999998092651367188e-01,1.937590698242187500e+03
1.247510552406311035e+00,1.999998092651367188e-01,1.937546386718750000e+03
1.345063447952270508e+00,1.999998092651367188e-01,1.937504638671875000e+03
1.443613171577453613e+00,1.999998092651367188e-01,1.937465209960937500e+03
1.543100357055664062e+00,1.999998092651367188e-01,1.937428222656250000e+03
1.643465161323547363e+00,1.999998092651367188e-01,1.937393676757812500e+03
1.744647145271301270e+00,1.999998092651367188e-01,1.937361694335937500e+03
1.846585273742675781e+00,1.999998092651367188e-01,1.937332153320312500e+03
1.949218273162841797e+00,1.999998092651367188e-01,1.937305053710937500e+03
2.052484035491943359e+00,1.999998092651367188e-01,1.937280517578125000e+03
2.156320571899414062e+00,1.999998092651367188e-01,1.937258544921875000e+03
2.260665416717529297e+00,1.999998092651367188e-01,1.937239135742187500e+03
2.365455627441406250e+00,1.999998092651367188e-01,1.937222290039062500e+03
2.470628023147583008e+00,1.999998092651367188e-01,1.937208007812500000e+03
2.576119184494018555e+00,1.999998092651367188e-01,1.937196289062500000e+03
2.681865692138671875e+00,1.999998092651367188e-01,1.937187133789062500e+03
2.787804126739501953e+00,1.999998092651367188e-01,1.937180664062500000e+03
2.893870115280151367e+00,1.999998092651367188e-01,1.937176757812500000e+03
3.000000000000000000e+00,1.999998092651367188e-01,1.937175415039062500e+03
3.106129884719848633e+00,1.999998092651367188e-01,1.937176757812500000e+03
3.212195873260498047e+00,1.999998092651367188e-01,1.937180664062500000e+03
3.318134307861328125e+00,1.999998092651367188e-01,1.937187133789062500e+03
3.423880815505981445e+00,1.999998092651367188e-01,1.937196289062500000e+03
3.529371976852416992e+00,1.999998092651367188e-01,1.937208007812500000e+03
3.634544372558593750e+00,1.999998092651367188e-01,1.937222290039062500e+03
3.739334583282470703e+00,1.999998092651367188e-01,1.937239135742187500e+03
3.843679428100585938e+00,1.999998092651367188e-01,1.937258544921875000e+03
3.947515964508056641e+00,1.999998092651367188e-01,1.937280517578125000e+03
4.050781726837158203e+00,1.999998092651367188e-01,1.937305053710937500e+03
4.153414726257324219e+00,1.999998092651367188e-01,1.937332153320312500e+03
4.255352973937988281e+00,1.999998092651367188e-01,1.937361694335937500e+03
4.356534957885742188e+00,1.999998092651367188e-01,1.937393676757812500e+03
4.456899642944335938e+00,1.999998092651367188e-01,1.937428222656250000e+03
4.556386947631835938e+00,1.999998092651367188e-01,1.937465209960937500e+03
4.654936790466308594e+00,1.999998092651367188e-01,1.937504638671875000e+03
4.752489566802978516e+00,1.999998092651367188e-01,1.937546386718750000e+03
4.848986625671386719e+00,1.999998092651367188e-01,1.937590698242187500e+03
4.944370269775390625e+00,1.999998092651367188e-01,1.937637207031250000e+03
5.038582324981689453e+00,1.999998092651367188e-01,1.937686035156250000e+03
5.131567001342773438e+00,1.999998092651367188e-01,1.937737304687500000e+03
5.223266601562500000e+00,1.999998092651367188e-01,1.937790649414062500e+03
5.313628196716308594e+00,1.999998092651367188e-01,1.937846435546875000e+03
5.402595520019531250e+00,1.999998092651367188e-01,1.937904296875000000e+03
5.490115642547607422e+00,1.999998092651367188e-01,1.937964355468750000e+03
5.576136112213134766e+00,1.999998092651367188e-01,1.938026489257812500e+03
5.660604476928710938e+00,1.999998092651367188e-01,1.938090698242187500e+03
5.743470191955566406e+00,1.999998092651367188e-01,1.938157104492187500e+03
5.800000190734863281e+00,2.157289981842041016e-01,1.938254028320312500e+03
5.800000190734863281e+00,2.645794153213500977e-01,1.938410644531250000e+03
5.800000190734863281e+00,3.098349571228027344e-01,1.938559082031250000e+03
5.800000190734863281e+00,3.518229722976684570e-01,1.938699951171875000e+03
5.800000190734863281e+00,3.908290863037109375e-01,1.938834228515625000e+03
5.800000190734863281e+00,4.271063804626464844e-01,1.938962280273437500e+03
5.800000190734863281e+00,4.608772993087768555e-01,1.939084716796875000e+03
5.800000190734863281e+00,4.923394918441772461e-01,1.939202148437500000e+03
5.800000190734863281e+00,5.216684341430664062e-01,1.939314819335937500e+03
5.800000190734863281e+00,5.490207672119140625e-01,1.939423339843750000e+03
5.800000190734863281e+00,5.745364427566528320e-01,1.939528076171875000e+03
5.800000190734863281e+00,5.983405113220214844e-01,1.939629150390625000e+03
5.800000190734863281e+00,6.205452680587768555e-01,1.939726928710937500e+03
5.800000190734863281e+00,6.412515640258789062e-01,1.939821777343750000e+03
5.800000190734863281e+00,6.605507135391235352e-01,1.939913818359375000e+03
5.800000190734863281e+00,6.785244941711425781e-01,1.940003417968750000e+03
5.800000190734863281e+00,6.952468156814575195e-01,1.940090576171875000e+03
5.800000190734863281e+00,7.107840776443481445e-01,1.940175659179687500e+03
5.800000190734863281e+00,7.251969575881958008e-01,1.940258789062500000e+03
5.800000190734863281e+00,7.385398149490356445e-01,1.940340209960937500e+03
5.800000190734863281e+00,7.508614063262939453e-01,1.940419921875000000e+03
5.800000667572021484e+00,7.622060775756835938e-01,1.940498168945312500e+03
5.800000190734863281e+00,7.726143598556518555e-01,1.940574951171875000e+03
5.800000190734863281e+00,7.821211814880371094e-01,1.940650634765625000e+03
5.800000190734863281e+00,7.907590866088867188e-01,1.940725097656250000e+03
5.800000190734863281e+00,7.985568046569824219e-01,1.940798583984375000e+03
5.800000190734863281e+00,8.055398464202880859e-01,1.940871215820312500e+03
5.800000190734863281e+00,8.117303848266601562e-01,1.940942993164062500e+03
5.800000190734863281e+00,8.171483278274536133e-01,1.941014160156250000e+03
5.800000190734863281e+00,8.218106031417846680e-01,1.941084716796875000e+03
5.800000190734863281e+00,8.257315158843994141e-01,1.941154663085937500e+03
5.800000190734863281e+00,8.289235830307006836e-01,1.941224243164062500e+03
5.800000190734863281e+00,8.313962221145629883e-01,1.941293457031250000e+03
5.800000190734863281e+00,8.331571817398071289e-01,1.941362426757812500e+03
5.800000190734863281e+00,8.342115879058837891e-01,1.941431274414062500e+03
5.800000190734863281e+00,8.972728252410888672e-01,1.941500000000000000e+03
5.800000190734863281e+00,8.969405889511108398e-01,1.941568725585937500e+03
5.800000190734863281e+00,8.959430456161499023e-01,1.941637573242187500e+03
5.800000190734863281e+00,8.942768573760986328e-01,1.941706542968750000e+03
5.800000190734863281e+00,8.919371366500854492e-01,1.941775756835937500e+03
5.800000190734863281e+00,8.889169692993164062e-01,1.941845336914062500e+03
5.800000190734863281e+00,8.852069377899169922e-01,1.941915283203125000e+03
5.800000190734863281e+00,8.807954788208007812e-01,1.941985839843750000e+03
5.800000190734863281e+00,8.756692409515380859e-01,1.942057006835937500e+03
5.800000190734863281e+00,8.698116540908813477e-01,1.942128784179687500e+03
5.800000190734863281e+00,8.632045984268188477e-01,1.942201416015625000e+03
5.800000190734863281e+00,8.558263778686523438e-01,1.942274902343750000e+03
5.800000190734863281e+00,8.476531505584716797e-01,1.942349365234375000e+03
5.800000190734863281e+00,8.386577367782592773e-01,1.942425048828125000e+03
5.800000190734863281e+00,8.288098573684692383e-01,1.942501831054687500e+03
5.800000190734863281e+00,8.180754184722900391e-01,1.942580078125000000e+03
5.800000190734863281e+00,8.064167499542236328e-01,1.942659790039062500e+03
5.800000190734863281e+00,7.937920093536376953e-01,1.942741210937500000e+03
5.800000190734863281e+00,7.801545858383178711e-01,1.942824340820312500e+03
5.800000190734863281e+00,7.654532194137573242e-01,1.942909423828125000e+03
5.800000190734863281e+00,7.496306896209716797e-01,1.942996582031250000e+03
5.800000190734863281e+00,7.326242923736572266e-01,1.943086181640625000e+03
5.800000190734863281e+00,7.143635749816894531e-01,1.943178222656250000e+03
5.800000190734863281e+00,6.947712898254394531e-01,1.943273071289062500e+03
5.800000190734863281e+00,6.737612485885620117e-01,1.943370849609375000e+03
5.800000190734863281e+00,6.512382030487060547e-01,1.943471923828125000e+03
5.800000190734863281e+00,6.270955801010131836e-01,1.943576660156250000e+03
5.800000190734863281e+00,6.012150049209594727e-01,1.943685180664062500e+03
5.800000190734863281e+00,5.734639167785644531e-01,1.943797851562500000e+03
5.800000190734863281e+00,5.436948537826538086e-01,1.943915283203125000e+03
5.800000190734863281e+00,5.117409229278564453e-01,1.944037719726562500e+03
5.800000190734863281e+00,4.774158000946044922e-01,1.944165771484375000e+03
5.800000190734863281e+00,4.405082464218139648e-01,1.944300048828125000e+03
5.800000667572021484e+00,4.007797241210937500e-01,1.944440917968750000e+03
5.800000190734863281e+00,3.579592704772949219e-01,1.944589355468750000e+03
5.800000190734863281e+00,3.117375373840332031e-01,1.944745971679687500e+03
5.800000190734863281e+00,2.617609500885009766e-01,1.944911865234375000e+03
5.800000190734863281e+00,2.076225280761718750e-01,1.945087890625000000e+03
5.722636222839355469e+00,2.000000476837158203e-01,1.945171020507812500e+03
5.631723880767822266e+00,2.000000476837158203e-01,1.945236816406250000e+03
5.539226531982421875e+00,2.000000476837158203e-01,1.945300170898437500e+03
5.445199966430664062e+00,2.000000476837158203e-01,1.945361450195312500e+03
5.349699974060058594e+00,2.000000476837158203e-01,1.945420288085937500e+03
5.252784729003906250e+00,2.000000476837158203e-01,1.945476684570312500e+03
5.154512405395507812e+00,2.000000476837158203e-01,1.945530761718750000e+03
5.054943084716796875e+00,2.000000476837158203e-01,1.945582519531250000e+03
4.954134941101074219e+00,2.000000476837158203e-01,1.945631713867187500e+03
4.852150440216064453e+00,2.000000476837158203e-01,1.945678344726562500e+03
4.749049663543701172e+00,2.000000476837158203e-01,1.945722534179687500e+03
4.644895553588867188e+00,2.000000476837158203e-01,1.945764282226562500e+03
4.539750576019287109e+00,2.000000476837158203e-01,1.945803344726562500e+03
4.433678627014160156e+00,2.000000476837158203e-01,1.945839843750000000e+03
4.326742172241210938e+00,2.000000476837158203e-01,1.945873657226562500e+03
4.219007492065429688e+00,2.000000476837158203e-01,1.945904907226562500e+03
4.110537528991699219e+00,2.000000476837158203e-01,1.945933471679687500e+03
4.001399517059326172e+00,2.000000476837158203e-01,1.945959472656250000e+03
3.891657829284667969e+00,2.000000476837158203e-01,1.945982666015625000e+03
3.781379222869873047e+00,2.000000476837158203e-01,1.946003173828125000e+03
3.670629739761352539e+00,2.000000476837158203e-01,1.946020996093750000e+03
3.559476375579833984e+00,2.000000476837158203e-01,1.946036132812500000e+03
3.447986125946044922e+00,2.000000476837158203e-01,1.946048461914062500e+03
3.336225986480712891e+00,2.000000476837158203e-01,1.946058105468750000e+03
3.224263191223144531e+00,2.000000476837158203e-01,1.946064941406250000e+03
3.112165451049804688e+00,2.000000476837158203e-01,1.946069091796875000e+03
3.000000000000000000e+00,2.000000476837158203e-01,1.946070434570312500e+03
2.887834548950195312e+00,2.000000476837158203e-01,1.946069091796875000e+03
2.775736808776855469e+00,2.000000476837158203e-01,1.946064941406250000e+03
2.663774013519287109e+00,2.000000476837158203e-01,1.946058105468750000e+03
2.552013874053955078e+00,2.000000476837158203e-01,1.946048461914062500e+03
2.440523624420166016e+00,2.000000476837158203e-01,1.946036132812500000e+03
2.329370260238647461e+00,2.000000476837158203e-01,1.946020996093750000e+03
2.218620777130126953e+00,2.000000476837158203e-01,1.946003173828125000e+03
2.108342170715332031e+00,2.000000476837158203e-01,1.945982666015625000e+03
1.998600602149963379e+00,2.000000476837158203e-01,1.945959472656250000e+03
1.889462232589721680e+00,2.000000476837158203e-01,1.945933471679687500e+03
1.780992746353149414e+00,2.000000476837158203e-01,1.945904907226562500e+03
1.673257708549499512e+00,2.000000476837158203e-01,1.945873657226562500e+03
1.566321611404418945e+00,2.000000476837158203e-01,1.945839843750000000e+03
1.460249304771423340e+00,2.000000476837158203e-01,1.945803344726562500e+03
1.355104327201843262e+00,2.000000476837158203e-01,1.945764282226562500e+03
1.250950217247009277e+00,2.000000476837158203e-01,1.945722534179687500e+03
1.147849678993225098e+00,2.000000476837158203e-01,1.945678344726562500e+03
1.045865058898925781e+00,2.000000476837158203e-01,1.945631713867187500e+03
9.450571537017822266e-01,2.000000476837158203e-01,1.945582519531250000e+03
8.454873561859130859e-01,2.000000476837158203e-01,1.945530761718750000e+03
7.472152709960937500e-01,2.000000476837158203e-01,1.945476684570312500e+03
6.503000259399414062e-01,2.000000476837158203e-01,1.945420288085937500e+03
5.548002719879150391e-01,2.000000476837158203e-01,1.945361450195312500e+03
4.607734680175781250e-01,2.000000476837158203e-01,1.945300170898437500e+03
3.682761192321777344e-01,2.000000476837158203e-01,1.945236816406250000e+03
2.773637771606445312e-01,2.000000476837158203e-01,1.945171020507812500e+03
1.999998092651367188e-01,2.076226472854614258e-01,1.945087890625000000e+03
2.000000476837158203e-01,2.617611885070800781e-01,1.944911865234375000e+03
2.000000476837158203e-01,3.117376565933227539e-01,1.944745971679687500e+03
2.000000476837158203e-01,3.579593896865844727e-01,1.944589355468750000e+03
1.999998092651367188e-01,4.007798433303833008e-01,1.944440917968750000e+03
2.000000476837158203e-01,4.405083656311035156e-01,1.944300048828125000e+03
2.000000476837158203e-01,4.774159193038940430e-01,1.944165771484375000e+03
2.000000476837158203e-01,5.117411613464355469e-01,1.944037719726562500e+03
2.000000476837158203e-01,5.436949729919433594e-01,1.943915283203125000e+03
1.999998092651367188e-01,5.734641551971435547e-01,1.943797851562500000e+03
2.000000476837158203e-01,6.012151241302490234e-01,1.943685180664062500e+03
2.000000476837158203e-01,6.270958185195922852e-01,1.943576660156250000e+03
2.000000476837158203e-01,6.512383222579956055e-01,1.943471923828125000e+03
2.000000476837158203e-01,6.737614870071411133e-01,1.943370849609375000e+03
2.000000476837158203e-01,6.947712898254394531e-01,1.943273071289062500e+03
1.999998092651367188e-01,7.143636941909790039e-01,1.943178222656250000e+03
2.000000476837158203e-01,7.326244115829467773e-01,1.943086181640625000e+03
1.999998092651367188e-01,7.496309280395507812e-01,1.942996582031250000e+03
2.000000476837158203e-01,7.654534578323364258e-01,1.942909423828125000e+03
1.999998092651367188e-01,7.801547050476074219e-01,1.942824340820312500e+03
2.000000476837158203e-01,7.937921285629272461e-01,1.942741210937500000e+03
2.000002861022949219e-01,8.064168691635131836e-01,1.942659790039062500e+03
2.000000476837158203e-01,8.180755376815795898e-01,1.942580078125000000e+03
2.000002861022949219e-01,8.288100957870483398e-01,1.942501831054687500e+03
2.000000476837158203e-01,8.386578559875488281e-01,1.942425048828125000e+03
2.000000476837158203e-01,8.476532697677612305e-01,1.942349365234375000e+03
2.000000476837158203e-01,8.558264970779418945e-01,1.942274902343750000e+03
2.000000476837158203e-01,8.632047176361083984e-01,1.942201416015625000e+03
2.000000476837158203e-01,8.698117733001708984e-01,1.942128784179687500e+03
2.000000476837158203e-01,8.756692409515380859e-01,1.942057006835937500e+03
2.000000476837158203e-01,8.807955980300903320e-01,1.941985839843750000e+03
2.000000476837158203e-01,8.852070569992065430e-01,1.941915283203125000e+03
2.000000476837158203e-01,8.889170885086059570e-01,1.941845336914062500e+03
2.000002861022949219e-01,8.919373750686645508e-01,1.941775756835937500e+03
2.000000476837158203e-01,8.942768573760986328e-01,1.941706542968750000e+03
2.000002861022949219e-01,8.959431648254394531e-01,1.941637573242187500e+03
2.000000476837158203e-01,8.969407081604003906e-01,1.941568725585937500e+03
2.000000476837158203e-01,8.972729444503784180e-01,1.941500000000000000e+03
2.000000476837158203e-01,8.969407081604003906e-01,1.941431274414062500e+03
2.000002861022949219e-01,8.959431648254394531e-01,1.941362426757812500e+03
2.000000476837158203e-01,8.942768573760986328e-01,1.941293457031250000e+03
2.000002861022949219e-01,8.919373750686645508e-01,1.941224243164062500e+03
2.000000476837158203e-01,8.889170885086059570e-01,1.941154663085937500e+03
2.000000476837158203e-01,8.852070569992065430e-01,1.941084716796875000e+03
2.000000476837158203e-01,8.807955980300903320e-01,1.941014160156250000e+03
2.000000476837158203e-01,8.756692409515380859e-01,1.940942993164062500e+03
2.000000476837158203e-01,8.698117733001708984e-01,1.940871215820312500e+03
2.000000476837158203e-01,8.632047176361083984e-01,1.940798583984375000e+03
2.000000476837158203e-01,8.558264970779418945e-01,1.940725097656250000e+03
2.000000476837158203e-01,8.476532697677612305e-01,1.940650634765625000e+03
2.000000476837158203e-01,8.386578559875488281e-01,1.940574951171875000e+03
2.000002861022949219e-01,8.288100957870483398e-01,1.940498168945312500e+03
2.000000476837158203e-01,8.180755376815795898e-01,1.940419921875000000e+03
2.000002861022949219e-01,8.064168691635131836e-01,1.940340209960937500e+03
2.000000476837158203e-01,7.937921285629272461e-01,1.940258789062500000e+03
1.999998092651367188e-01,7.801547050476074219e-01,1.940175659179687500e+03
2.000000476837158203e-01,7.654534578323364258e-01,1.940090576171875000e+03
1.999998092651367188e-01,7.496309280395507812e-01,1.940003417968750000e+03
2.000000476837158203e-01,7.326244115829467773e-01,1.939913818359375000e+03
1.999998092651367188e-01,7.143636941909790039e-01,1.939821777343750000e+03
2.000000476837158203e-01,6.947712898254394531e-01,1.939726928710937500e+03
2.000000476837158203e-01,6.737614870071411133e-01,1.939629150390625000e+03
2.000000476837158203e-01,6.512383222579956055e-01,1.939528076171875000e+03
2.000000476837158203e-01,6.270958185195922852e-01,1.939423339843750000e+03
2.000000476837158203e-01,6.012151241302490234e-01,1.939314819335937500e+03
1.999998092651367188e-01,5.734641551971435547e-01,1.939202148437500000e+03
2.000000476837158203e-01,5.436949729919433594e-01,1.939084716796875000e+03
2.000000476837158203e-01,5.117411613464355469e-01,1.938962280273437500e+03
2.000000476837158203e-01,4.774159193038940430e-01,1.938834228515625000e+03
2.000000476837158203e-01,4.405083656311035156e-01,1.938699951171875000e+03
1.999998092651367188e-01,4.007798433303833008e-01,1.938559082031250000e+03
2.000000476837158203e-01,3.579593896865844727e-01,1.938410644531250000e+03
2.000000476837158203e-01,3.117376565933227539e-01,1.938254028320312500e+03
2.000000476837158203e-01,2.617611885070800781e-01,1.938088134765625000e+03
1.999998092651367188e-01,2.076226472854614258e-01,1.937912109375000000e+03
2.773637771606445312e-01,2.000000476837158203e-01,1.937828979492187500e+03
3.682761192321777344e-01,2.000000476837158203e-01,1.937763183593750000e+03
4.607734680175781250e-01,2.000000476837158203e-01,1.937699829101562500e+03
5.548002719879150391e-01,2.000000476837158203e-01,1.937638549804687500e+03
6.503000259399414062e-01,2.000000476837158203e-01,1.937579711914062500e+03
7.472152709960937500e-01,2.000000476837158203e-01,1.937523315429687500e+03
8.454873561859130859e-01,2.000000476837158203e-01,1.937469238281250000e+03
9.450571537017822266e-01,2.000000476837158203e-01,1.937417480468750000e+03
1.045865058898925781e+00,2.000000476837158203e-01,1.937368286132812500e+03
1.147849678993225098e+00,2.000000476837158203e-01,1.937321655273437500e+03
1.250950217247009277e+00,2.000000476837158203e-01,1.937277465820312500e+03
1.355104327201843262e+00,2.000000476837158203e-01,1.937235717773437500e+03
1.460249304771423340e+00,2.000000476837158203e-01,1.937196655273437500e+03
1.566321611404418945e+00,2.000000476837158203e-01,1.937160156250000000e+03
1.673257708549499512e+00,2.000000476837158203e-01,1.937126342773437500e+03
1.780992746353149414e+00,2.000000476837158203e-01,1.937095092773437500e+03
1.889462232589721680e+00,2.000000476837158203e-01,1.937066528320312500e+03
1.998600602149963379e+00,2.000000476837158203e-01,1.937040527343750000e+03
2.108342170715332031e+00,2.000000476837158203e-01,1.937017333984375000e+03
2.218620777130126953e+00,2.000000476837158203e-01,1.936996826171875000e+03
2.329370260238647461e+00,2.000000476837158203e-01,1.936979003906250000e+03
2.440523624420166016e+00,2.000000476837158203e-01,1.936963867187500000e+03
2.552013874053955078e+00,2.000000476837158203e-01,1.936951538085937500e+03
2.663774013519287109e+00,2.000000476837158203e-01,1.936941894531250000e+03
2.775736808776855469e+00,2.000000476837158203e-01,1.936935058593750000e+03
2.887834548950195312e+00,2.000000476837158203e-01,1.936930908203125000e+03
3.000000000000000000e+00,2.000000476837158203e-01,1.936929565429687500e+03
3.112165451049804688e+00,2.000000476837158203e-01,1.936930908203125000e+03
3.224263191223144531e+00,2.000000476837158203e-01,1.936935058593750000e+03
3.336225986480712891e+00,2.000000476837158203e-01,1.936941894531250000e+03
3.447986125946044922e+00,2.000000476837158203e-01,1.936951538085937500e+03
3.559476375579833984e+00,2.000000476837158203e-01,1.936963867187500000e+03
3.670629739761352539e+00,2.000000476837158203e-01,1.936979003906250000e+03
3.781379222869873047e+00,2.000000476837158203e-01,1.936996826171875000e+03
3.891657829284667969e+00,2.000000476837158203e-01,1.937017333984375000e+03
4.001399517059326172e+00,2.000000476837158203e-01,1.937040527343750000e+03
4.110537528991699219e+00,2.000000476837158203e-01,1.937066528320312500e+03
4.219007492065429688e+00,2.000000476837158203e-01,1.937095092773437500e+03
4.326742172241210938e+00,2.000000476837158203e-01,1.937126342773437500e+03
4.433678627014160156e+00,2.000000476837158203e-01,1.937160156250000000e+03
4.539750576019287109e+00,2.000000476837158203e-01,1.937196655273437500e+03
4.644895553588867188e+00,2.000000476837158203e-01,1.937235717773437500e+03
4.749049663543701172e+00,2.000000476837158203e-01,1.937277465820312500e+03
4.852150440216064453e+00,2.000000476837158203e-01,1.937321655273437500e+03
4.954134941101074219e+00,2.000000476837158203e-01,1.937368286132812500e+03
5.054943084716796875e+00,2.000000476837158203e-01,1.937417480468750000e+03
5.154512405395507812e+00,2.000000476837158203e-01,1.937469238281250000e+03
5.252784729003906250e+00,2.000000476837158203e-01,1.937523315429687500e+03
5.349699974060058594e+00,2.000000476837158203e-01,1.937579711914062500e+03
5.445199966430664062e+00,2.000000476837158203e-01,1.937638549804687500e+03
5.539226531982421875e+00,2.000000476837158203e-01,1.937699829101562500e+03
5.631723880767822266e+00,2.000000476837158203e-01,1.937763183593750000e+03
5.722636222839355469e+00,2.000000476837158203e-01,1.937828979492187500e+03
5.800000190734863281e+00,2.076225280761718750e-01,1.937912109375000000e+03
5.800000190734863281e+00,2.617609500885009766e-01,1.938088134765625000e+03
5.800000190734863281e+00,3.117375373840332031e-01,1.938254028320312500e+03
5.800000190734863281e+00,3.579592704772949219e-01,1.938410644531250000e+03
5.800000667572021484e+00,4.007797241210937500e-01,1.938559082031250000e+03
5.800000190734863281e+00,4.405082464218139648e-01,1.938699951171875000e+03
5.800000190734863281e+00,4.774158000946044922e-01,1.938834228515625000e+03
5.800000190734863281e+00,5.117409229278564453e-01,1.938962280273437500e+03
5.800000190734863281e+00,5.436948537826538086e-01,1.939084716796875000e+03
5.800000190734863281e+00,5.734639167785644531e-01,1.939202148437500000e+03
5.800000190734863281e+00,6.012150049209594727e-01,1.939314819335937500e+03
5.800000190734863281e+00,6.270955801010131836e-01,1.939423339843750000e+03
5.800000190734863281e+00,6.512382030487060547e-01,1.939528076171875000e+03
5.800000190734863281e+00,6.737612485885620117e-01,1.939629150390625000e+03
5.800000190734863281e+00,6.947712898254394531e-01,1.939726928710937500e+03
5.800000190734863281e+00,7.143635749816894531e-01,1.939821777343750000e+03
5.800000190734863281e+00,7.326242923736572266e-01,1.939913818359375000e+03
5.800000190734863281e+00,7.496306896209716797e-01,1.940003417968750000e+03
5.800000190734863281e+00,7.654532194137573242e-01,1.940090576171875000e+03
5.800000190734863281e+00,7.801545858383178711e-01,1.940175659179687500e+03
5.800000190734863281e+00,7.937920093536376953e-01,1.940258789062500000e+03
5.800000190734863281e+00,8.064167499542236328e-01,1.940340209960937500e+03
5.800000190734863281e+00,8.180754184722900391e-01,1.940419921875000000e+03
5.800000190734863281e+00,8.288098573684692383e-01,1.940498168945312500e+03
5.800000190734863281e+00,8.386577367782592773e-01,1.940574951171875000e+03
5.800000190734863281e+00,8.476531505584716797e-01,1.940650634765625000e+03
5.800000190734863281e+00,8.558263778686523438e-01,1.940725097656250000e+03
5.800000190734863281e+00,8.632045984268188477e-01,1.940798583984375000e+03
5.800000190734863281e+00,8.698116540908813477e-01,1.940871215820312500e+03
5.800000190734863281e+00,8.756692409515380859e-01,1.940942993164062500e+03
5.800000190734863281e+00,8.807954788208007812e-01,1.941014160156250000e+03
5.800000190734863281e+00,8.852069377899169922e-01,1.941084716796875000e+03
5.800000190734863281e+00,8.889169692993164062e-01,1.941154663085937500e+03
5.800000190734863281e+00,8.919371366500854492e-01,1.941224243164062500e+03
5.800000190734863281e+00,8.942768573760986328e-01,1.941293457031250000e+03
5.800000190734863281e+00,8.959430456161499023e-01,1.941362426757812500e+03
5.800000190734863281e+00,8.969405889511108398e-01,1.941431274414062500e+03
5.800000190734863281e+00,9.590396881103515625e-01,1.941500000000000000e+03
5.800000190734863281e+00,9.587260484695434570e-01,1.941568725585937500e+03
5.800000190734863281e+00,9.577842950820922852e-01,1.941637573242187500e+03
5.800000190734863281e+00,9.562114477157592773e-01,1.941706542968750000e+03
5.800000190734863281e+00,9.540028572082519531e-01,1.941775756835937500e+03
5.800000190734863281e+00,9.511518478393554688e-01,1.941845336914062500e+03
5.800000190734863281e+00,9.476494789123535156e-01,1.941915283203125000e+03
5.800000190734863281e+00,9.434852600097656250e-01,1.941985839843750000e+03
5.800000190734863281e+00,9.386460781097412109e-01,1.942057006835937500e+03
5.800000190734863281e+00,9.331166744232177734e-01,1.942128784179687500e+03
5.800000190734863281e+00,9.268795251846313477e-01,1.942201416015625000e+03
5.800000190734863281e+00,9.199146032333374023e-01,1.942274902343750000e+03
5.800000190734863281e+00,9.121994972229003906e-01,1.942349365234375000e+03
5.800000190734863281e+00,9.037078619003295898e-01,1.942425048828125000e+03
5.800000190734863281e+00,8.944114446640014648e-01,1.942501831054687500e+03
5.800000190734863281e+00,8.842782974243164062e-01,1.942580078125000000e+03
5.800000190734863281e+00,8.732726573944091797e-01,1.942659790039062500e+03
5.800000190734863281e+00,8.613550662994384766e-01,1.942741210937500000e+03
5.800000190734863281e+00,8.484816551208496094e-01,1.942824340820312500e+03
5.800000190734863281e+00,8.346035480499267578e-01,1.942909423828125000e+03
5.800000190734863281e+00,8.196674585342407227e-01,1.942996582031250000e+03
5.800000190734863281e+00,8.036134243011474609e-01,1.943086181640625000e+03
5.800000190734863281e+00,7.863756418228149414e-01,1.943178222656250000e+03
5.800000190734863281e+00,7.678807973861694336e-01,1.943273071289062500e+03
5.800000190734863281e+00,7.480477094650268555e-01,1.943370849609375000e+03
5.800000190734863281e+00,7.267860174179077148e-01,1.943471923828125000e+03
5.800000667572021484e+00,7.039957046508789062e-01,1.943576660156250000e+03
5.800000190734863281e+00,6.795648336410522461e-01,1.943685180664062500e+03
5.800000190734863281e+00,6.533683538436889648e-01,1.943797851562500000e+03
5.800000190734863281e+00,6.252665519714355469e-01,1.943915283203125000e+03
5.800000190734863281e+00,5.951026678085327148e-01,1.944037719726562500e+03
5.800000190734863281e+00,5.627000331878662109e-01,1.944165771484375000e+03
5.800000190734863281e+00,5.278595685958862305e-01,1.944300048828125000e+03
5.800000190734863281e+00,4.903564453125000000e-01,1.944440917968750000e+03
5.800000190734863281e+00,4.499344825744628906e-01,1.944589355468750000e+03
5.800000190734863281e+00,4.063017368316650391e-01,1.944745971679687500e+03
5.800000190734863281e+00,3.591246604919433594e-01,1.944911865234375000e+03
5.800000190734863281e+00,3.080186843872070312e-01,1.945087890625000000e+03
5.800000190734863281e+00,2.525405883789062500e-01,1.945275390625000000e+03
5.787880897521972656e+00,2.000000476837158203e-01,1.945458496093750000e+03
5.689895153045654297e+00,2.000000476837158203e-01,1.945525756835937500e+03
5.590289115905761719e+00,2.000000476837158203e-01,1.945590454101562500e+03
5.489122390747070312e+00,2.000000476837158203e-01,1.945652832031250000e+03
5.386457443237304688e+00,2.000000476837158203e-01,1.945712646484375000e+03
5.282353878021240234e+00,2.000000476837158203e-01,1.945770019531250000e+03
5.176876068115234375e+00,2.000000476837158203e-01,1.945824707031250000e+03
5.070086479187011719e+00,2.000000476837158203e-01,1.945876831054687500e+03
4.962050437927246094e+00,2.000000476837158203e-01,1.945926269531250000e+03
4.852831840515136719e+00,2.000000476837158203e-01,1.945973144531250000e+03
4.742497920989990234e+00,2.000000476837158203e-01,1.946017211914062500e+03
4.631114006042480469e+00,2.000000476837158203e-01,1.946058715820312500e+03
4.518747806549072266e+00,2.000000476837158203e-01,1.946097290039062500e+03
4.405466556549072266e+00,2.000000476837158203e-01,1.946133178710937500e+03
4.291338920593261719e+00,2.000000476837158203e-01,1.946166259765625000e+03
4.176433086395263672e+00,2.000000476837158203e-01,1.946196533203125000e+03
4.060818672180175781e+00,2.000000476837158203e-01,1.946223999023437500e+03
3.944565534591674805e+00,2.000000476837158203e-01,1.946248657226562500e+03
3.827743291854858398e+00,2.000000476837158203e-01,1.946270385742187500e+03
3.710422515869140625e+00,2.000000476837158203e-01,1.946289306640625000e+03
3.592673778533935547e+00,2.000000476837158203e-01,1.946305297851562500e+03
3.474567890167236328e+00,2.000000476837158203e-01,1.946318359375000000e+03
3.356176376342773438e+00,2.000000476837158203e-01,1.946328613281250000e+03
3.237570047378540039e+00,2.000000476837158203e-01,1.946335815429687500e+03
3.118820905685424805e+00,2.000000476837158203e-01,1.946340209960937500e+03
3.000000000000000000e+00,2.000000476837158203e-01,1.946341674804687500e+03
2.881179094314575195e+00,2.000000476837158203e-01,1.946340209960937500e+03
2.762429952621459961e+00,2.000000476837158203e-01,1.946335815429687500e+03
2.643823623657226562e+00,2.000000476837158203e-01,1.946328613281250000e+03
2.525432109832763672e+00,2.000000476837158203e-01,1.946318359375000000e+03
2.407326221466064453e+00,2.000000476837158203e-01,1.946305297851562500e+03
2.289577484130859375e+00,2.000000476837158203e-01,1.946289306640625000e+03
2.172256708145141602e+00,2.000000476837158203e-01,1.946270385742187500e+03
2.055434465408325195e+00,2.000000476837158203e-01,1.946248657226562500e+03
1.939181089401245117e+00,2.000000476837158203e-01,1.946223999023437500e+03
1.823566913604736328e+00,2.000000476837158203e-01,1.946196533203125000e+03
1.708661317825317383e+00,2.000000476837158203e-01,1.946166259765625000e+03
1.594533443450927734e+00,2.000000476837158203e-01,1.946133178710937500e+03
1.481252312660217285e+00,2.000000476837158203e-01,1.946097290039062500e+03
1.368885993957519531e+00,2.000000476837158203e-01,1.946058715820312500e+03
1.257502079010009766e+00,2.000000476837158203e-01,1.946017211914062500e+03
1.147168040275573730e+00,2.000000476837158203e-01,1.945973144531250000e+03
1.037949800491333008e+00,2.000000476837158203e-01,1.945926269531250000e+03
9.299135208129882812e-01,2.000000476837158203e-01,1.945876831054687500e+03
8.231241703033447266e-01,2.000000476837158203e-01,1.945824707031250000e+03
7.176461219787597656e-01,2.000000476837158203e-01,1.945770019531250000e+03
6.135427951812744141e-01,2.000000476837158203e-01,1.945712646484375000e+03
5.108773708343505859e-01,2.000000476837158203e-01,1.945652832031250000e+03
4.097108840942382812e-01,2.000000476837158203e-01,1.945590454101562500e+03
3.101048469543457031e-01,2.000000476837158203e-01,1.945525756835937500e+03
2.121188640594482422e-01,2.000000476837158203e-01,1.945458496093750000e+03
1.999998092651367188e-01,2.525407075881958008e-01,1.945275390625000000e+03
2.000000476837158203e-01,3.080189228057861328e-01,1.945087890625000000e+03
2.000000476837158203e-01,3.591247797012329102e-01,1.944911865234375000e+03
2.000000476837158203e-01,4.063019752502441406e-01,1.944745971679687500e+03
2.000000476837158203e-01,4.499347209930419922e-01,1.944589355468750000e+03
1.999998092651367188e-01,4.903566837310791016e-01,1.944440917968750000e+03
1.999998092651367188e-01,5.278598070144653320e-01,1.944300048828125000e+03
2.000000476837158203e-01,5.627001523971557617e-01,1.944165771484375000e+03
2.000000476837158203e-01,5.951027870178222656e-01,1.944037719726562500e+03
2.000000476837158203e-01,6.252667903900146484e-01,1.943915283203125000e+03
2.000000476837158203e-01,6.533685922622680664e-01,1.943797851562500000e+03
2.000002861022949219e-01,6.795649528503417969e-01,1.943685180664062500e+03
1.999998092651367188e-01,7.039958238601684570e-01,1.943576660156250000e+03
2.000000476837158203e-01,7.267861366271972656e-01,1.943471923828125000e+03
2.000002861022949219e-01,7.480479478836059570e-01,1.943370849609375000e+03
2.000000476837158203e-01,7.678809165954589844e-01,1.943273071289062500e+03
2.000000476837158203e-01,7.863757610321044922e-01,1.943178222656250000e+03
2.000000476837158203e-01,8.036136627197265625e-01,1.943086181640625000e+03
1.999998092651367188e-01,8.196675777435302734e-01,1.942996582031250000e+03
2.000000476837158203e-01,8.346037864685058594e-01,1.942909423828125000e+03
2.000000476837158203e-01,8.484816551208496094e-01,1.942824340820312500e+03
2.000000476837158203e-01,8.613551855087280273e-01,1.942741210937500000e+03
2.000000476837158203e-01,8.732726573944091797e-01,1.942659790039062500e+03
2.000000476837158203e-01,8.842782974243164062e-01,1.942580078125000000e+03
2.000000476837158203e-01,8.944115638732910156e-01,1.942501831054687500e+03
2.000002861022949219e-01,9.037079811096191406e-01,1.942425048828125000e+03
2.000002861022949219e-01,9.121994972229003906e-01,1.942349365234375000e+03
2.000000476837158203e-01,9.199148416519165039e-01,1.942274902343750000e+03
1.999998092651367188e-01,9.268796443939208984e-01,1.942201416015625000e+03
1.999998092651367188e-01,9.331166744232177734e-01,1.942128784179687500e+03
1.999998092651367188e-01,9.386460781097412109e-01,1.942057006835937500e+03
2.000002861022949219e-01,9.434854984283447266e-01,1.941985839843750000e+03
2.000000476837158203e-01,9.476497173309326172e-01,1.941915283203125000e+03
2.000000476837158203e-01,9.511519670486450195e-01,1.941845336914062500e+03
2.000000476837158203e-01,9.540029764175415039e-01,1.941775756835937500e+03
2.000000476837158203e-01,9.562115669250488281e-01,1.941706542968750000e+03
2.000000476837158203e-01,9.577844142913818359e-01,1.941637573242187500e+03
2.000000476837158203e-01,9.587261676788330078e-01,1.941568725585937500e+03
2.000000476837158203e-01,9.590396881103515625e-01,1.941500000000000000e+03
2.000000476837158203e-01,9.587261676788330078e-01,1.941431274414062500e+03
2.000000476837158203e-01,9.577844142913818359e-01,1.941362426757812500e+03
2.000000476837158203e-01,9.562115669250488281e-01,1.941293457031250000e+03
2.000000476837158203e-01,9.540029764175415039e-01,1.941224243164062500e+03
2.000000476837158203e-01,9.511519670486450195e-01,1.941154663085937500e+03
2.000000476837158203e-01,9.476497173309326172e-01,1.941084716796875000e+03
2.000002861022949219e-01,9.434854984283447266e-01,1.941014160156250000e+03
1.999998092651367188e-01,9.386460781097412109e-01,1.940942993164062500e+03
1.999998092651367188e-01,9.331166744232177734e-01,1.940871215820312500e+03
1.999998092651367188e-01,9.268796443939208984e-01,1.940798583984375000e+03
2.000000476837158203e-01,9.199148416519165039e-01,1.940725097656250000e+03
2.000002861022949219e-01,9.121994972229003906e-01,1.940650634765625000e+03
2.000002861022949219e-01,9.037079811096191406e-01,1.940574951171875000e+03
2.000000476837158203e-01,8.944115638732910156e-01,1.940498168945312500e+03
2.000000476837158203e-01,8.842782974243164062e-01,1.940419921875000000e+03
2.000000476837158203e-01,8.732726573944091797e-01,1.940340209960937500e+03
2.000000476837158203e-01,8.613551855087280273e-01,1.940258789062500000e+03
2.000000476837158203e-01,8.484816551208496094e-01,1.940175659179687500e+03
2.000000476837158203e-01,8.346037864685058594e-01,1.940090576171875000e+03
1.999998092651367188e-01,8.196675777435302734e-01,1.940003417968750000e+03
2.000000476837158203e-01,8.036136627197265625e-01,1.939913818359375000e+03
2.000000476837158203e-01,7.863757610321044922e-01,1.939821777343750000e+03
2.000000476837158203e-01,7.678809165954589844e-01,1.939726928710937500e+03
2.000002861022949219e-01,7.480479478836059570e-01,1.939629150390625000e+03
2.000000476837158203e-01,7.267861366271972656e-01,1.939528076171875000e+03
1.999998092651367188e-01,7.039958238601684570e-01,1.939423339843750000e+03
2.000002861022949219e-01,6.795649528503417969e-01,1.939314819335937500e+03
2.000000476837158203e-01,6.533685922622680664e-01,1.939202148437500000e+03
2.000000476837158203e-01,6.252667903900146484e-01,1.939084716796875000e+03
2.000000476837158203e-01,5.951027870178222656e-01,1.938962280273437500e+03
2.000000476837158203e-01,5.627001523971557617e-01,1.938834228515625000e+03
1.999998092651367188e-01,5.278598070144653320e-01,1.938699951171875000e+03
1.999998092651367188e-01,4.903566837310791016e-01,1.938559082031250000e+03
2.000000476837158203e-01,4.499347209930419922e-01,1.938410644531250000e+03
2.000000476837158203e-01,4.063019752502441406e-01,1.938254028320312500e+03
2.000000476837158203e-01,3.591247797012329102e-01,1.938088134765625000e+03
2.000000476837158203e-01,3.080189228057861328e-01,1.937912109375000000e+03
1.999998092651367188e-01,2.525407075881958008e-01,1.937724609375000000e+03
2.121188640594482422e-01,2.000000476837158203e-01,1.937541503906250000e+03
3.101048469543457031e-01,2.000000476837158203e-01,1.937474243164062500e+03
4.097108840942382812e-01,2.000000476837158203e-01,1.937409545898437500e+03
5.108773708343505859e-01,2.000000476837158203e-01,1.937347167968750000e+03
6.135427951812744141e-01,2.000000476837158203e-01,1.937287353515625000e+03
7.176461219787597656e-01,2.000000476837158203e-01,1.937229980468750000e+03
8.231241703033447266e-01,2.000000476837158203e-01,1.937175292968750000e+03
9.299135208129882812e-01,2.000000476837158203e-01,1.937123168945312500e+03
1.037949800491333008e+00,2.000000476837158203e-01,1.937073730468750000e+03
1.147168040275573730e+00,2.000000476837158203e-01,1.937026855468750000e+03
1.257502079010009766e+00,2.000000476837158203e-01,1.936982788085937500e+03
1.368885993957519531e+00,2.000000476837158203e-01,1.936941284179687500e+03
1.481252312660217285e+00,2.000000476837158203e-01,1.936902709960937500e+03
1.594533443450927734e+00,2.000000476837158203e-01,1.936866821289062500e+03
1.708661317825317383e+00,2.000000476837158203e-01,1.936833740234375000e+03
1.823566913604736328e+00,2.000000476837158203e-01,1.936803466796875000e+03
1.939181089401245117e+00,2.000000476837158203e-01,1.936776000976562500e+03
2.055434465408325195e+00,2.000000476837158203e-01,1.936751342773437500e+03
2.172256708145141602e+00,2.000000476837158203e-01,1.936729614257812500e+03
2.289577484130859375e+00,2.000000476837158203e-01,1.936710693359375000e+03
2.407326221466064453e+00,2.000000476837158203e-01,1.936694702148437500e+03
2.525432109832763672e+00,2.000000476837158203e-01,1.936681640625000000e+03
2.643823623657226562e+00,2.000000476837158203e-01,1.936671386718750000e+03
2.762429952621459961e+00,2.000000476837158203e-01,1.936664184570312500e+03
2.881179094314575195e+00,2.000000476837158203e-01,1.936659790039062500e+03
3.000000000000000000e+00,2.000000476837158203e-01,1.936658325195312500e+03
3.118820905685424805e+00,2.000000476837158203e-01,1.936659790039062500e+03
3.237570047378540039e+00,2.000000476837158203e-01,1.936664184570312500e+03
3.356176376342773438e+00,2.000000476837158203e-01,1.936671386718750000e+03
3.474567890167236328e+00,2.000000476837158203e-01,1.936681640625000000e+03
3.592673778533935547e+00,2.000000476837158203e-01,1.936694702148437500e+03
3.710422515869140625e+00,2.000000476837158203e-01,1.936710693359375000e+03
3.827743291854858398e+00,2.000000476837158203e-01,1.936729614257812500e+03
3.944565534591674805e+00,2.000000476837158203e-01,1.936751342773437500e+03
4.060818672180175781e+00,2.000000476837158203e-01,1.936776000976562500e+03
4.176433086395263672e+00,2.000000476837158203e-01,1.936803466796875000e+03
4.291338920593261719e+00,2.000000476837158203e-01,1.936833740234375000e+03
4.405466556549072266e+00,2.000000476837158203e-01,1.936866821289062500e+03
4.518747806549072266e+00,2.000000476837158203e-01,1.936902709960937500e+03
4.631114006042480469e+00,2.000000476837158203e-01,1.936941284179687500e+03
4.742497920989990234e+00,2.000000476837158203e-01,1.936982788085937500e+03
4.852831840515136719e+00,2.000000476837158203e-01,1.937026855468750000e+03
4.962050437927246094e+00,2.000000476837158203e-01,1.937073730468750000e+03
5.070086479187011719e+00,2.000000476837158203e-01,1.937123168945312500e+03
5.176876068115234375e+00,2.000000476837158203e-01,1.937175292968750000e+03
5.282353878021240234e+00,2.000000476837158203e-01,1.937229980468750000e+03
5.386457443237304688e+00,2.000000476837158203e-01,1.937287353515625000e+03
5.489122390747070312e+00,2.000000476837158203e-01,1.937347167968750000e+03
5.590289115905761719e+00,2.000000476837158203e-01,1.937409545898437500e+03
5.689895153045654297e+00,2.000000476837158203e-01,1.937474243164062500e+03
5.787880897521972656e+00,2.000000476837158203e-01,1.937541503906250000e+03
5.800000190734863281e+00,2.525405883789062500e-01,1.937724609375000000e+03
5.800000190734863281e+00,3.080186843872070312e-01,1.937912109375000000e+03
5.800000190734863281e+00,3.591246604919433594e-01,1.938088134765625000e+03
5.800000190734863281e+00,4.063017368316650391e-01,1.938254028320312500e+03
5.800000190734863281e+00,4.499344825744628906e-01,1.938410644531250000e+03
5.800000190734863281e+00,4.903564453125000000e-01,1.938559082031250000e+03
5.800000190734863281e+00,5.278595685958862305e-01,1.938699951171875000e+03
5.800000190734863281e+00,5.627000331878662109e-01,1.938834228515625000e+03
5.800000190734863281e+00,5.951026678085327148e-01,1.938962280273437500e+03
5.800000190734863281e+00,6.252665519714355469e-01,1.939084716796875000e+03
5.800000190734863281e+00,6.533683538436889648e-01,1.939202148437500000e+03
5.800000190734863281e+00,6.795648336410522461e-01,1.939314819335937500e+03
5.800000667572021484e+00,7.039957046508789062e-01,1.939423339843750000e+03
5.800000190734863281e+00,7.267860174179077148e-01,1.939528076171875000e+03
5.800000190734863281e+00,7.480477094650268555e-01,1.939629150390625000e+03
5.800000190734863281e+00,7.678807973861694336e-01,1.939726928710937500e+03
5.800000190734863281e+00,7.863756418228149414e-01,1.939821777343750000e+03
5.800000190734863281e+00,8.036134243011474609e-01,1.939913818359375000e+03
5.800000190734863281e+00,8.196674585342407227e-01,1.940003417968750000e+03
5.800000190734863281e+00,8.346035480499267578e-01,1.940090576171875000e+03
5.800000190734863281e+00,8.484816551208496094e-01,1.940175659179687500e+03
5.800000190734863281e+00,8.613550662994384766e-01,1.940258789062500000e+03
5.800000190734863281e+00,8.732726573944091797e-01,1.940340209960937500e+03
5.800000190734863281e+00,8.842782974243164062e-01,1.940419921875000000e+03
5.800000190734863281e+00,8.944114446640014648e-01,1.940498168945312500e+03
5.800000190734863281e+00,9.037078619003295898e-01,1.940574951171875000e+03
5.800000190734863281e+00,9.121994972229003906e-01,1.940650634765625000e+03
5.800000190734863281e+00,9.199146032333374023e-01,1.940725097656250000e+03
5.800000190734863281e+00,9.268795251846313477e-01,1.940798583984375000e+03
5.800000190734863281e+00,9.331166744232177734e-01,1.940871215820312500e+03
5.800000190734863281e+00,9.386460781097412109e-01,1.940942993164062500e+03
5.800000190734863281e+00,9.434852600097656250e-01,1.941014160156250000e+03
5.800000190734863281e+00,9.476494789123535156e-01,1.941084716796875000e+03
5.800000190734863281e+00,9.511518478393554688e-01,1.941154663085937500e+03
5.800000190734863281e+00,9.540028572082519531e-01,1.941224243164062500e+03
5.800000190734863281e+00,9.562114477157592773e-01,1.941293457031250000e+03
5.800000190734863281e+00,9.577842950820922852e-01,1.941362426757812500e+03
5.800000190734863281e+00,9.587260484695434570e-01,1.941431274414062500e+03
5.800000190734863281e+00,1.019929051399230957e+00,1.941500000000000000e+03
5.800000190734863281e+00,1.019633769989013672e+00,1.941568725585937500e+03
5.800000190734863281e+00,1.018747091293334961e+00,1.941637573242187500e+03
5.800000190734863281e+00,1.017266273498535156e+00,1.941706542968750000e+03
5.800000190734863281e+00,1.015186905860900879e+00,1.941775756835937500e+03
5.800000190734863281e+00,1.012502551078796387e+00,1.941845336914062500e+03
5.800000190734863281e+00,1.009205102920532227e+00,1.941915283203125000e+03
5.800000190734863281e+00,1.005284428596496582e+00,1.941985839843750000e+03
5.800000190734863281e+00,1.000728368759155273e+00,1.942057006835937500e+03
5.800000190734863281e+00,9.955223798751831055e-01,1.942128784179687500e+03
5.800000190734863281e+00,9.896501302719116211e-01,1.942201416015625000e+03
5.800000190734863281e+00,9.830926656723022461e-01,1.942274902343750000e+03
5.800000190734863281e+00,9.758286476135253906e-01,1.942349365234375000e+03
5.800000190734863281e+00,9.678336381912231445e-01,1.942425048828125000e+03
5.800000190734863281e+00,9.590811729431152344e-01,1.942501831054687500e+03
5.800000190734863281e+00,9.495407342910766602e-01,1.942580078125000000e+03
5.800000190734863281e+00,9.391787052154541016e-01,1.942659790039062500e+03
5.800000190734863281e+00,9.279583692550659180e-01,1.942741210937500000e+03
5.800000190734863281e+00,9.158377647399902344e-01,1.942824340820312500e+03
5.800000190734863281e+00,9.027717113494873047e-01,1.942909423828125000e+03
5.800000190734863281e+00,8.887091875076293945e-01,1.942996582031250000e+03
5.800000190734863281e+00,8.735941648483276367e-01,1.943086181640625000e+03
5.800000190734863281e+00,8.573647737503051758e-01,1.943178222656250000e+03
5.800000190734863281e+00,8.399516344070434570e-01,1.943273071289062500e+03
5.800000190734863281e+00,8.212786912918090820e-01,1.943370849609375000e+03
5.800000190734863281e+00,8.012607097625732422e-01,1.943471923828125000e+03
5.800000190734863281e+00,7.798035144805908203e-01,1.943576660156250000e+03
5.800000190734863281e+00,7.568016052246093750e-01,1.943685180664062500e+03
5.800000190734863281e+00,7.321374416351318359e-01,1.943797851562500000e+03
5.800000190734863281e+00,7.056795358657836914e-01,1.943915283203125000e+03
5.800000190734863281e+00,6.772799491882324219e-01,1.944037719726562500e+03
5.800000190734863281e+00,6.467727422714233398e-01,1.944165771484375000e+03
5.800000190734863281e+00,6.139703989028930664e-01,1.944300048828125000e+03
5.800000190734863281e+00,5.786608457565307617e-01,1.944440917968750000e+03
5.800000190734863281e+00,5.406032800674438477e-01,1.944589355468750000e+03
5.800000190734863281e+00,4.995226860046386719e-01,1.944745971679687500e+03
5.800000190734863281e+00,4.551051855087280273e-01,1.944911865234375000e+03
5.800000190734863281e+00,4.069883823394775391e-01,1.945087890625000000e+03
5.800000190734863281e+00,3.547555208206176758e-01,1.945275390625000000e+03
5.800000190734863281e+00,2.979208230972290039e-01,1.945475708007812500e+03
5.800000190734863281e+00,2.359188795089721680e-01,1.945690551757812500e+03
5.751216888427734375e+00,2.000000476837158203e-01,1.945844604492187500e+03
5.643765449523925781e+00,2.000000476837158203e-01,1.945910888671875000e+03
5.534721374511718750e+00,2.000000476837158203e-01,1.945974365234375000e+03
5.424150466918945312e+00,2.000000476837158203e-01,1.946035278320312500e+03
5.312119483947753906e+00,2.000000476837158203e-01,1.946093383789062500e+03
5.198695659637451172e+00,2.000000476837158203e-01,1.946148803710937500e+03
5.083947181701660156e+00,2.000000476837158203e-01,1.946201293945312500e+03
4.967943668365478516e+00,2.000000476837158203e-01,1.946250976562500000e+03
4.850754737854003906e+00,2.000000476837158203e-01,1.946297851562500000e+03
4.732450962066650391e+00,2.000000476837158203e-01,1.946341918945312500e+03
4.613103866577148438e+00,2.000000476837158203e-01,1.946382934570312500e+03
4.492784500122070312e+00,2.000000476837158203e-01,1.946421020507812500e+03
4.371566295623779297e+00,2.000000476837158203e-01,1.946456176757812500e+03
4.249522209167480469e+00,2.000000476837158203e-01,1.946488403320312500e+03
4.126724720001220703e+00,2.000000476837158203e-01,1.946517578125000000e+03
4.003249168395996094e+00,2.000000476837158203e-01,1.946543701171875000e+03
3.879168987274169922e+00,2.000000476837158203e-01,1.946566772460937500e+03
3.754559278488159180e+00,2.000000476837158203e-01,1.946586791992187500e+03
3.629495143890380859e+00,2.000000476837158203e-01,1.946603759765625000e+03
3.504051685333251953e+00,2.000000476837158203e-01,1.946617675781250000e+03
3.378304719924926758e+00,2.000000476837158203e-01,1.946628540039062500e+03
3.252329826354980469e+00,2.000000476837158203e-01,1.946636230468750000e+03
3.126202821731567383e+00,2.000000476837158203e-01,1.946640991210937500e+03
3.000000000000000000e+00,2.000000476837158203e-01,1.946642456054687500e+03
2.873797178268432617e+00,2.000000476837158203e-01,1.946640991210937500e+03
2.747670173645019531e+00,2.000000476837158203e-01,1.946636230468750000e+03
2.621695280075073242e+00,2.000000476837158203e-01,1.946628540039062500e+03
2.495948314666748047e+00,2.000000476837158203e-01,1.946617675781250000e+03
2.370504856109619141e+00,2.000000476837158203e-01,1.946603759765625000e+03
2.245440721511840820e+00,2.000000476837158203e-01,1.946586791992187500e+03
2.120831012725830078e+00,2.000000476837158203e-01,1.946566772460937500e+03
1.996750950813293457e+00,2.000000476837158203e-01,1.946543701171875000e+03
1.873275160789489746e+00,2.000000476837158203e-01,1.946517578125000000e+03
1.750478029251098633e+00,2.000000476837158203e-01,1.946488403320312500e+03
1.628433585166931152e+00,2.000000476837158203e-01,1.946456176757812500e+03
1.507215499877929688e+00,2.000000476837158203e-01,1.946421020507812500e+03
1.386896371841430664e+00,2.000000476837158203e-01,1.946382934570312500e+03
1.267549037933349609e+00,2.000000476837158203e-01,1.946341918945312500e+03
1.149245142936706543e+00,2.000000476837158203e-01,1.946297851562500000e+03
1.032056212425231934e+00,2.000000476837158203e-01,1.946250976562500000e+03
9.160525798797607422e-01,2.000000476837158203e-01,1.946201293945312500e+03
8.013043403625488281e-01,2.000000476837158203e-01,1.946148803710937500e+03
6.878805160522460938e-01,2.000000476837158203e-01,1.946093383789062500e+03
5.758495330810546875e-01,2.000000476837158203e-01,1.946035278320312500e+03
4.652783870697021484e-01,2.000000476837158203e-01,1.945974365234375000e+03
3.562343120574951172e-01,2.000000476837158203e-01,1.945910888671875000e+03
2.487828731536865234e-01,2.000000476837158203e-01,1.945844604492187500e+03
2.000000476837158203e-01,2.359189987182617188e-01,1.945690551757812500e+03
2.000000476837158203e-01,2.979211807250976562e-01,1.945475708007812500e+03
1.999998092651367188e-01,3.547556400299072266e-01,1.945275390625000000e+03
2.000002861022949219e-01,4.069887399673461914e-01,1.945087890625000000e+03
2.000000476837158203e-01,4.551053047180175781e-01,1.944911865234375000e+03
2.000002861022949219e-01,4.995229244232177734e-01,1.944745971679687500e+03
2.000000476837158203e-01,5.406033992767333984e-01,1.944589355468750000e+03
2.000000476837158203e-01,5.786610841751098633e-01,1.944440917968750000e+03
2.000000476837158203e-01,6.139706373214721680e-01,1.944300048828125000e+03
2.000000476837158203e-01,6.467728614807128906e-01,1.944165771484375000e+03
2.000002861022949219e-01,6.772801876068115234e-01,1.944037719726562500e+03
2.000000476837158203e-01,7.056795358657836914e-01,1.943915283203125000e+03
2.000000476837158203e-01,7.321376800537109375e-01,1.943797851562500000e+03
2.000000476837158203e-01,7.568018436431884766e-01,1.943685180664062500e+03
2.000000476837158203e-01,7.798036336898803711e-01,1.943576660156250000e+03
1.999998092651367188e-01,8.012608289718627930e-01,1.943471923828125000e+03
1.999998092651367188e-01,8.212788105010986328e-01,1.943370849609375000e+03
2.000000476837158203e-01,8.399517536163330078e-01,1.943273071289062500e+03
2.000000476837158203e-01,8.573648929595947266e-01,1.943178222656250000e+03
1.999998092651367188e-01,8.735942840576171875e-01,1.943086181640625000e+03
2.000000476837158203e-01,8.887093067169189453e-01,1.942996582031250000e+03
2.000000476837158203e-01,9.027718305587768555e-01,1.942909423828125000e+03
1.999998092651367188e-01,9.158380031585693359e-01,1.942824340820312500e+03
2.000000476837158203e-01,9.279584884643554688e-01,1.942741210937500000e+03
2.000000476837158203e-01,9.391789436340332031e-01,1.942659790039062500e+03
2.000000476837158203e-01,9.495408535003662109e-01,1.942580078125000000e+03
2.000000476837158203e-01,9.590812921524047852e-01,1.942501831054687500e+03
2.000000476837158203e-01,9.678338766098022461e-01,1.942425048828125000e+03
2.000000476837158203e-01,9.758286476135253906e-01,1.942349365234375000e+03
2.000002861022949219e-01,9.830929040908813477e-01,1.942274902343750000e+03
1.999998092651367188e-01,9.896502494812011719e-01,1.942201416015625000e+03
1.999998092651367188e-01,9.955223798751831055e-01,1.942128784179687500e+03
2.000000476837158203e-01,1.000728368759155273e+00,1.942057006835937500e+03
1.999998092651367188e-01,1.005284547805786133e+00,1.941985839843750000e+03
2.000000476837158203e-01,1.009205222129821777e+00,1.941915283203125000e+03
2.000000476837158203e-01,1.012502670288085938e+00,1.941845336914062500e+03
2.000000476837158203e-01,1.015187025070190430e+00,1.941775756835937500e+03
2.000000476837158203e-01,1.017266392707824707e+00,1.941706542968750000e+03
2.000000476837158203e-01,1.018747210502624512e+00,1.941637573242187500e+03
2.000000476837158203e-01,1.019633889198303223e+00,1.941568725585937500e+03
2.000000476837158203e-01,1.019929170608520508e+00,1.941500000000000000e+03
2.000000476837158203e-01,1.019633889198303223e+00,1.941431274414062500e+03
2.000000476837158203e-01,1.018747210502624512e+00,1.941362426757812500e+03
2.000000476837158203e-01,1.017266392707824707e+00,1.941293457031250000e+03
2.000000476837158203e-01,1.015187025070190430e+00,1.941224243164062500e+03
2.000000476837158203e-01,1.012502670288085938e+00,1.941154663085937500e+03
2.000000476837158203e-01,1.009205222129821777e+00,1.941084716796875000e+03
1.999998092651367188e-01,1.005284547805786133e+00,1.941014160156250000e+03
2.000000476837158203e-01,1.000728368759155273e+00,1.940942993164062500e+03
1.999998092651367188e-01,9.955223798751831055e-01,1.940871215820312500e+03
1.999998092651367188e-01,9.896502494812011719e-01,1.940798583984375000e+03
2.000002861022949219e-01,9.830929040908813477e-01,1.940725097656250000e+03
2.000000476837158203e-01,9.758286476135253906e-01,1.940650634765625000e+03
2.000000476837158203e-01,9.678338766098022461e-01,1.940574951171875000e+03
2.000000476837158203e-01,9.590812921524047852e-01,1.940498168945312500e+03
2.000000476837158203e-01,9.495408535003662109e-01,1.940419921875000000e+03
2.000000476837158203e-01,9.391789436340332031e-01,1.940340209960937500e+03
2.000000476837158203e-01,9.279584884643554688e-01,1.940258789062500000e+03
1.999998092651367188e-01,9.158380031585693359e-01,1.940175659179687500e+03
2.000000476837158203e-01,9.027718305587768555e-01,1.940090576171875000e+03
2.000000476837158203e-01,8.887093067169189453e-01,1.940003417968750000e+03
1.999998092651367188e-01,8.735942840576171875e-01,1.939913818359375000e+03
2.000000476837158203e-01,8.573648929595947266e-01,1.939821777343750000e+03
2.000000476837158203e-01,8.399517536163330078e-01,1.939726928710937500e+03
1.999998092651367188e-01,8.212788105010986328e-01,1.939629150390625000e+03
1.999998092651367188e-01,8.012608289718627930e-01,1.939528076171875000e+03
2.000000476837158203e-01,7.798036336898803711e-01,1.939423339843750000e+03
2.000000476837158203e-01,7.568018436431884766e-01,1.939314819335937500e+03
2.000000476837158203e-01,7.321376800537109375e-01,1.939202148437500000e+03
2.000000476837158203e-01,7.056795358657836914e-01,1.939084716796875000e+03
2.000002861022949219e-01,6.772801876068115234e-01,1.938962280273437500e+03
2.000000476837158203e-01,6.467728614807128906e-01,1.938834228515625000e+03
2.000000476837158203e-01,6.139706373214721680e-01,1.938699951171875000e+03
2.000000476837158203e-01,5.786610841751098633e-01,1.938559082031250000e+03
2.000000476837158203e-01,5.406033992767333984e-01,1.938410644531250000e+03
2.000002861022949219e-01,4.995229244232177734e-01,1.938254028320312500e+03
2.000000476837158203e-01,4.551053047180175781e-01,1.938088134765625000e+03
2.000002861022949219e-01,4.069887399673461914e-01,1.937912109375000000e+03
1.999998092651367188e-01,3.547556400299072266e-01,1.937724609375000000e+03
2.000000476837158203e-01,2.979211807250976562e-01,1.937524291992187500e+03
2.000000476837158203e-01,2.359189987182617188e-01,1.937309448242187500e+03
2.487828731536865234e-01,2.000000476837158203e-01,1.937155395507812500e+03
3.562343120574951172e-01,2.000000476837158203e-01,1.937089111328125000e+03
4.652783870697021484e-01,2.000000476837158203e-01,1.937025634765625000e+03
5.758495330810546875e-01,2.000000476837158203e-01,1.936964721679687500e+03
6.878805160522460938e-01,2.000000476837158203e-01,1.936906616210937500e+03
8.013043403625488281e-01,2.000000476837158203e-01,1.936851196289062500e+03
9.160525798797607422e-01,2.000000476837158203e-01,1.936798706054687500e+03
1.032056212425231934e+00,2.000000476837158203e-01,1.936749023437500000e+03
1.149245142936706543e+00,2.000000476837158203e-01,1.936702148437500000e+03
1.267549037933349609e+00,2.000000476837158203e-01,1.936658081054687500e+03
1.386896371841430664e+00,2.000000476837158203e-01,1.936617065429687500e+03
1.507215499877929688e+00,2.000000476837158203e-01,1.936578979492187500e+03
1.628433585166931152e+00,2.000000476837158203e-01,1.936543823242187500e+03
1.750478029251098633e+00,2.000000476837158203e-01,1.936511596679687500e+03
1.873275160789489746e+00,2.000000476837158203e-01,1.936482421875000000e+03
1.996750950813293457e+00,2.000000476837158203e-01,1.936456298828125000e+03
2.120831012725830078e+00,2.000000476837158203e-01,1.936433227539062500e+03
2.245440721511840820e+00,2.000000476837158203e-01,1.936413208007812500e+03
2.370504856109619141e+00,2.000000476837158203e-01,1.936396240234375000e+03
2.495948314666748047e+00,2.000000476837158203e-01,1.936382324218750000e+03
2.621695280075073242e+00,2.000000476837158203e-01,1.936371459960937500e+03
2.747670173645019531e+00,2.000000476837158203e-01,1.936363769531250000e+03
2.873797178268432617e+00,2.000000476837158203e-01,1.936359008789062500e+03
3.000000000000000000e+00,2.000000476837158203e-01,1.936357543945312500e+03
3.126202821731567383e+00,2.000000476837158203e-01,1.936359008789062500e+03
3.252329826354980469e+00,2.000000476837158203e-01,1.936363769531250000e+03
3.378304719924926758e+00,2.000000476837158203e-01,1.936371459960937500e+03
3.504051685333251953e+00,2.000000476837158203e-01,1.936382324218750000e+03
3.629495143890380859e+00,2.000000476837158203e-01,1.936396240234375000e+03
3.754559278488159180e+00,2.000000476837158203e-01,1.936413208007812500e+03
3.879168987274169922e+00,2.000000476837158203e-01,1.936433227539062500e+03
4.003249168395996094e+00,2.000000476837158203e-01,1.936456298828125000e+03
4.126724720001220703e+00,2.000000476837158203e-01,1.936482421875000000e+03
4.249522209167480469e+00,2.000000476837158203e-01,1.936511596679687500e+03
4.371566295623779297e+00,2.000000476837158203e-01,1.936543823242187500e+03
4.492784500122070312e+00,2.000000476837158203e-01,1.936578979492187500e+03
4.613103866577148438e+00,2.000000476837158203e-01,1.936617065429687500e+03
4.732450962066650391e+00,2.000000476837158203e-01,1.936658081054687500e+03
4.850754737854003906e+00,2.000000476837158203e-01,1.936702148437500000e+03
4.967943668365478516e+00,2.000000476837158203e-01,1.936749023437500000e+03
5.083947181701660156e+00,2.000000476837158203e-01,1.936798706054687500e+03
5.198695659637451172e+00,2.000000476837158203e-01,1.936851196289062500e+03
5.312119483947753906e+00,2.000000476837158203e-01,1.936906616210937500e+03
5.424150466918945312e+00,2.000000476837158203e-01,1.936964721679687500e+03
5.534721374511718750e+00,2.000000476837158203e-01,1.937025634765625000e+03
5.643765449523925781e+00,2.000000476837158203e-01,1.937089111328125000e+03
5.751216888427734375e+00,2.000000476837158203e-01,1.937155395507812500e+03
5.800000190734863281e+00,2.359188795089721680e-01,1.937309448242187500e+03
5.800000190734863281e+00,2.979208230972290039e-01,1.937524291992187500e+03
5.800000190734863281e+00,3.547555208206176758e-01,1.937724609375000000e+03
5.800000190734863281e+00,4.069883823394775391e-01,1.937912109375000000e+03
5.800000190734863281e+00,4.551051855087280273e-01,1.938088134765625000e+03
5.800000190734863281e+00,4.995226860046386719e-01,1.938254028320312500e+03
5.800000190734863281e+00,5.406032800674438477e-01,1.938410644531250000e+03
5.800000190734863281e+00,5.786608457565307617e-01,1.938559082031250000e+03
5.800000190734863281e+00,6.139703989028930664e-01,1.938699951171875000e+03
5.800000190734863281e+00,6.467727422714233398e-01,1.938834228515625000e+03
5.800000190734863281e+00,6.772799491882324219e-01,1.938962280273437500e+03
5.800000190734863281e+00,7.056795358657836914e-01,1.939084716796875000e+03
5.800000190734863281e+00,7.321374416351318359e-01,1.939202148437500000e+03
5.800000190734863281e+00,7.568016052246093750e-01,1.939314819335937500e+03
5.800000190734863281e+00,7.798035144805908203e-01,1.939423339843750000e+03
5.800000190734863281e+00,8.012607097625732422e-01,1.939528076171875000e+03
5.800000190734863281e+00,8.212786912918090820e-01,1.939629150390625000e+03
5.800000190734863281e+00,8.399516344070434570e-01,1.939726928710937500e+03
5.800000190734863281e+00,8.573647737503051758e-01,1.939821777343750000e+03
5.800000190734863281e+00,8.735941648483276367e-01,1.939913818359375000e+03
5.800000190734863281e+00,8.887091875076293945e-01,1.940003417968750000e+03
5.800000190734863281e+00,9.027717113494873047e-01,1.940090576171875000e+03
5.800000190734863281e+00,9.158377647399902344e-01,1.940175659179687500e+03
5.800000190734863281e+00,9.279583692550659180e-01,1.940258789062500000e+03
5.800000190734863281e+00,9.391787052154541016e-01,1.940340209960937500e+03
5.800000190734863281e+00,9.495407342910766602e-01,1.940419921875000000e+03
5.800000190734863281e+00,9.590811729431152344e-01,1.940498168945312500e+03
5.800000190734863281e+00,9.678336381912231445e-01,1.940574951171875000e+03
5.800000190734863281e+00,9.758286476135253906e-01,1.940650634765625000e+03
5.800000190734863281e+00,9.830926656723022461e-01,1.940725097656250000e+03
5.800000190734863281e+00,9.896501302719116211e-01,1.940798583984375000e+03
5.800000190734863281e+00,9.955223798751831055e-01,1.940871215820312500e+03
5.800000190734863281e+00,1.000728368759155273e+00,1.940942993164062500e+03
5.800000190734863281e+00,1.005284428596496582e+00,1.941014160156250000e+03
5.800000190734863281e+00,1.009205102920532227e+00,1.941084716796875000e+03
5.800000190734863281e+00,1.012502551078796387e+00,1.941154663085937500e+03
5.800000190734863281e+00,1.015186905860900879e+00,1.941224243164062500e+03
5.800000190734863281e+00,1.017266273498535156e+00,1.941293457031250000e+03
5.800000190734863281e+00,1.018747091293334961e+00,1.941362426757812500e+03
5.800000190734863281e+00,1.019633769989013672e+00,1.941431274414062500e+03
5.800000190734863281e+00,1.080003619194030762e+00,1.941500000000000000e+03
5.800000190734863281e+00,1.079726457595825195e+00,1.941568725585937500e+03
5.800000190734863281e+00,1.078894138336181641e+00,1.941637573242187500e+03
5.800000190734863281e+00,1.077504158020019531e+00,1.941706542968750000e+03
5.800000190734863281e+00,1.075552105903625488e+00,1.941775756835937500e+03
5.800000190734863281e+00,1.073032379150390625e+00,1.941845336914062500e+03
5.800000190734863281e+00,1.069937229156494141e+00,1.941915283203125000e+03
5.800000190734863281e+00,1.066256761550903320e+00,1.941985839843750000e+03
5.800000190734863281e+00,1.061979770660400391e+00,1.942057006835937500e+03
5.800000190734863281e+00,1.057093024253845215e+00,1.942128784179687500e+03
5.800000190734863281e+00,1.051580667495727539e+00,1.942201416015625000e+03
5.800000190734863281e+00,1.045425176620483398e+00,1.942274902343750000e+03
5.800000190734863281e+00,1.038606405258178711e+00,1.942349365234375000e+03
5.800000190734863281e+00,1.031101584434509277e+00,1.942425048828125000e+03
5.800000190734863281e+00,1.022885441780090332e+00,1.942501831054687500e+03
5.800000190734863281e+00,1.013929843902587891e+00,1.942580078125000000e+03
5.800000190734863281e+00,1.004203081130981445e+00,1.942659790039062500e+03
5.800000667572021484e+00,9.936703443527221680e-01,1.942741210937500000e+03
5.800000190734863281e+00,9.822928905487060547e-01,1.942824340820312500e+03
5.800000190734863281e+00,9.700276851654052734e-01,1.942909423828125000e+03
5.800000190734863281e+00,9.568270444869995117e-01,1.942996582031250000e+03
5.800000190734863281e+00,9.426386356353759766e-01,1.943086181640625000e+03
5.800000190734863281e+00,9.274039268493652344e-01,1.943178222656250000e+03
5.800000190734863281e+00,9.110581874847412109e-01,1.943273071289062500e+03
5.800000190734863281e+00,8.935297727584838867e-01,1.943370849609375000e+03
5.800000190734863281e+00,8.747389316558837891e-01,1.943471923828125000e+03
5.800000190734863281e+00,8.545969724655151367e-01,1.943576660156250000e+03
5.800000190734863281e+00,8.330049514770507812e-01,1.943685180664062500e+03
5.800000190734863281e+00,8.098527193069458008e-01,1.943797851562500000e+03
5.800000190734863281e+00,7.850162982940673828e-01,1.943915283203125000e+03
5.800000190734863281e+00,7.583576440811157227e-01,1.944037719726562500e+03
5.800000190734863281e+00,7.297203540802001953e-01,1.944165771484375000e+03
5.800000667572021484e+00,6.989284753799438477e-01,1.944300048828125000e+03
5.800000190734863281e+00,6.657835245132446289e-01,1.944440917968750000e+03
5.800000190734863281e+00,6.300586462020874023e-01,1.944589355468750000e+03
5.800000190734863281e+00,5.914962291717529297e-01,1.944745971679687500e+03
5.800000190734863281e+00,5.498012304306030273e-01,1.944911865234375000e+03
5.800000190734863281e+00,5.046340227127075195e-01,1.945087890625000000e+03
5.800000190734863281e+00,4.556027650833129883e-01,1.945275390625000000e+03
5.800000190734863281e+00,4.022519588470458984e-01,1.945475708007812500e+03
5.800000190734863281e+00,3.440502882003784180e-01,1.945690551757812500e+03
5.800000190734863281e+00,2.803727388381958008e-01,1.945921630859375000e+03
5.800000190734863281e+00,2.104814052581787109e-01,1.946171508789062500e+03
5.700235843658447266e+00,1.999999284744262695e-01,1.946266601562500000e+03
5.582444667816162109e+00,1.999999284744262695e-01,1.946331420898437500e+03
5.463098526000976562e+00,1.999999284744262695e-01,1.946393310546875000e+03
5.342267990112304688e+00,1.999999284744262695e-01,1.946452270507812500e+03
5.220026969909667969e+00,1.999999284744262695e-01,1.946508300781250000e+03
5.096447944641113281e+00,1.999999284744262695e-01,1.946561279296875000e+03
4.971607208251953125e+00,1.999999284744262695e-01,1.946611206054687500e+03
4.845578193664550781e+00,1.999999284744262695e-01,1.946658081054687500e+03
4.718437194824218750e+00,1.999999284744262695e-01,1.946701782226562500e+03
4.590261936187744141e+00,1.999999284744262695e-01,1.946742431640625000e+03
4.461128234863281250e+00,1.999999284744262695e-01,1.946779785156250000e+03
4.331114292144775391e+00,1.999999284744262695e-01,1.946814086914062500e+03
4.200298786163330078e+00,1.999999284744262695e-01,1.946845214843750000e+03
4.068759918212890625e+00,1.999999284744262695e-01,1.946873046875000000e+03
3.936577796936035156e+00,1.999999284744262695e-01,1.946897583007812500e+03
3.803831100463867188e+00,1.999999284744262695e-01,1.946918945312500000e+03
3.670600414276123047e+00,1.999999284744262695e-01,1.946937133789062500e+03
3.536965608596801758e+00,1.999999284744262695e-01,1.946951904296875000e+03
3.403007507324218750e+00,1.999999284744262695e-01,1.946963378906250000e+03
3.268806695938110352e+00,1.999999284744262695e-01,1.946971679687500000e+03
3.134443759918212891e+00,1.999999284744262695e-01,1.946976684570312500e+03
3.000000000000000000e+00,1.999999284744262695e-01,1.946978271484375000e+03
2.865556240081787109e+00,1.999999284744262695e-01,1.946976684570312500e+03
2.731193304061889648e+00,1.999999284744262695e-01,1.946971679687500000e+03
2.596992492675781250e+00,1.999999284744262695e-01,1.946963378906250000e+03
2.463034391403198242e+00,1.999999284744262695e-01,1.946951904296875000e+03
2.329399585723876953e+00,1.999999284744262695e-01,1.946937133789062500e+03
2.196168899536132812e+00,1.999999284744262695e-01,1.946918945312500000e+03
2.063422203063964844e+00,1.999999284744262695e-01,1.946897583007812500e+03
1.931239962577819824e+00,1.999999284744262695e-01,1.946873046875000000e+03
1.799701333045959473e+00,1.999999284744262695e-01,1.946845214843750000e+03
1.668885707855224609e+00,1.999999284744262695e-01,1.946814086914062500e+03
1.538871884346008301e+00,1.999999284744262695e-01,1.946779785156250000e+03
1.409738183021545410e+00,1.999999284744262695e-01,1.946742431640625000e+03
1.281562566757202148e+00,1.999999284744262695e-01,1.946701782226562500e+03
1.154422044754028320e+00,1.999999284744262695e-01,1.946658081054687500e+03
1.028393030166625977e+00,1.999999284744262695e-01,1.946611206054687500e+03
9.035518169403076172e-01,1.999999284744262695e-01,1.946561279296875000e+03
7.799732685089111328e-01,1.999999284744262695e-01,1.946508300781250000e+03
6.577320098876953125e-01,1.999999284744262695e-01,1.946452270507812500e+03
5.369017124176025391e-01,1.999999284744262695e-01,1.946393310546875000e+03
4.175553321838378906e-01,1.999999284744262695e-01,1.946331420898437500e+03
2.997641563415527344e-01,1.999999284744262695e-01,1.946266601562500000e+03
2.000000476837158203e-01,2.104816436767578125e-01,1.946171508789062500e+03
2.000000476837158203e-01,2.803730964660644531e-01,1.945921630859375000e+03
2.000000476837158203e-01,3.440505266189575195e-01,1.945690551757812500e+03
1.999998092651367188e-01,4.022521972656250000e-01,1.945475708007812500e+03
2.000000476837158203e-01,4.556028842926025391e-01,1.945275390625000000e+03
2.000000476837158203e-01,5.046341419219970703e-01,1.945087890625000000e+03
2.000002861022949219e-01,5.498014688491821289e-01,1.944911865234375000e+03
1.999998092651367188e-01,5.914963483810424805e-01,1.944745971679687500e+03
1.999998092651367188e-01,6.300587654113769531e-01,1.944589355468750000e+03
2.000000476837158203e-01,6.657836437225341797e-01,1.944440917968750000e+03
1.999998092651367188e-01,6.989285945892333984e-01,1.944300048828125000e+03
2.000000476837158203e-01,7.297204732894897461e-01,1.944165771484375000e+03
2.000000476837158203e-01,7.583577632904052734e-01,1.944037719726562500e+03
2.000000476837158203e-01,7.850165367126464844e-01,1.943915283203125000e+03
2.000000476837158203e-01,8.098527193069458008e-01,1.943797851562500000e+03
2.000000476837158203e-01,8.330050706863403320e-01,1.943685180664062500e+03
2.000002861022949219e-01,8.545972108840942383e-01,1.943576660156250000e+03
2.000000476837158203e-01,8.747390508651733398e-01,1.943471923828125000e+03
2.000000476837158203e-01,8.935298919677734375e-01,1.943370849609375000e+03
1.999998092651367188e-01,9.110583066940307617e-01,1.943273071289062500e+03
2.000002861022949219e-01,9.274041652679443359e-01,1.943178222656250000e+03
2.000000476837158203e-01,9.426387548446655273e-01,1.943086181640625000e+03
1.999998092651367188e-01,9.568271636962890625e-01,1.942996582031250000e+03
2.000000476837158203e-01,9.700278043746948242e-01,1.942909423828125000e+03
2.000002861022949219e-01,9.822930097579956055e-01,1.942824340820312500e+03
1.999998092651367188e-01,9.936704635620117188e-01,1.942741210937500000e+03
2.000000476837158203e-01,1.004203200340270996e+00,1.942659790039062500e+03
2.000000476837158203e-01,1.013930082321166992e+00,1.942580078125000000e+03
1.999998092651367188e-01,1.022885560989379883e+00,1.942501831054687500e+03
2.000000476837158203e-01,1.031101703643798828e+00,1.942425048828125000e+03
2.000000476837158203e-01,1.038606405258178711e+00,1.942349365234375000e+03
2.000002861022949219e-01,1.045425415039062500e+00,1.942274902343750000e+03
2.000000476837158203e-01,1.051580905914306641e+00,1.942201416015625000e+03
2.000002861022949219e-01,1.057093143463134766e+00,1.942128784179687500e+03
2.000000476837158203e-01,1.061980009078979492e+00,1.942057006835937500e+03
2.000000476837158203e-01,1.066256880760192871e+00,1.941985839843750000e+03
2.000000476837158203e-01,1.069937229156494141e+00,1.941915283203125000e+03
2.000000476837158203e-01,1.073032498359680176e+00,1.941845336914062500e+03
2.000000476837158203e-01,1.075552225112915039e+00,1.941775756835937500e+03
2.000002861022949219e-01,1.077504158020019531e+00,1.941706542968750000e+03
2.000000476837158203e-01,1.078894257545471191e+00,1.941637573242187500e+03
2.000000476837158203e-01,1.079726576805114746e+00,1.941568725585937500e+03
2.000000476837158203e-01,1.080003738403320312e+00,1.941500000000000000e+03
2.000000476837158203e-01,1.079726576805114746e+00,1.941431274414062500e+03
2.000000476837158203e-01,1.078894257545471191e+00,1.941362426757812500e+03
2.000002861022949219e-01,1.077504158020019531e+00,1.941293457031250000e+03
2.000000476837158203e-01,1.075552225112915039e+00,1.941224243164062500e+03
2.000000476837158203e-01,1.073032498359680176e+00,1.941154663085937500e+03
2.000000476837158203e-01,1.069937229156494141e+00,1.941084716796875000e+03
2.000000476837158203e-01,1.066256880760192871e+00,1.941014160156250000e+03
2.000000476837158203e-01,1.061980009078979492e+00,1.940942993164062500e+03
2.000002861022949219e-01,1.057093143463134766e+00,1.940871215820312500e+03
2.000000476837158203e-01,1.051580905914306641e+00,1.940798583984375000e+03
2.000002861022949219e-01,1.045425415039062500e+00,1.940725097656250000e+03
2.000000476837158203e-01,1.038606405258178711e+00,1.940650634765625000e+03
2.000000476837158203e-01,1.031101703643798828e+00,1.940574951171875000e+03
1.999998092651367188e-01,1.022885560989379883e+00,1.940498168945312500e+03
2.000000476837158203e-01,1.013930082321166992e+00,1.940419921875000000e+03
2.000000476837158203e-01,1.004203200340270996e+00,1.940340209960937500e+03
1.999998092651367188e-01,9.936704635620117188e-01,1.940258789062500000e+03
2.000002861022949219e-01,9.822930097579956055e-01,1.940175659179687500e+03
2.000000476837158203e-01,9.700278043746948242e-01,1.940090576171875000e+03
1.999998092651367188e-01,9.568271636962890625e-01,1.940003417968750000e+03
2.000000476837158203e-01,9.426387548446655273e-01,1.939913818359375000e+03
2.000002861022949219e-01,9.274041652679443359e-01,1.939821777343750000e+03
1.999998092651367188e-01,9.110583066940307617e-01,1.939726928710937500e+03
2.000000476837158203e-01,8.935298919677734375e-01,1.939629150390625000e+03
2.000000476837158203e-01,8.747390508651733398e-01,1.939528076171875000e+03
2.000002861022949219e-01,8.545972108840942383e-01,1.939423339843750000e+03
2.000000476837158203e-01,8.330050706863403320e-01,1.939314819335937500e+03
2.000000476837158203e-01,8.098527193069458008e-01,1.939202148437500000e+03
2.000000476837158203e-01,7.850165367126464844e-01,1.939084716796875000e+03
2.000000476837158203e-01,7.583577632904052734e-01,1.938962280273437500e+03
2.000000476837158203e-01,7.297204732894897461e-01,1.938834228515625000e+03
1.999998092651367188e-01,6.989285945892333984e-01,1.938699951171875000e+03
2.000000476837158203e-01,6.657836437225341797e-01,1.938559082031250000e+03
1.999998092651367188e-01,6.300587654113769531e-01,1.938410644531250000e+03
1.999998092651367188e-01,5.914963483810424805e-01,1.938254028320312500e+03
2.000002861022949219e-01,5.498014688491821289e-01,1.938088134765625000e+03
2.000000476837158203e-01,5.046341419219970703e-01,1.937912109375000000e+03
2.000000476837158203e-01,4.556028842926025391e-01,1.937724609375000000e+03
1.999998092651367188e-01,4.022521972656250000e-01,1.937524291992187500e+03
2.000000476837158203e-01,3.440505266189575195e-01,1.937309448242187500e+03
2.000000476837158203e-01,2.803730964660644531e-01,1.937078369140625000e+03
2.000000476837158203e-01,2.104816436767578125e-01,1.936828491210937500e+03
2.997641563415527344e-01,1.999999284744262695e-01,1.936733398437500000e+03
4.175553321838378906e-01,1.999999284744262695e-01,1.936668579101562500e+03
5.369017124176025391e-01,1.999999284744262695e-01,1.936606689453125000e+03
6.577320098876953125e-01,1.999999284744262695e-01,1.936547729492187500e+03
7.799732685089111328e-01,1.999999284744262695e-01,1.936491699218750000e+03
9.035518169403076172e-01,1.999999284744262695e-01,1.936438720703125000e+03
1.028393030166625977e+00,1.999999284744262695e-01,1.936388793945312500e+03
1.154422044754028320e+00,1.999999284744262695e-01,1.936341918945312500e+03
1.281562566757202148e+00,1.999999284744262695e-01,1.936298217773437500e+03
1.409738183021545410e+00,1.999999284744262695e-01,1.936257568359375000e+03
1.538871884346008301e+00,1.999999284744262695e-01,1.936220214843750000e+03
1.668885707855224609e+00,1.999999284744262695e-01,1.936185913085937500e+03
1.799701333045959473e+00,1.999999284744262695e-01,1.936154785156250000e+03
1.931239962577819824e+00,1.999999284744262695e-01,1.936126953125000000e+03
2.063422203063964844e+00,1.999999284744262695e-01,1.936102416992187500e+03
2.196168899536132812e+00,1.999999284744262695e-01,1.936081054687500000e+03
2.329399585723876953e+00,1.999999284744262695e-01,1.936062866210937500e+03
2.463034391403198242e+00,1.999999284744262695e-01,1.936048095703125000e+03
2.596992492675781250e+00,1.999999284744262695e-01,1.936036621093750000e+03
2.731193304061889648e+00,1.999999284744262695e-01,1.936028320312500000e+03
2.865556240081787109e+00,1.999999284744262695e-01,1.936023315429687500e+03
3.000000000000000000e+00,1.999999284744262695e-01,1.936021728515625000e+03
3.134443759918212891e+00,1.999999284744262695e-01,1.936023315429687500e+03
3.268806695938110352e+00,1.999999284744262695e-01,1.936028320312500000e+03
3.403007507324218750e+00,1.999999284744262695e-01,1.936036621093750000e+03
3.536965608596801758e+00,1.999999284744262695e-01,1.936048095703125000e+03
3.670600414276123047e+00,1.999999284744262695e-01,1.936062866210937500e+03
3.803831100463867188e+00,1.999999284744262695e-01,1.936081054687500000e+03
3.936577796936035156e+00,1.999999284744262695e-01,1.936102416992187500e+03
4.068759918212890625e+00,1.999999284744262695e-01,1.936126953125000000e+03
4.200298786163330078e+00,1.999999284744262695e-01,1.936154785156250000e+03
4.331114292144775391e+00,1.999999284744262695e-01,1.936185913085937500e+03
4.461128234863281250e+00,1.999999284744262695e-01,1.936220214843750000e+03
4.590261936187744141e+00,1.999999284744262695e-01,1.936257568359375000e+03
4.718437194824218750e+00,1.999999284744262695e-01,1.936298217773437500e+03
4.845578193664550781e+00,1.999999284744262695e-01,1.936341918945312500e+03
4.971607208251953125e+00,1.999999284744262695e-01,1.936388793945312500e+03
5.096447944641113281e+00,1.999999284744262695e-01,1.936438720703125000e+03
5.220026969909667969e+00,1.999999284744262695e-01,1.936491699218750000e+03
5.342267990112304688e+00,1.999999284744262695e-01,1.936547729492187500e+03
5.463098526000976562e+00,1.999999284744262695e-01,1.936606689453125000e+03
5.582444667816162109e+00,1.999999284744262695e-01,1.936668579101562500e+03
5.700235843658447266e+00,1.999999284744262695e-01,1.936733398437500000e+03
5.800000190734863281e+00,2.104814052581787109e-01,1.936828491210937500e+03
5.800000190734863281e+00,2.803727388381958008e-01,1.937078369140625000e+03
5.800000190734863281e+00,3.440502882003784180e-01,1.937309448242187500e+03
5.800000190734863281e+00,4.022519588470458984e-01,1.937524291992187500e+03
5.800000190734863281e+00,4.556027650833129883e-01,1.937724609375000000e+03
5.800000190734863281e+00,5.046340227127075195e-01,1.937912109375000000e+03
5.800000190734863281e+00,5.498012304306030273e-01,1.938088134765625000e+03
5.800000190734863281e+00,5.914962291717529297e-01,1.938254028320312500e+03
5.800000190734863281e+00,6.300586462020874023e-01,1.938410644531250000e+03
5.800000190734863281e+00,6.657835245132446289e-01,1.938559082031250000e+03
5.800000667572021484e+00,6.989284753799438477e-01,1.938699951171875000e+03
5.800000190734863281e+00,7.297203540802001953e-01,1.938834228515625000e+03
5.800000190734863281e+00,7.583576440811157227e-01,1.938962280273437500e+03
5.800000190734863281e+00,7.850162982940673828e-01,1.939084716796875000e+03
5.800000190734863281e+00,8.098527193069458008e-01,1.939202148437500000e+03
5.800000190734863281e+00,8.330049514770507812e-01,1.939314819335937500e+03
5.800000190734863281e+00,8.545969724655151367e-01,1.939423339843750000e+03
5.800000190734863281e+00,8.747389316558837891e-01,1.939528076171875000e+03
5.800000190734863281e+00,8.935297727584838867e-01,1.939629150390625000e+03
5.800000190734863281e+00,9.110581874847412109e-01,1.939726928710937500e+03
5.800000190734863281e+00,9.274039268493652344e-01,1.939821777343750000e+03
5.800000190734863281e+00,9.426386356353759766e-01,1.939913818359375000e+03
5.800000190734863281e+00,9.568270444869995117e-01,1.940003417968750000e+03
5.800000190734863281e+00,9.700276851654052734e-01,1.940090576171875000e+03
5.800000190734863281e+00,9.822928905487060547e-01,1.940175659179687500e+03
5.800000667572021484e+00,9.936703443527221680e-01,1.940258789062500000e+03
5.800000190734863281e+00,1.004203081130981445e+00,1.940340209960937500e+03
5.800000190734863281e+00,1.013929843902587891e+00,1.940419921875000000e+03
5.800000190734863281e+00,1.022885441780090332e+00,1.940498168945312500e+03
5.800000190734863281e+00,1.031101584434509277e+00,1.940574951171875000e+03
5.800000190734863281e+00,1.038606405258178711e+00,1.940650634765625000e+03
5.800000190734863281e+00,1.045425176620483398e+00,1.940725097656250000e+03
5.800000190734863281e+00,1.051580667495727539e+00,1.940798583984375000e+03
5.800000190734863281e+00,1.057093024253845215e+00,1.940871215820312500e+03
5.800000190734863281e+00,1.061979770660400391e+00,1.940942993164062500e+03
5.800000190734863281e+00,1.066256761550903320e+00,1.941014160156250000e+03
5.800000190734863281e+00,1.069937229156494141e+00,1.941084716796875000e+03
5.800000190734863281e+00,1.073032379150390625e+00,1.941154663085937500e+03
5.800000190734863281e+00,1.075552105903625488e+00,1.941224243164062500e+03
5.800000190734863281e+00,1.077504158020019531e+00,1.941293457031250000e+03
5.800000190734863281e+00,1.078894138336181641e+00,1.941362426757812500e+03
5.800000190734863281e+00,1.079726457595825195e+00,1.941431274414062500e+03
5.800000190734863281e+00,1.139323472976684570e+00,1.941500000000000000e+03
5.800000190734863281e+00,1.139064073562622070e+00,1.941568725585937500e+03
5.800000190734863281e+00,1.138285398483276367e+00,1.941637573242187500e+03
5.800000190734863281e+00,1.136985063552856445e+00,1.941706542968750000e+03
5.800000190734863281e+00,1.135159015655517578e+00,1.941775756835937500e+03
5.800000190734863281e+00,1.132801771163940430e+00,1.941845336914062500e+03
5.800000190734863281e+00,1.129905939102172852e+00,1.941915283203125000e+03
5.800000190734863281e+00,1.126462936401367188e+00,1.941985839843750000e+03
5.800000190734863281e+00,1.122461795806884766e+00,1.942057006835937500e+03
5.800000190734863281e+00,1.117890119552612305e+00,1.942128784179687500e+03
5.800000190734863281e+00,1.112733125686645508e+00,1.942201416015625000e+03
5.800000190734863281e+00,1.106974601745605469e+00,1.942274902343750000e+03
5.800000190734863281e+00,1.100595355033874512e+00,1.942349365234375000e+03
5.800000190734863281e+00,1.093574523925781250e+00,1.942425048828125000e+03
5.800000190734863281e+00,1.085888266563415527e+00,1.942501831054687500e+03
5.800000190734863281e+00,1.077509999275207520e+00,1.942580078125000000e+03
5.800000190734863281e+00,1.068410396575927734e+00,1.942659790039062500e+03
5.800000190734863281e+00,1.058556795120239258e+00,1.942741210937500000e+03
5.800000190734863281e+00,1.047912836074829102e+00,1.942824340820312500e+03
5.800000190734863281e+00,1.036438465118408203e+00,1.942909423828125000e+03
5.800000190734863281e+00,1.024089097976684570e+00,1.942996582031250000e+03
5.800000190734863281e+00,1.010815501213073730e+00,1.943086181640625000e+03
5.800000190734863281e+00,9.965631961822509766e-01,1.943178222656250000e+03
5.800000190734863281e+00,9.812713861465454102e-01,1.943273071289062500e+03
5.800000190734863281e+00,9.648730754852294922e-01,1.943370849609375000e+03
5.800000190734863281e+00,9.472938776016235352e-01,1.943471923828125000e+03
5.800000190734863281e+00,9.284505844116210938e-01,1.943576660156250000e+03
5.800000190734863281e+00,9.082509279251098633e-01,1.943685180664062500e+03
5.800000190734863281e+00,8.865913152694702148e-01,1.943797851562500000e+03
5.800000190734863281e+00,8.633564710617065430e-01,1.943915283203125000e+03
5.800000190734863281e+00,8.384165763854980469e-01,1.944037719726562500e+03
5.800000190734863281e+00,8.116258382797241211e-01,1.944165771484375000e+03
5.800000667572021484e+00,7.828195095062255859e-01,1.944300048828125000e+03
5.800000190734863281e+00,7.518115043640136719e-01,1.944440917968750000e+03
5.800000190734863281e+00,7.183902263641357422e-01,1.944589355468750000e+03
5.800000190734863281e+00,6.823142766952514648e-01,1.944745971679687500e+03
5.800000190734863281e+00,6.433075666427612305e-01,1.944911865234375000e+03
5.800000190734863281e+00,6.010527610778808594e-01,1.945087890625000000e+03
5.800000190734863281e+00,5.551829338073730469e-01,1.945275390625000000e+03
5.800000190734863281e+00,5.052720308303833008e-01,1.945475708007812500e+03
5.800000190734863281e+00,4.508231878280639648e-01,1.945690551757812500e+03
5.800000190734863281e+00,3.912515640258789062e-01,1.945921630859375000e+03
5.800000190734863281e+00,3.258666992187500000e-01,1.946171508789062500e+03
5.800000190734863281e+00,2.538452148437500000e-01,1.946442749023437500e+03
5.760432720184326172e+00,2.000000476837158203e-01,1.946664428710937500e+03
5.632860183715820312e+00,2.000000476837158203e-01,1.946730590820312500e+03
5.503702163696289062e+00,2.000000476837158203e-01,1.946793579101562500e+03
5.373035907745361328e+00,2.000000476837158203e-01,1.946853515625000000e+03
5.240940093994140625e+00,2.000000476837158203e-01,1.946910156250000000e+03
5.107494354248046875e+00,2.000000476837158203e-01,1.946963500976562500e+03
4.972779273986816406e+00,2.000000476837158203e-01,1.947013549804687500e+03
4.836875915527343750e+00,2.000000476837158203e-01,1.947060302734375000e+03
4.699866294860839844e+00,2.000000476837158203e-01,1.947103759765625000e+03
4.561832427978515625e+00,2.000000476837158203e-01,1.947143676757812500e+03
4.422857761383056641e+00,2.000000476837158203e-01,1.947180419921875000e+03
4.283025741577148438e+00,2.000000476837158203e-01,1.947213623046875000e+03
4.142421245574951172e+00,2.000000476837158203e-01,1.947243286132812500e+03
4.001128673553466797e+00,2.000000476837158203e-01,1.947269653320312500e+03
3.859232902526855469e+00,2.000000476837158203e-01,1.947292480468750000e+03
3.716819763183593750e+00,2.000000476837158203e-01,1.947311767578125000e+03
3.573974609375000000e+00,2.000000476837158203e-01,1.947327636718750000e+03
3.430783748626708984e+00,2.000000476837158203e-01,1.947339965820312500e+03
3.287333488464355469e+00,2.000000476837158203e-01,1.947348754882812500e+03
3.143709897994995117e+00,2.000000476837158203e-01,1.947354125976562500e+03
3.000000000000000000e+00,2.000000476837158203e-01,1.947355834960937500e+03
2.856290102005004883e+00,2.000000476837158203e-01,1.947354125976562500e+03
2.712666511535644531e+00,2.000000476837158203e-01,1.947348754882812500e+03
2.569216251373291016e+00,2.000000476837158203e-01,1.947339965820312500e+03
2.426025390625000000e+00,2.000000476837158203e-01,1.947327636718750000e+03
2.283180236816406250e+00,2.000000476837158203e-01,1.947311767578125000e+03
2.140767097473144531e+00,2.000000476837158203e-01,1.947292480468750000e+03
1.998871326446533203e+00,2.000000476837158203e-01,1.947269653320312500e+03
1.857578635215759277e+00,2.000000476837158203e-01,1.947243286132812500e+03
1.716974020004272461e+00,2.000000476837158203e-01,1.947213623046875000e+03
1.577142357826232910e+00,2.000000476837158203e-01,1.947180419921875000e+03
1.438167691230773926e+00,2.000000476837158203e-01,1.947143676757812500e+03
1.300133943557739258e+00,2.000000476837158203e-01,1.947103759765625000e+03
1.163123965263366699e+00,2.000000476837158203e-01,1.947060302734375000e+03
1.027220487594604492e+00,2.000000476837158203e-01,1.947013549804687500e+03
8.925054073333740234e-01,2.000000476837158203e-01,1.946963500976562500e+03
7.590599060058593750e-01,2.000000476837158203e-01,1.946910156250000000e+03
6.269640922546386719e-01,2.000000476837158203e-01,1.946853515625000000e+03
4.962975978851318359e-01,2.000000476837158203e-01,1.946793579101562500e+03
3.671395778656005859e-01,2.000000476837158203e-01,1.946730590820312500e+03
2.395672798156738281e-01,2.000000476837158203e-01,1.946664428710937500e+03
2.000000476837158203e-01,2.538454532623291016e-01,1.946442749023437500e+03
1.999998092651367188e-01,3.258668184280395508e-01,1.946171508789062500e+03
1.999998092651367188e-01,3.912516832351684570e-01,1.945921630859375000e+03
2.000000476837158203e-01,4.508233070373535156e-01,1.945690551757812500e+03
1.999998092651367188e-01,5.052721500396728516e-01,1.945475708007812500e+03
2.000000476837158203e-01,5.551831722259521484e-01,1.945275390625000000e+03
2.000000476837158203e-01,6.010529994964599609e-01,1.945087890625000000e+03
2.000000476837158203e-01,6.433076858520507812e-01,1.944911865234375000e+03
2.000000476837158203e-01,6.823143959045410156e-01,1.944745971679687500e+03
2.000000476837158203e-01,7.183903455734252930e-01,1.944589355468750000e+03
2.000000476837158203e-01,7.518116235733032227e-01,1.944440917968750000e+03
1.999998092651367188e-01,7.828196287155151367e-01,1.944300048828125000e+03
2.000000476837158203e-01,8.116260766983032227e-01,1.944165771484375000e+03
1.999998092651367188e-01,8.384165763854980469e-01,1.944037719726562500e+03
2.000000476837158203e-01,8.633565902709960938e-01,1.943915283203125000e+03
1.999998092651367188e-01,8.865913152694702148e-01,1.943797851562500000e+03
2.000002861022949219e-01,9.082511663436889648e-01,1.943685180664062500e+03
1.999998092651367188e-01,9.284507036209106445e-01,1.943576660156250000e+03
2.000000476837158203e-01,9.472941160202026367e-01,1.943471923828125000e+03
2.000000476837158203e-01,9.648733139038085938e-01,1.943370849609375000e+03
2.000000476837158203e-01,9.812715053558349609e-01,1.943273071289062500e+03
2.000000476837158203e-01,9.965631961822509766e-01,1.943178222656250000e+03
2.000000476837158203e-01,1.010815620422363281e+00,1.943086181640625000e+03
1.999998092651367188e-01,1.024089217185974121e+00,1.942996582031250000e+03
2.000000476837158203e-01,1.036438584327697754e+00,1.942909423828125000e+03
2.000000476837158203e-01,1.047913074493408203e+00,1.942824340820312500e+03
1.999998092651367188e-01,1.058556914329528809e+00,1.942741210937500000e+03
2.000000476837158203e-01,1.068410634994506836e+00,1.942659790039062500e+03
2.000002861022949219e-01,1.077510118484497070e+00,1.942580078125000000e+03
2.000000476837158203e-01,1.085888385772705078e+00,1.942501831054687500e+03
1.999998092651367188e-01,1.093574523925781250e+00,1.942425048828125000e+03
2.000000476837158203e-01,1.100595474243164062e+00,1.942349365234375000e+03
2.000000476837158203e-01,1.106974720954895020e+00,1.942274902343750000e+03
1.999998092651367188e-01,1.112733244895935059e+00,1.942201416015625000e+03
2.000000476837158203e-01,1.117890119552612305e+00,1.942128784179687500e+03
1.999998092651367188e-01,1.122461795806884766e+00,1.942057006835937500e+03
2.000000476837158203e-01,1.126462936401367188e+00,1.941985839843750000e+03
2.000000476837158203e-01,1.129906177520751953e+00,1.941915283203125000e+03
2.000000476837158203e-01,1.132801771163940430e+00,1.941845336914062500e+03
2.000002861022949219e-01,1.135159254074096680e+00,1.941775756835937500e+03
2.000000476837158203e-01,1.136985182762145996e+00,1.941706542968750000e+03
2.000000476837158203e-01,1.138285636901855469e+00,1.941637573242187500e+03
2.000000476837158203e-01,1.139064311981201172e+00,1.941568725585937500e+03
2.000000476837158203e-01,1.139323472976684570e+00,1.941500000000000000e+03
2.000000476837158203e-01,1.139064311981201172e+00,1.941431274414062500e+03
2.000000476837158203e-01,1.138285636901855469e+00,1.941362426757812500e+03
2.000000476837158203e-01,1.136985182762145996e+00,1.941293457031250000e+03
2.000002861022949219e-01,1.135159254074096680e+00,1.941224243164062500e+03
2.000000476837158203e-01,1.132801771163940430e+00,1.941154663085937500e+03
2.000000476837158203e-01,1.129906177520751953e+00,1.941084716796875000e+03
2.000000476837158203e-01,1.126462936401367188e+00,1.941014160156250000e+03
1.999998092651367188e-01,1.122461795806884766e+00,1.940942993164062500e+03
2.000000476837158203e-01,1.117890119552612305e+00,1.940871215820312500e+03
1.999998092651367188e-01,1.112733244895935059e+00,1.940798583984375000e+03
2.000000476837158203e-01,1.106974720954895020e+00,1.940725097656250000e+03
2.000000476837158203e-01,1.100595474243164062e+00,1.940650634765625000e+03
1.999998092651367188e-01,1.093574523925781250e+00,1.940574951171875000e+03
2.000000476837158203e-01,1.085888385772705078e+00,1.940498168945312500e+03
2.000002861022949219e-01,1.077510118484497070e+00,1.940419921875000000e+03
2.000000476837158203e-01,1.068410634994506836e+00,1.940340209960937500e+03
1.999998092651367188e-01,1.058556914329528809e+00,1.940258789062500000e+03
2.000000476837158203e-01,1.047913074493408203e+00,1.940175659179687500e+03
2.000000476837158203e-01,1.036438584327697754e+00,1.940090576171875000e+03
1.999998092651367188e-01,1.024089217185974121e+00,1.940003417968750000e+03
2.000000476837158203e-01,1.010815620422363281e+00,1.939913818359375000e+03
2.000000476837158203e-01,9.965631961822509766e-01,1.939821777343750000e+03
2.000000476837158203e-01,9.812715053558349609e-01,1.939726928710937500e+03
2.000000476837158203e-01,9.648733139038085938e-01,1.939629150390625000e+03
2.000000476837158203e-01,9.472941160202026367e-01,1.939528076171875000e+03
1.999998092651367188e-01,9.284507036209106445e-01,1.939423339843750000e+03
2.000002861022949219e-01,9.082511663436889648e-01,1.939314819335937500e+03
1.999998092651367188e-01,8.865913152694702148e-01,1.939202148437500000e+03
2.000000476837158203e-01,8.633565902709960938e-01,1.939084716796875000e+03
1.999998092651367188e-01,8.384165763854980469e-01,1.938962280273437500e+03
2.000000476837158203e-01,8.116260766983032227e-01,1.938834228515625000e+03
1.999998092651367188e-01,7.828196287155151367e-01,1.938699951171875000e+03
2.000000476837158203e-01,7.518116235733032227e-01,1.938559082031250000e+03
2.000000476837158203e-01,7.183903455734252930e-01,1.938410644531250000e+03
2.000000476837158203e-01,6.823143959045410156e-01,1.938254028320312500e+03
2.000000476837158203e-01,6.433076858520507812e-01,1.938088134765625000e+03
2.000000476837158203e-01,6.010529994964599609e-01,1.937912109375000000e+03
2.000000476837158203e-01,5.551831722259521484e-01,1.937724609375000000e+03
1.999998092651367188e-01,5.052721500396728516e-01,1.937524291992187500e+03
2.000000476837158203e-01,4.508233070373535156e-01,1.937309448242187500e+03
1.999998092651367188e-01,3.912516832351684570e-01,1.937078369140625000e+03
1.999998092651367188e-01,3.258668184280395508e-01,1.936828491210937500e+03
2.000000476837158203e-01,2.538454532623291016e-01,1.936557250976562500e+03
2.395672798156738281e-01,2.000000476837158203e-01,1.936335571289062500e+03
3.671395778656005859e-01,2.000000476837158203e-01,1.936269409179687500e+03
4.962975978851318359e-01,2.000000476837158203e-01,1.936206420898437500e+03
6.269640922546386719e-01,2.000000476837158203e-01,1.936146484375000000e+03
7.590599060058593750e-01,2.000000476837158203e-01,1.936089843750000000e+03
8.925054073333740234e-01,2.000000476837158203e-01,1.936036499023437500e+03
1.027220487594604492e+00,2.000000476837158203e-01,1.935986450195312500e+03
1.163123965263366699e+00,2.000000476837158203e-01,1.935939697265625000e+03
1.300133943557739258e+00,2.000000476837158203e-01,1.935896240234375000e+03
1.438167691230773926e+00,2.000000476837158203e-01,1.935856323242187500e+03
1.577142357826232910e+00,2.000000476837158203e-01,1.935819580078125000e+03
1.716974020004272461e+00,2.000000476837158203e-01,1.935786376953125000e+03
1.857578635215759277e+00,2.000000476837158203e-01,1.935756713867187500e+03
1.998871326446533203e+00,2.000000476837158203e-01,1.935730346679687500e+03
2.140767097473144531e+00,2.000000476837158203e-01,1.935707519531250000e+03
2.283180236816406250e+00,2.000000476837158203e-01,1.935688232421875000e+03
2.426025390625000000e+00,2.000000476837158203e-01,1.935672363281250000e+03
2.569216251373291016e+00,2.000000476837158203e-01,1.935660034179687500e+03
2.712666511535644531e+00,2.000000476837158203e-01,1.935651245117187500e+03
2.856290102005004883e+00,2.000000476837158203e-01,1.935645874023437500e+03
3.000000000000000000e+00,2.000000476837158203e-01,1.935644165039062500e+03
3.143709897994995117e+00,2.000000476837158203e-01,1.935645874023437500e+03
3.287333488464355469e+00,2.000000476837158203e-01,1.935651245117187500e+03
3.430783748626708984e+00,2.000000476837158203e-01,1.935660034179687500e+03
3.573974609375000000e+00,2.000000476837158203e-01,1.935672363281250000e+03
3.716819763183593750e+00,2.000000476837158203e-01,1.935688232421875000e+03
3.859232902526855469e+00,2.000000476837158203e-01,1.935707519531250000e+03
4.001128673553466797e+00,2.000000476837158203e-01,1.935730346679687500e+03
4.142421245574951172e+00,2.000000476837158203e-01,1.935756713867187500e+03
4.283025741577148438e+00,2.000000476837158203e-01,1.935786376953125000e+03
4.422857761383056641e+00,2.000000476837158203e-01,1.935819580078125000e+03
4.561832427978515625e+00,2.000000476837158203e-01,1.935856323242187500e+03
4.699866294860839844e+00,2.000000476837158203e-01,1.935896240234375000e+03
4.836875915527343750e+00,2.000000476837158203e-01,1.935939697265625000e+03
4.972779273986816406e+00,2.000000476837158203e-01,1.935986450195312500e+03
5.107494354248046875e+00,2.000000476837158203e-01,1.936036499023437500e+03
5.240940093994140625e+00,2.000000476837158203e-01,1.936089843750000000e+03
5.373035907745361328e+00,2.000000476837158203e-01,1.936146484375000000e+03
5.503702163696289062e+00,2.000000476837158203e-01,1.936206420898437500e+03
5.632860183715820312e+00,2.000000476837158203e-01,1.936269409179687500e+03
5.760432720184326172e+00,2.000000476837158203e-01,1.936335571289062500e+03
5.800000190734863281e+00,2.538452148437500000e-01,1.936557250976562500e+03
5.800000190734863281e+00,3.258666992187500000e-01,1.936828491210937500e+03
5.800000190734863281e+00,3.912515640258789062e-01,1.937078369140625000e+03
5.800000190734863281e+00,4.508231878280639648e-01,1.937309448242187500e+03
5.800000190734863281e+00,5.052720308303833008e-01,1.937524291992187500e+03
5.800000190734863281e+00,5.551829338073730469e-01,1.937724609375000000e+03
5.800000190734863281e+00,6.010527610778808594e-01,1.937912109375000000e+03
5.800000190734863281e+00,6.433075666427612305e-01,1.938088134765625000e+03
5.800000190734863281e+00,6.823142766952514648e-01,1.938254028320312500e+03
5.800000190734863281e+00,7.183902263641357422e-01,1.938410644531250000e+03
5.800000190734863281e+00,7.518115043640136719e-01,1.938559082031250000e+03
5.800000667572021484e+00,7.828195095062255859e-01,1.938699951171875000e+03
5.800000190734863281e+00,8.116258382797241211e-01,1.938834228515625000e+03
5.800000190734863281e+00,8.384165763854980469e-01,1.938962280273437500e+03
5.800000190734863281e+00,8.633564710617065430e-01,1.939084716796875000e+03
5.800000190734863281e+00,8.865913152694702148e-01,1.939202148437500000e+03
5.800000190734863281e+00,9.082509279251098633e-01,1.939314819335937500e+03
5.800000190734863281e+00,9.284505844116210938e-01,1.939423339843750000e+03
5.800000190734863281e+00,9.472938776016235352e-01,1.939528076171875000e+03
5.800000190734863281e+00,9.648730754852294922e-01,1.939629150390625000e+03
5.800000190734863281e+00,9.812713861465454102e-01,1.939726928710937500e+03
5.800000190734863281e+00,9.965631961822509766e-01,1.939821777343750000e+03
5.800000190734863281e+00,1.010815501213073730e+00,1.939913818359375000e+03
5.800000190734863281e+00,1.024089097976684570e+00,1.940003417968750000e+03
5.800000190734863281e+00,1.036438465118408203e+00,1.940090576171875000e+03
5.800000190734863281e+00,1.047912836074829102e+00,1.940175659179687500e+03
5.800000190734863281e+00,1.058556795120239258e+00,1.940258789062500000e+03
5.800000190734863281e+00,1.068410396575927734e+00,1.940340209960937500e+03
5.800000190734863281e+00,1.077509999275207520e+00,1.940419921875000000e+03
5.800000190734863281e+00,1.085888266563415527e+00,1.940498168945312500e+03
5.800000190734863281e+00,1.093574523925781250e+00,1.940574951171875000e+03
5.800000190734863281e+00,1.100595355033874512e+00,1.940650634765625000e+03
5.800000190734863281e+00,1.106974601745605469e+00,1.940725097656250000e+03
5.800000190734863281e+00,1.112733125686645508e+00,1.940798583984375000e+03
5.800000190734863281e+00,1.117890119552612305e+00,1.940871215820312500e+03
5.800000190734863281e+00,1.122461795806884766e+00,1.940942993164062500e+03
5.800000190734863281e+00,1.126462936401367188e+00,1.941014160156250000e+03
5.800000190734863281e+00,1.129905939102172852e+00,1.941084716796875000e+03
5.800000190734863281e+00,1.132801771163940430e+00,1.941154663085937500e+03
5.800000190734863281e+00,1.135159015655517578e+00,1.941224243164062500e+03
5.800000190734863281e+00,1.136985063552856445e+00,1.941293457031250000e+03
5.800000190734863281e+00,1.138285398483276367e+00,1.941362426757812500e+03
5.800000190734863281e+00,1.139064073562622070e+00,1.941431274414062500e+03
5.800000190734863281e+00,1.197945713996887207e+00,1.941500000000000000e+03
5.800000190734863281e+00,1.197704076766967773e+00,1.941568725585937500e+03
5.800000190734863281e+00,1.196978330612182617e+00,1.941637573242187500e+03
5.800000190734863281e+00,1.195766448974609375e+00,1.941706542968750000e+03
5.800000190734863281e+00,1.194064855575561523e+00,1.941775756835937500e+03
5.800000190734863281e+00,1.191868066787719727e+00,1.941845336914062500e+03
5.800000190734863281e+00,1.189169645309448242e+00,1.941915283203125000e+03
5.800000190734863281e+00,1.185961008071899414e+00,1.941985839843750000e+03
5.800000190734863281e+00,1.182232499122619629e+00,1.942057006835937500e+03
5.800000190734863281e+00,1.177972197532653809e+00,1.942128784179687500e+03
5.800000190734863281e+00,1.173166513442993164e+00,1.942201416015625000e+03
5.800000190734863281e+00,1.167800068855285645e+00,1.942274902343750000e+03
5.800000190734863281e+00,1.161855459213256836e+00,1.942349365234375000e+03
5.800000190734863281e+00,1.155312776565551758e+00,1.942425048828125000e+03
5.800000190734863281e+00,1.148149967193603516e+00,1.942501831054687500e+03
5.800000190734863281e+00,1.140342473983764648e+00,1.942580078125000000e+03
5.800000190734863281e+00,1.131862640380859375e+00,1.942659790039062500e+03
5.800000190734863281e+00,1.122680187225341797e+00,1.942741210937500000e+03
5.800000190734863281e+00,1.112761259078979492e+00,1.942824340820312500e+03
5.800000190734863281e+00,1.102068424224853516e+00,1.942909423828125000e+03
5.800000190734863281e+00,1.090560197830200195e+00,1.942996582031250000e+03
5.800000190734863281e+00,1.078190565109252930e+00,1.943086181640625000e+03
5.800000190734863281e+00,1.064908981323242188e+00,1.943178222656250000e+03
5.800000190734863281e+00,1.050658702850341797e+00,1.943273071289062500e+03
5.800000190734863281e+00,1.035377502441406250e+00,1.943370849609375000e+03
5.800000190734863281e+00,1.018995523452758789e+00,1.943471923828125000e+03
5.800000190734863281e+00,1.001435637474060059e+00,1.943576660156250000e+03
5.800000190734863281e+00,9.826118946075439453e-01,1.943685180664062500e+03
5.800000190734863281e+00,9.624274969100952148e-01,1.943797851562500000e+03
5.800000190734863281e+00,9.407753944396972656e-01,1.943915283203125000e+03
5.800000190734863281e+00,9.175341129302978516e-01,1.944037719726562500e+03
5.800000190734863281e+00,8.925681114196777344e-01,1.944165771484375000e+03
5.800000190734863281e+00,8.657238483428955078e-01,1.944300048828125000e+03
5.800000190734863281e+00,8.368279933929443359e-01,1.944440917968750000e+03
5.800000190734863281e+00,8.056828975677490234e-01,1.944589355468750000e+03
5.800000190734863281e+00,7.720643281936645508e-01,1.944745971679687500e+03
5.800000190734863281e+00,7.357144355773925781e-01,1.944911865234375000e+03
5.800000190734863281e+00,6.963374614715576172e-01,1.945087890625000000e+03
5.800000190734863281e+00,6.535918712615966797e-01,1.945275390625000000e+03
5.800000190734863281e+00,6.070805788040161133e-01,1.945475708007812500e+03
5.800000190734863281e+00,5.563402175903320312e-01,1.945690551757812500e+03
5.800000190734863281e+00,5.008263587951660156e-01,1.945921630859375000e+03
5.800000190734863281e+00,4.398949146270751953e-01,1.946171508789062500e+03
5.800000190734863281e+00,3.727790117263793945e-01,1.946442749023437500e+03
5.800000190734863281e+00,2.985576391220092773e-01,1.946738403320312500e+03
5.800000190734863281e+00,2.161163091659545898e-01,1.947062622070312500e+03
5.686698436737060547e+00,1.999999284744262695e-01,1.947180541992187500e+03
5.546481132507324219e+00,1.999999284744262695e-01,1.947244750976562500e+03
5.404730796813964844e+00,1.999999284744262695e-01,1.947305541992187500e+03
5.261531829833984375e+00,1.999999284744262695e-01,1.947362792968750000e+03
5.116970062255859375e+00,1.999999284744262695e-01,1.947416503906250000e+03
4.971133708953857422e+00,1.999999284744262695e-01,1.947466674804687500e+03
4.824109554290771484e+00,1.999999284744262695e-01,1.947513305664062500e+03
4.675986766815185547e+00,1.999999284744262695e-01,1.947556274414062500e+03
4.526854515075683594e+00,1.999999284744262695e-01,1.947595581054687500e+03
4.376802444458007812e+00,1.999999284744262695e-01,1.947631225585937500e+03
4.225921154022216797e+00,1.999999284744262695e-01,1.947663085937500000e+03
4.074301242828369141e+00,1.999999284744262695e-01,1.947691406250000000e+03
3.922034263610839844e+00,1.999999284744262695e-01,1.947715820312500000e+03
3.769212245941162109e+00,1.999999284744262695e-01,1.947736572265625000e+03
3.615926504135131836e+00,1.999999284744262695e-01,1.947753662109375000e+03
3.462269783020019531e+00,1.999999284744262695e-01,1.947766845703125000e+03
3.308334589004516602e+00,1.999999284744262695e-01,1.947776245117187500e+03
3.154213666915893555e+00,1.999999284744262695e-01,1.947781982421875000e+03
3.000000000000000000e+00,1.999999284744262695e-01,1.947783813476562500e+03
2.845786333084106445e+00,1.999999284744262695e-01,1.947781982421875000e+03
2.691665410995483398e+00,1.999999284744262695e-01,1.947776245117187500e+03
2.537730216979980469e+00,1.999999284744262695e-01,1.947766845703125000e+03
2.384073495864868164e+00,1.999999284744262695e-01,1.947753662109375000e+03
2.230787754058837891e+00,1.999999284744262695e-01,1.947736572265625000e+03
2.077965736389160156e+00,1.999999284744262695e-01,1.947715820312500000e+03
1.925698637962341309e+00,1.999999284744262695e-01,1.947691406250000000e+03
1.774078845977783203e+00,1.999999284744262695e-01,1.947663085937500000e+03
1.623197436332702637e+00,1.999999284744262695e-01,1.947631225585937500e+03
1.473145484924316406e+00,1.999999284744262695e-01,1.947595581054687500e+03
1.324013233184814453e+00,1.999999284744262695e-01,1.947556274414062500e+03
1.175890445709228516e+00,1.999999284744262695e-01,1.947513305664062500e+03
1.028866410255432129e+00,1.999999284744262695e-01,1.947466674804687500e+03
8.830299377441406250e-01,1.999999284744262695e-01,1.947416503906250000e+03
7.384684085845947266e-01,1.999999284744262695e-01,1.947362792968750000e+03
5.952689647674560547e-01,1.999999284744262695e-01,1.947305541992187500e+03
4.535186290740966797e-01,1.999999284744262695e-01,1.947244750976562500e+03
3.133015632629394531e-01,1.999999284744262695e-01,1.947180541992187500e+03
2.000000476837158203e-01,2.161165475845336914e-01,1.947062622070312500e+03
2.000000476837158203e-01,2.985578775405883789e-01,1.946738403320312500e+03
2.000000476837158203e-01,3.727791309356689453e-01,1.946442749023437500e+03
2.000002861022949219e-01,4.398951530456542969e-01,1.946171508789062500e+03
2.000000476837158203e-01,5.008264780044555664e-01,1.945921630859375000e+03
2.000000476837158203e-01,5.563405752182006836e-01,1.945690551757812500e+03
1.999998092651367188e-01,6.070806980133056641e-01,1.945475708007812500e+03
2.000000476837158203e-01,6.535921096801757812e-01,1.945275390625000000e+03
1.999998092651367188e-01,6.963375806808471680e-01,1.945087890625000000e+03
2.000000476837158203e-01,7.357145547866821289e-01,1.944911865234375000e+03
2.000002861022949219e-01,7.720644474029541016e-01,1.944745971679687500e+03
1.999998092651367188e-01,8.056830167770385742e-01,1.944589355468750000e+03
2.000002861022949219e-01,8.368281126022338867e-01,1.944440917968750000e+03
2.000000476837158203e-01,8.657240867614746094e-01,1.944300048828125000e+03
2.000000476837158203e-01,8.925682306289672852e-01,1.944165771484375000e+03
2.000000476837158203e-01,9.175342321395874023e-01,1.944037719726562500e+03
2.000002861022949219e-01,9.407755136489868164e-01,1.943915283203125000e+03
1.999998092651367188e-01,9.624276161193847656e-01,1.943797851562500000e+03
2.000000476837158203e-01,9.826120138168334961e-01,1.943685180664062500e+03
1.999998092651367188e-01,1.001435756683349609e+00,1.943576660156250000e+03
2.000000476837158203e-01,1.018995761871337891e+00,1.943471923828125000e+03
2.000000476837158203e-01,1.035377502441406250e+00,1.943370849609375000e+03
2.000000476837158203e-01,1.050658941268920898e+00,1.943273071289062500e+03
2.000000476837158203e-01,1.064908981323242188e+00,1.943178222656250000e+03
2.000000476837158203e-01,1.078190803527832031e+00,1.943086181640625000e+03
1.999998092651367188e-01,1.090560197830200195e+00,1.942996582031250000e+03
2.000000476837158203e-01,1.102068424224853516e+00,1.942909423828125000e+03
2.000000476837158203e-01,1.112761378288269043e+00,1.942824340820312500e+03
2.000000476837158203e-01,1.122680306434631348e+00,1.942741210937500000e+03
2.000000476837158203e-01,1.131862878799438477e+00,1.942659790039062500e+03
2.000000476837158203e-01,1.140342473983764648e+00,1.942580078125000000e+03
2.000000476837158203e-01,1.148149967193603516e+00,1.942501831054687500e+03
2.000000476837158203e-01,1.155312776565551758e+00,1.942425048828125000e+03
2.000000476837158203e-01,1.161855459213256836e+00,1.942349365234375000e+03
2.000000476837158203e-01,1.167800188064575195e+00,1.942274902343750000e+03
2.000000476837158203e-01,1.173166632652282715e+00,1.942201416015625000e+03
2.000000476837158203e-01,1.177972316741943359e+00,1.942128784179687500e+03
2.000000476837158203e-01,1.182232618331909180e+00,1.942057006835937500e+03
1.999998092651367188e-01,1.185961127281188965e+00,1.941985839843750000e+03
2.000002861022949219e-01,1.189169883728027344e+00,1.941915283203125000e+03
1.999998092651367188e-01,1.191868185997009277e+00,1.941845336914062500e+03
2.000000476837158203e-01,1.194064974784851074e+00,1.941775756835937500e+03
2.000000476837158203e-01,1.195766687393188477e+00,1.941706542968750000e+03
2.000000476837158203e-01,1.196978569030761719e+00,1.941637573242187500e+03
2.000000476837158203e-01,1.197704076766967773e+00,1.941568725585937500e+03
2.000000476837158203e-01,1.197945833206176758e+00,1.941500000000000000e+03
2.000000476837158203e-01,1.197704076766967773e+00,1.941431274414062500e+03
2.000000476837158203e-01,1.196978569030761719e+00,1.941362426757812500e+03
2.000000476837158203e-01,1.195766687393188477e+00,1.941293457031250000e+03
2.000000476837158203e-01,1.194064974784851074e+00,1.941224243164062500e+03
1.999998092651367188e-01,1.191868185997009277e+00,1.941154663085937500e+03
2.000002861022949219e-01,1.189169883728027344e+00,1.941084716796875000e+03
1.999998092651367188e-01,1.185961127281188965e+00,1.941014160156250000e+03
2.000000476837158203e-01,1.182232618331909180e+00,1.940942993164062500e+03
2.000000476837158203e-01,1.177972316741943359e+00,1.940871215820312500e+03
2.000000476837158203e-01,1.173166632652282715e+00,1.940798583984375000e+03
2.000000476837158203e-01,1.167800188064575195e+00,1.940725097656250000e+03
2.000000476837158203e-01,1.161855459213256836e+00,1.940650634765625000e+03
2.000000476837158203e-01,1.155312776565551758e+00,1.940574951171875000e+03
2.000000476837158203e-01,1.148149967193603516e+00,1.940498168945312500e+03
2.000000476837158203e-01,1.140342473983764648e+00,1.940419921875000000e+03
2.000000476837158203e-01,1.131862878799438477e+00,1.940340209960937500e+03
2.000000476837158203e-01,1.122680306434631348e+00,1.940258789062500000e+03
2.000000476837158203e-01,1.112761378288269043e+00,1.940175659179687500e+03
2.000000476837158203e-01,1.102068424224853516e+00,1.940090576171875000e+03
1.999998092651367188e-01,1.090560197830200195e+00,1.940003417968750000e+03
2.000000476837158203e-01,1.078190803527832031e+00,1.939913818359375000e+03
2.000000476837158203e-01,1.064908981323242188e+00,1.939821777343750000e+03
2.000000476837158203e-01,1.050658941268920898e+00,1.939726928710937500e+03
2.000000476837158203e-01,1.035377502441406250e+00,1.939629150390625000e+03
2.000000476837158203e-01,1.018995761871337891e+00,1.939528076171875000e+03
1.999998092651367188e-01,1.001435756683349609e+00,1.939423339843750000e+03
2.000000476837158203e-01,9.826120138168334961e-01,1.939314819335937500e+03
1.999998092651367188e-01,9.624276161193847656e-01,1.939202148437500000e+03
2.000002861022949219e-01,9.407755136489868164e-01,1.939084716796875000e+03
2.000000476837158203e-01,9.175342321395874023e-01,1.938962280273437500e+03
2.000000476837158203e-01,8.925682306289672852e-01,1.938834228515625000e+03
2.000000476837158203e-01,8.657240867614746094e-01,1.938699951171875000e+03
2.000002861022949219e-01,8.368281126022338867e-01,1.938559082031250000e+03
1.999998092651367188e-01,8.056830167770385742e-01,1.938410644531250000e+03
2.000002861022949219e-01,7.720644474029541016e-01,1.938254028320312500e+03
2.000000476837158203e-01,7.357145547866821289e-01,1.938088134765625000e+03
1.999998092651367188e-01,6.963375806808471680e-01,1.937912109375000000e+03
2.000000476837158203e-01,6.535921096801757812e-01,1.937724609375000000e+03
1.999998092651367188e-01,6.070806980133056641e-01,1.937524291992187500e+03
2.000000476837158203e-01,5.563405752182006836e-01,1.937309448242187500e+03
2.000000476837158203e-01,5.008264780044555664e-01,1.937078369140625000e+03
2.000002861022949219e-01,4.398951530456542969e-01,1.936828491210937500e+03
2.000000476837158203e-01,3.727791309356689453e-01,1.936557250976562500e+03
2.000000476837158203e-01,2.985578775405883789e-01,1.936261596679687500e+03
2.000000476837158203e-01,2.161165475845336914e-01,1.935937377929687500e+03
3.133015632629394531e-01,1.999999284744262695e-01,1.935819458007812500e+03
4.535186290740966797e-01,1.999999284744262695e-01,1.935755249023437500e+03
5.952689647674560547e-01,1.999999284744262695e-01,1.935694458007812500e+03
7.384684085845947266e-01,1.999999284744262695e-01,1.935637207031250000e+03
8.830299377441406250e-01,1.999999284744262695e-01,1.935583496093750000e+03
1.028866410255432129e+00,1.999999284744262695e-01,1.935533325195312500e+03
1.175890445709228516e+00,1.999999284744262695e-01,1.935486694335937500e+03
1.324013233184814453e+00,1.999999284744262695e-01,1.935443725585937500e+03
1.473145484924316406e+00,1.999999284744262695e-01,1.935404418945312500e+03
1.623197436332702637e+00,1.999999284744262695e-01,1.935368774414062500e+03
1.774078845977783203e+00,1.999999284744262695e-01,1.935336914062500000e+03
1.925698637962341309e+00,1.999999284744262695e-01,1.935308593750000000e+03
2.077965736389160156e+00,1.999999284744262695e-01,1.935284179687500000e+03
2.230787754058837891e+00,1.999999284744262695e-01,1.935263427734375000e+03
2.384073495864868164e+00,1.999999284744262695e-01,1.935246337890625000e+03
2.537730216979980469e+00,1.999999284744262695e-01,1.935233154296875000e+03
2.691665410995483398e+00,1.999999284744262695e-01,1.935223754882812500e+03
2.845786333084106445e+00,1.999999284744262695e-01,1.935218017578125000e+03
3.000000000000000000e+00,1.999999284744262695e-01,1.935216186523437500e+03
3.154213666915893555e+00,1.999999284744262695e-01,1.935218017578125000e+03
3.308334589004516602e+00,1.999999284744262695e-01,1.935223754882812500e+03
3.462269783020019531e+00,1.999999284744262695e-01,1.935233154296875000e+03
3.615926504135131836e+00,1.999999284744262695e-01,1.935246337890625000e+03
3.769212245941162109e+00,1.999999284744262695e-01,1.935263427734375000e+03
3.922034263610839844e+00,1.999999284744262695e-01,1.935284179687500000e+03
4.074301242828369141e+00,1.999999284744262695e-01,1.935308593750000000e+03
4.225921154022216797e+00,1.999999284744262695e-01,1.935336914062500000e+03
4.376802444458007812e+00,1.999999284744262695e-01,1.935368774414062500e+03
4.526854515075683594e+00,1.999999284744262695e-01,1.935404418945312500e+03
4.675986766815185547e+00,1.999999284744262695e-01,1.935443725585937500e+03
4.824109554290771484e+00,1.999999284744262695e-01,1.935486694335937500e+03
4.971133708953857422e+00,1.999999284744262695e-01,1.935533325195312500e+03
5.116970062255859375e+00,1.999999284744262695e-01,1.935583496093750000e+03
5.261531829833984375e+00,1.999999284744262695e-01,1.935637207031250000e+03
5.404730796813964844e+00,1.999999284744262695e-01,1.935694458007812500e+03
5.546481132507324219e+00,1.999999284744262695e-01,1.935755249023437500e+03
5.686698436737060547e+00,1.999999284744262695e-01,1.935819458007812500e+03
5.800000190734863281e+00,2.161163091659545898e-01,1.935937377929687500e+03
5.800000190734863281e+00,2.985576391220092773e-01,1.936261596679687500e+03
5.800000190734863281e+00,3.727790117263793945e-01,1.936557250976562500e+03
5.800000190734863281e+00,4.398949146270751953e-01,1.936828491210937500e+03
5.800000190734863281e+00,5.008263587951660156e-01,1.937078369140625000e+03
5.800000190734863281e+00,5.563402175903320312e-01,1.937309448242187500e+03
5.800000190734863281e+00,6.070805788040161133e-01,1.937524291992187500e+03
5.800000190734863281e+00,6.535918712615966797e-01,1.937724609375000000e+03
5.800000190734863281e+00,6.963374614715576172e-01,1.937912109375000000e+03
5.800000190734863281e+00,7.357144355773925781e-01,1.938088134765625000e+03
5.800000190734863281e+00,7.720643281936645508e-01,1.938254028320312500e+03
5.800000190734863281e+00,8.056828975677490234e-01,1.938410644531250000e+03
5.800000190734863281e+00,8.368279933929443359e-01,1.938559082031250000e+03
5.800000190734863281e+00,8.657238483428955078e-01,1.938699951171875000e+03
5.800000190734863281e+00,8.925681114196777344e-01,1.938834228515625000e+03
5.800000190734863281e+00,9.175341129302978516e-01,1.938962280273437500e+03
5.800000190734863281e+00,9.407753944396972656e-01,1.939084716796875000e+03
5.800000190734863281e+00,9.624274969100952148e-01,1.939202148437500000e+03
5.800000190734863281e+00,9.826118946075439453e-01,1.939314819335937500e+03
5.800000190734863281e+00,1.001435637474060059e+00,1.939423339843750000e+03
5.800000190734863281e+00,1.018995523452758789e+00,1.939528076171875000e+03
5.800000190734863281e+00,1.035377502441406250e+00,1.939629150390625000e+03
5.800000190734863281e+00,1.050658702850341797e+00,1.939726928710937500e+03
5.800000190734863281e+00,1.064908981323242188e+00,1.939821777343750000e+03
5.800000190734863281e+00,1.078190565109252930e+00,1.939913818359375000e+03
5.800000190734863281e+00,1.090560197830200195e+00,1.940003417968750000e+03
5.800000190734863281e+00,1.102068424224853516e+00,1.940090576171875000e+03
5.800000190734863281e+00,1.112761259078979492e+00,1.940175659179687500e+03
5.800000190734863281e+00,1.122680187225341797e+00,1.940258789062500000e+03
5.800000190734863281e+00,1.131862640380859375e+00,1.940340209960937500e+03
5.800000190734863281e+00,1.140342473983764648e+00,1.940419921875000000e+03
5.800000190734863281e+00,1.148149967193603516e+00,1.940498168945312500e+03
5.800000190734863281e+00,1.155312776565551758e+00,1.940574951171875000e+03
5.800000190734863281e+00,1.161855459213256836e+00,1.940650634765625000e+03
5.800000190734863281e+00,1.167800068855285645e+00,1.940725097656250000e+03
5.800000190734863281e+00,1.173166513442993164e+00,1.940798583984375000e+03
5.800000190734863281e+00,1.177972197532653809e+00,1.940871215820312500e+03
5.800000190734863281e+00,1.182232499122619629e+00,1.940942993164062500e+03
5.800000190734863281e+00,1.185961008071899414e+00,1.941014160156250000e+03
5.800000190734863281e+00,1.189169645309448242e+00,1.941084716796875000e+03
5.800000190734863281e+00,1.191868066787719727e+00,1.941154663085937500e+03
5.800000190734863281e+00,1.194064855575561523e+00,1.941224243164062500e+03
5.800000190734863281e+00,1.195766448974609375e+00,1.941293457031250000e+03
5.800000190734863281e+00,1.196978330612182617e+00,1.941362426757812500e+03
5.800000190734863281e+00,1.197704076766967773e+00,1.941431274414062500e+03
5.800000190734863281e+00,1.255925178527832031e+00,1.941500000000000000e+03
5.800000190734863281e+00,1.255700945854187012e+00,1.941568725585937500e+03
5.800000190734863281e+00,1.255027770996093750e+00,1.941637573242187500e+03
5.800000190734863281e+00,1.253903508186340332e+00,1.941706542968750000e+03
5.800000190734863281e+00,1.252324819564819336e+00,1.941775756835937500e+03
5.800000190734863281e+00,1.250287055969238281e+00,1.941845336914062500e+03
5.800000190734863281e+00,1.247783660888671875e+00,1.941915283203125000e+03
5.800000667572021484e+00,1.244806766510009766e+00,1.941985839843750000e+03
5.800000190734863281e+00,1.241347908973693848e+00,1.942057006835937500e+03
5.800000190734863281e+00,1.237395524978637695e+00,1.942128784179687500e+03
5.800000190734863281e+00,1.232937216758728027e+00,1.942201416015625000e+03
5.800000190734863281e+00,1.227958679199218750e+00,1.942274902343750000e+03
5.800000190734863281e+00,1.222443819046020508e+00,1.942349365234375000e+03
5.800000190734863281e+00,1.216374158859252930e+00,1.942425048828125000e+03
5.800000190734863281e+00,1.209729194641113281e+00,1.942501831054687500e+03
5.800000190734863281e+00,1.202485918998718262e+00,1.942580078125000000e+03
5.800000190734863281e+00,1.194619178771972656e+00,1.942659790039062500e+03
5.800000190734863281e+00,1.186100482940673828e+00,1.942741210937500000e+03
5.800000190734863281e+00,1.176898717880249023e+00,1.942824340820312500e+03
5.800000190734863281e+00,1.166978597640991211e+00,1.942909423828125000e+03
5.800000190734863281e+00,1.156302452087402344e+00,1.942996582031250000e+03
5.800000190734863281e+00,1.144827127456665039e+00,1.943086181640625000e+03
5.800000190734863281e+00,1.132505416870117188e+00,1.943178222656250000e+03
5.800000190734863281e+00,1.119285345077514648e+00,1.943273071289062500e+03
5.800000190734863281e+00,1.105108737945556641e+00,1.943370849609375000e+03
5.800000190734863281e+00,1.089911222457885742e+00,1.943471923828125000e+03
5.800000190734863281e+00,1.073620676994323730e+00,1.943576660156250000e+03
5.800000190734863281e+00,1.056157588958740234e+00,1.943685180664062500e+03
5.800000667572021484e+00,1.037432193756103516e+00,1.943797851562500000e+03
5.800000190734863281e+00,1.017345309257507324e+00,1.943915283203125000e+03
5.800000190734863281e+00,9.957841634750366211e-01,1.944037719726562500e+03
5.800000190734863281e+00,9.726229906082153320e-01,1.944165771484375000e+03
5.800000190734863281e+00,9.477192163467407227e-01,1.944300048828125000e+03
5.800000190734863281e+00,9.209121465682983398e-01,1.944440917968750000e+03
5.800000190734863281e+00,8.920184373855590820e-01,1.944589355468750000e+03
5.800000190734863281e+00,8.608299493789672852e-01,1.944745971679687500e+03
5.800000190734863281e+00,8.271079063415527344e-01,1.944911865234375000e+03
5.800000190734863281e+00,7.905775308609008789e-01,1.945087890625000000e+03
5.800000190734863281e+00,7.509219646453857422e-01,1.945275390625000000e+03
5.800000190734863281e+00,7.077730894088745117e-01,1.945475708007812500e+03
5.800000190734863281e+00,6.607005596160888672e-01,1.945690551757812500e+03
5.800000190734863281e+00,6.091997623443603516e-01,1.945921630859375000e+03
5.800000190734863281e+00,5.526728630065917969e-01,1.946171508789062500e+03
5.800000190734863281e+00,4.904087781906127930e-01,1.946442749023437500e+03
5.800000190734863281e+00,4.215528964996337891e-01,1.946738403320312500e+03
5.800000190734863281e+00,3.450709581375122070e-01,1.947062622070312500e+03
5.800000190734863281e+00,2.596982717514038086e-01,1.947420043945312500e+03
5.744907379150390625e+00,2.000000476837158203e-01,1.947692382812500000e+03
5.592111110687255859e+00,2.000000476837158203e-01,1.947757934570312500e+03
5.437753677368164062e+00,2.000000476837158203e-01,1.947819580078125000e+03
5.281927585601806641e+00,2.000000476837158203e-01,1.947877563476562500e+03
5.124727249145507812e+00,2.000000476837158203e-01,1.947931640625000000e+03
4.966246604919433594e+00,2.000000476837158203e-01,1.947981811523437500e+03
4.806581974029541016e+00,2.000000476837158203e-01,1.948028198242187500e+03
4.645829200744628906e+00,2.000000476837158203e-01,1.948070556640625000e+03
4.484085083007812500e+00,2.000000476837158203e-01,1.948108886718750000e+03
4.321446418762207031e+00,2.000000476837158203e-01,1.948143310546875000e+03
4.158012390136718750e+00,2.000000476837158203e-01,1.948173828125000000e+03
3.993880748748779297e+00,2.000000476837158203e-01,1.948200195312500000e+03
3.829150199890136719e+00,2.000000476837158203e-01,1.948222534179687500e+03
3.663920402526855469e+00,2.000000476837158203e-01,1.948240844726562500e+03
3.498290538787841797e+00,2.000000476837158203e-01,1.948255126953125000e+03
3.332360506057739258e+00,2.000000476837158203e-01,1.948265380859375000e+03
3.166230201721191406e+00,2.000000476837158203e-01,1.948271484375000000e+03
3.000000000000000000e+00,2.000000476837158203e-01,1.948273559570312500e+03
2.833769798278808594e+00,2.000000476837158203e-01,1.948271484375000000e+03
2.667639493942260742e+00,2.000000476837158203e-01,1.948265380859375000e+03
2.501709461212158203e+00,2.000000476837158203e-01,1.948255126953125000e+03
2.336079597473144531e+00,2.000000476837158203e-01,1.948240844726562500e+03
2.170849800109863281e+00,2.000000476837158203e-01,1.948222534179687500e+03
2.006119251251220703e+00,2.000000476837158203e-01,1.948200195312500000e+03
1.841987490653991699e+00,2.000000476837158203e-01,1.948173828125000000e+03
1.678553342819213867e+00,2.000000476837158203e-01,1.948143310546875000e+03
1.515915036201477051e+00,2.000000476837158203e-01,1.948108886718750000e+03
1.354170680046081543e+00,2.000000476837158203e-01,1.948070556640625000e+03
1.193417906761169434e+00,2.000000476837158203e-01,1.948028198242187500e+03
1.033753156661987305e+00,2.000000476837158203e-01,1.947981811523437500e+03
8.752727508544921875e-01,2.000000476837158203e-01,1.947931640625000000e+03
7.180724143981933594e-01,2.000000476837158203e-01,1.947877563476562500e+03
5.622465610504150391e-01,2.000000476837158203e-01,1.947819580078125000e+03
4.078888893127441406e-01,2.000000476837158203e-01,1.947757934570312500e+03
2.550928592681884766e-01,2.000000476837158203e-01,1.947692382812500000e+03
2.000000476837158203e-01,2.596985101699829102e-01,1.947420043945312500e+03
2.000000476837158203e-01,3.450711965560913086e-01,1.947062622070312500e+03
2.000000476837158203e-01,4.215530157089233398e-01,1.946738403320312500e+03
2.000002861022949219e-01,4.904090166091918945e-01,1.946442749023437500e+03
2.000000476837158203e-01,5.526729822158813477e-01,1.946171508789062500e+03
2.000002861022949219e-01,6.092000007629394531e-01,1.945921630859375000e+03
1.999998092651367188e-01,6.607006788253784180e-01,1.945690551757812500e+03
2.000000476837158203e-01,7.077732086181640625e-01,1.945475708007812500e+03
1.999998092651367188e-01,7.509220838546752930e-01,1.945275390625000000e+03
2.000000476837158203e-01,7.905777692794799805e-01,1.945087890625000000e+03
2.000002861022949219e-01,8.271080255508422852e-01,1.944911865234375000e+03
1.999998092651367188e-01,8.608300685882568359e-01,1.944745971679687500e+03
2.000000476837158203e-01,8.920186758041381836e-01,1.944589355468750000e+03
1.999998092651367188e-01,9.209122657775878906e-01,1.944440917968750000e+03
2.000000476837158203e-01,9.477193355560302734e-01,1.944300048828125000e+03
2.000000476837158203e-01,9.726231098175048828e-01,1.944165771484375000e+03
2.000000476837158203e-01,9.957842826843261719e-01,1.944037719726562500e+03
2.000000476837158203e-01,1.017345428466796875e+00,1.943915283203125000e+03
1.999998092651367188e-01,1.037432312965393066e+00,1.943797851562500000e+03
2.000000476837158203e-01,1.056157588958740234e+00,1.943685180664062500e+03
2.000000476837158203e-01,1.073620796203613281e+00,1.943576660156250000e+03
2.000000476837158203e-01,1.089911222457885742e+00,1.943471923828125000e+03
2.000000476837158203e-01,1.105108857154846191e+00,1.943370849609375000e+03
1.999998092651367188e-01,1.119285464286804199e+00,1.943273071289062500e+03
1.999998092651367188e-01,1.132505655288696289e+00,1.943178222656250000e+03
2.000002861022949219e-01,1.144827127456665039e+00,1.943086181640625000e+03
2.000000476837158203e-01,1.156302452087402344e+00,1.942996582031250000e+03
2.000000476837158203e-01,1.166978836059570312e+00,1.942909423828125000e+03
2.000000476837158203e-01,1.176898717880249023e+00,1.942824340820312500e+03
2.000000476837158203e-01,1.186100602149963379e+00,1.942741210937500000e+03
1.999998092651367188e-01,1.194619178771972656e+00,1.942659790039062500e+03
2.000000476837158203e-01,1.202486038208007812e+00,1.942580078125000000e+03
2.000002861022949219e-01,1.209729194641113281e+00,1.942501831054687500e+03
2.000000476837158203e-01,1.216374158859252930e+00,1.942425048828125000e+03
1.999998092651367188e-01,1.222443819046020508e+00,1.942349365234375000e+03
2.000000476837158203e-01,1.227958917617797852e+00,1.942274902343750000e+03
2.000002861022949219e-01,1.232937335968017578e+00,1.942201416015625000e+03
2.000000476837158203e-01,1.237395524978637695e+00,1.942128784179687500e+03
2.000000476837158203e-01,1.241348028182983398e+00,1.942057006835937500e+03
1.999998092651367188e-01,1.244807004928588867e+00,1.941985839843750000e+03
2.000002861022949219e-01,1.247783660888671875e+00,1.941915283203125000e+03
2.000000476837158203e-01,1.250287055969238281e+00,1.941845336914062500e+03
2.000000476837158203e-01,1.252324938774108887e+00,1.941775756835937500e+03
1.999998092651367188e-01,1.253903627395629883e+00,1.941706542968750000e+03
1.999998092651367188e-01,1.255027770996093750e+00,1.941637573242187500e+03
1.999998092651367188e-01,1.255701065063476562e+00,1.941568725585937500e+03
1.999998092651367188e-01,1.255925178527832031e+00,1.941500000000000000e+03
1.999998092651367188e-01,1.255701065063476562e+00,1.941431274414062500e+03
1.999998092651367188e-01,1.255027770996093750e+00,1.941362426757812500e+03
1.999998092651367188e-01,1.253903627395629883e+00,1.941293457031250000e+03
2.000000476837158203e-01,1.252324938774108887e+00,1.941224243164062500e+03
2.000000476837158203e-01,1.250287055969238281e+00,1.941154663085937500e+03
2.000002861022949219e-01,1.247783660888671875e+00,1.941084716796875000e+03
1.999998092651367188e-01,1.244807004928588867e+00,1.941014160156250000e+03
2.000000476837158203e-01,1.241348028182983398e+00,1.940942993164062500e+03
2.000000476837158203e-01,1.237395524978637695e+00,1.940871215820312500e+03
2.000002861022949219e-01,1.232937335968017578e+00,1.940798583984375000e+03
2.000000476837158203e-01,1.227958917617797852e+00,1.940725097656250000e+03
1.999998092651367188e-01,1.222443819046020508e+00,1.940650634765625000e+03
2.000000476837158203e-01,1.216374158859252930e+00,1.940574951171875000e+03
2.000002861022949219e-01,1.209729194641113281e+00,1.940498168945312500e+03
2.000000476837158203e-01,1.202486038208007812e+00,1.940419921875000000e+03
1.999998092651367188e-01,1.194619178771972656e+00,1.940340209960937500e+03
2.000000476837158203e-01,1.186100602149963379e+00,1.940258789062500000e+03
2.000000476837158203e-01,1.176898717880249023e+00,1.940175659179687500e+03
2.000000476837158203e-01,1.166978836059570312e+00,1.940090576171875000e+03
2.000000476837158203e-01,1.156302452087402344e+00,1.940003417968750000e+03
2.000002861022949219e-01,1.144827127456665039e+00,1.939913818359375000e+03
1.999998092651367188e-01,1.132505655288696289e+00,1.939821777343750000e+03
1.999998092651367188e-01,1.119285464286804199e+00,1.939726928710937500e+03
2.000000476837158203e-01,1.105108857154846191e+00,1.939629150390625000e+03
2.000000476837158203e-01,1.089911222457885742e+00,1.939528076171875000e+03
2.000000476837158203e-01,1.073620796203613281e+00,1.939423339843750000e+03
2.000000476837158203e-01,1.056157588958740234e+00,1.939314819335937500e+03
1.999998092651367188e-01,1.037432312965393066e+00,1.939202148437500000e+03
2.000000476837158203e-01,1.017345428466796875e+00,1.939084716796875000e+03
2.000000476837158203e-01,9.957842826843261719e-01,1.938962280273437500e+03
2.000000476837158203e-01,9.726231098175048828e-01,1.938834228515625000e+03
2.000000476837158203e-01,9.477193355560302734e-01,1.938699951171875000e+03
1.999998092651367188e-01,9.209122657775878906e-01,1.938559082031250000e+03
2.000000476837158203e-01,8.920186758041381836e-01,1.938410644531250000e+03
1.999998092651367188e-01,8.608300685882568359e-01,1.938254028320312500e+03
2.000002861022949219e-01,8.271080255508422852e-01,1.938088134765625000e+03
2.000000476837158203e-01,7.905777692794799805e-01,1.937912109375000000e+03
1.999998092651367188e-01,7.509220838546752930e-01,1.937724609375000000e+03
2.000000476837158203e-01,7.077732086181640625e-01,1.937524291992187500e+03
1.999998092651367188e-01,6.607006788253784180e-01,1.937309448242187500e+03
2.000002861022949219e-01,6.092000007629394531e-01,1.937078369140625000e+03
2.000000476837158203e-01,5.526729822158813477e-01,1.936828491210937500e+03
2.000002861022949219e-01,4.904090166091918945e-01,1.936557250976562500e+03
2.000000476837158203e-01,4.215530157089233398e-01,1.936261596679687500e+03
2.000000476837158203e-01,3.450711965560913086e-01,1.935937377929687500e+03
2.000000476837158203e-01,2.596985101699829102e-01,1.935579956054687500e+03
2.550928592681884766e-01,2.000000476837158203e-01,1.935307617187500000e+03
4.078888893127441406e-01,2.000000476837158203e-01,1.935242065429687500e+03
5.622465610504150391e-01,2.000000476837158203e-01,1.935180419921875000e+03
7.180724143981933594e-01,2.000000476837158203e-01,1.935122436523437500e+03
8.752727508544921875e-01,2.000000476837158203e-01,1.935068359375000000e+03
1.033753156661987305e+00,2.000000476837158203e-01,1.935018188476562500e+03
1.193417906761169434e+00,2.000000476837158203e-01,1.934971801757812500e+03
1.354170680046081543e+00,2.000000476837158203e-01,1.934929443359375000e+03
1.515915036201477051e+00,2.000000476837158203e-01,1.934891113281250000e+03
1.678553342819213867e+00,2.000000476837158203e-01,1.934856689453125000e+03
1.841987490653991699e+00,2.000000476837158203e-01,1.934826171875000000e+03
2.006119251251220703e+00,2.000000476837158203e-01,1.934799804687500000e+03
2.170849800109863281e+00,2.000000476837158203e-01,1.934777465820312500e+03
2.336079597473144531e+00,2.000000476837158203e-01,1.934759155273437500e+03
2.501709461212158203e+00,2.000000476837158203e-01,1.934744873046875000e+03
2.667639493942260742e+00,2.000000476837158203e-01,1.934734619140625000e+03
2.833769798278808594e+00,2.000000476837158203e-01,1.934728515625000000e+03
3.000000000000000000e+00,2.000000476837158203e-01,1.934726440429687500e+03
3.166230201721191406e+00,2.000000476837158203e-01,1.934728515625000000e+03
3.332360506057739258e+00,2.000000476837158203e-01,1.934734619140625000e+03
3.498290538787841797e+00,2.000000476837158203e-01,1.934744873046875000e+03
3.663920402526855469e+00,2.000000476837158203e-01,1.934759155273437500e+03
3.829150199890136719e+00,2.000000476837158203e-01,1.934777465820312500e+03
3.993880748748779297e+00,2.000000476837158203e-01,1.934799804687500000e+03
4.158012390136718750e+00,2.000000476837158203e-01,1.934826171875000000e+03
4.321446418762207031e+00,2.000000476837158203e-01,1.934856689453125000e+03
4.484085083007812500e+00,2.000000476837158203e-01,1.934891113281250000e+03
4.645829200744628906e+00,2.000000476837158203e-01,1.934929443359375000e+03
4.806581974029541016e+00,2.000000476837158203e-01,1.934971801757812500e+03
4.966246604919433594e+00,2.000000476837158203e-01,1.935018188476562500e+03
5.124727249145507812e+00,2.000000476837158203e-01,1.935068359375000000e+03
5.281927585601806641e+00,2.000000476837158203e-01,1.935122436523437500e+03
5.437753677368164062e+00,2.000000476837158203e-01,1.935180419921875000e+03
5.592111110687255859e+00,2.000000476837158203e-01,1.935242065429687500e+03
5.744907379150390625e+00,2.000000476837158203e-01,1.935307617187500000e+03
5.800000190734863281e+00,2.596982717514038086e-01,1.935579956054687500e+03
5.800000190734863281e+00,3.450709581375122070e-01,1.935937377929687500e+03
5.800000190734863281e+00,4.215528964996337891e-01,1.936261596679687500e+03
5.800000190734863281e+00,4.904087781906127930e-01,1.936557250976562500e+03
5.800000190734863281e+00,5.526728630065917969e-01,1.936828491210937500e+03
5.800000190734863281e+00,6.091997623443603516e-01,1.937078369140625000e+03
5.800000190734863281e+00,6.607005596160888672e-01,1.937309448242187500e+03
5.800000190734863281e+00,7.077730894088745117e-01,1.937524291992187500e+03
5.800000190734863281e+00,7.509219646453857422e-01,1.937724609375000000e+03
5.800000190734863281e+00,7.905775308609008789e-01,1.937912109375000000e+03
5.800000190734863281e+00,8.271079063415527344e-01,1.938088134765625000e+03
5.800000190734863281e+00,8.608299493789672852e-01,1.938254028320312500e+03
5.800000190734863281e+00,8.920184373855590820e-01,1.938410644531250000e+03
5.800000190734863281e+00,9.209121465682983398e-01,1.938559082031250000e+03
5.800000190734863281e+00,9.477192163467407227e-01,1.938699951171875000e+03
5.800000190734863281e+00,9.726229906082153320e-01,1.938834228515625000e+03
5.800000190734863281e+00,9.957841634750366211e-01,1.938962280273437500e+03
5.800000190734863281e+00,1.017345309257507324e+00,1.939084716796875000e+03
5.800000667572021484e+00,1.037432193756103516e+00,1.939202148437500000e+03
5.800000190734863281e+00,1.056157588958740234e+00,1.939314819335937500e+03
5.800000190734863281e+00,1.073620676994323730e+00,1.939423339843750000e+03
5.800000190734863281e+00,1.089911222457885742e+00,1.939528076171875000e+03
5.800000190734863281e+00,1.105108737945556641e+00,1.939629150390625000e+03
5.800000190734863281e+00,1.119285345077514648e+00,1.939726928710937500e+03
5.800000190734863281e+00,1.132505416870117188e+00,1.939821777343750000e+03
5.800000190734863281e+00,1.144827127456665039e+00,1.939913818359375000e+03
5.800000190734863281e+00,1.156302452087402344e+00,1.940003417968750000e+03
5.800000190734863281e+00,1.166978597640991211e+00,1.940090576171875000e+03
5.800000190734863281e+00,1.176898717880249023e+00,1.940175659179687500e+03
5.800000190734863281e+00,1.186100482940673828e+00,1.940258789062500000e+03
5.800000190734863281e+00,1.194619178771972656e+00,1.940340209960937500e+03
5.800000190734863281e+00,1.202485918998718262e+00,1.940419921875000000e+03
5.800000190734863281e+00,1.209729194641113281e+00,1.940498168945312500e+03
5.800000190734863281e+00,1.216374158859252930e+00,1.940574951171875000e+03
5.800000190734863281e+00,1.222443819046020508e+00,1.940650634765625000e+03
5.800000190734863281e+00,1.227958679199218750e+00,1.940725097656250000e+03
5.800000190734863281e+00,1.232937216758728027e+00,1.940798583984375000e+03
5.800000190734863281e+00,1.237395524978637695e+00,1.940871215820312500e+03
5.800000190734863281e+00,1.241347908973693848e+00,1.940942993164062500e+03
5.800000667572021484e+00,1.244806766510009766e+00,1.941014160156250000e+03
5.800000190734863281e+00,1.247783660888671875e+00,1.941084716796875000e+03
5.800000190734863281e+00,1.250287055969238281e+00,1.941154663085937500e+03
5.800000190734863281e+00,1.252324819564819336e+00,1.941224243164062500e+03
5.800000190734863281e+00,1.253903508186340332e+00,1.941293457031250000e+03
5.800000190734863281e+00,1.255027770996093750e+00,1.941362426757812500e+03
5.800000190734863281e+00,1.255700945854187012e+00,1.941431274414062500e+03
5.800000190734863281e+00,1.313314676284790039e+00,1.941500000000000000e+03
5.800000190734863281e+00,1.313107728958129883e+00,1.941568725585937500e+03
5.800000190734863281e+00,1.312486529350280762e+00,1.941637573242187500e+03
5.800000190734863281e+00,1.311449050903320312e+00,1.941706542968750000e+03
5.800000190734863281e+00,1.309992074966430664e+00,1.941775756835937500e+03
5.800000190734863281e+00,1.308111429214477539e+00,1.941845336914062500e+03
5.800000190734863281e+00,1.305801153182983398e+00,1.941915283203125000e+03
5.800000190734863281e+00,1.303054094314575195e+00,1.941985839843750000e+03
5.800000190734863281e+00,1.299861669540405273e+00,1.942057006835937500e+03
5.800000190734863281e+00,1.296214103698730469e+00,1.942128784179687500e+03
5.800000190734863281e+00,1.292099714279174805e+00,1.942201416015625000e+03
5.800000190734863281e+00,1.287505388259887695e+00,1.942274902343750000e+03
5.800000190734863281e+00,1.282415866851806641e+00,1.942349365234375000e+03
5.800000190734863281e+00,1.276814222335815430e+00,1.942425048828125000e+03
5.800000190734863281e+00,1.270681738853454590e+00,1.942501831054687500e+03
5.800000190734863281e+00,1.263997077941894531e+00,1.942580078125000000e+03
5.800000190734863281e+00,1.256737112998962402e+00,1.942659790039062500e+03
5.800000190734863281e+00,1.248875617980957031e+00,1.942741210937500000e+03
5.800000190734863281e+00,1.240383386611938477e+00,1.942824340820312500e+03
5.800000190734863281e+00,1.231228590011596680e+00,1.942909423828125000e+03
5.800000190734863281e+00,1.221375703811645508e+00,1.942996582031250000e+03
5.800000190734863281e+00,1.210785388946533203e+00,1.943086181640625000e+03
5.800000190734863281e+00,1.199414253234863281e+00,1.943178222656250000e+03
5.800000190734863281e+00,1.187213897705078125e+00,1.943273071289062500e+03
5.800000190734863281e+00,1.174130678176879883e+00,1.943370849609375000e+03
5.800000190734863281e+00,1.160105109214782715e+00,1.943471923828125000e+03
5.800000190734863281e+00,1.145071029663085938e+00,1.943576660156250000e+03
5.800000190734863281e+00,1.128954887390136719e+00,1.943685180664062500e+03
5.800000190734863281e+00,1.111673951148986816e+00,1.943797851562500000e+03
5.800000190734863281e+00,1.093136072158813477e+00,1.943915283203125000e+03
5.800000190734863281e+00,1.073238015174865723e+00,1.944037719726562500e+03
5.800000190734863281e+00,1.051863312721252441e+00,1.944165771484375000e+03
5.800000190734863281e+00,1.028880357742309570e+00,1.944300048828125000e+03
5.800000667572021484e+00,1.004140615463256836e+00,1.944440917968750000e+03
5.800000190734863281e+00,9.774757623672485352e-01,1.944589355468750000e+03
5.800000190734863281e+00,9.486927986145019531e-01,1.944745971679687500e+03
5.800000190734863281e+00,9.175716638565063477e-01,1.944911865234375000e+03
5.800000190734863281e+00,8.838587999343872070e-01,1.945087890625000000e+03
5.800000190734863281e+00,8.472619056701660156e-01,1.945275390625000000e+03
5.800000190734863281e+00,8.074408769607543945e-01,1.945475708007812500e+03
5.800000190734863281e+00,7.639992237091064453e-01,1.945690551757812500e+03
5.800000190734863281e+00,7.164703607559204102e-01,1.945921630859375000e+03
5.800000190734863281e+00,6.643035411834716797e-01,1.946171508789062500e+03
5.800000190734863281e+00,6.068415641784667969e-01,1.946442749023437500e+03
5.800000190734863281e+00,5.432964563369750977e-01,1.946738403320312500e+03
5.800000190734863281e+00,4.727135896682739258e-01,1.947062622070312500e+03
5.800000190734863281e+00,3.939256668090820312e-01,1.947420043945312500e+03
5.800000190734863281e+00,3.054903745651245117e-01,1.947816650390625000e+03
5.800000190734863281e+00,2.056049108505249023e-01,1.948259765625000000e+03
5.641488075256347656e+00,1.999999284744262695e-01,1.948347778320312500e+03
5.472639083862304688e+00,1.999999284744262695e-01,1.948410522460937500e+03
5.302300453186035156e+00,1.999999284744262695e-01,1.948469116210937500e+03
5.130575180053710938e+00,1.999999284744262695e-01,1.948523559570312500e+03
4.957567214965820312e+00,1.999999284744262695e-01,1.948573730468750000e+03
4.783379077911376953e+00,1.999999284744262695e-01,1.948619628906250000e+03
4.608117103576660156e+00,1.999999284744262695e-01,1.948661254882812500e+03
4.431886672973632812e+00,1.999999284744262695e-01,1.948698608398437500e+03
4.254793167114257812e+00,1.999999284744262695e-01,1.948731567382812500e+03
4.076944351196289062e+00,1.999999284744262695e-01,1.948760131835937500e+03
3.898446321487426758e+00,1.999999284744262695e-01,1.948784423828125000e+03
3.719407320022583008e+00,1.999999284744262695e-01,1.948804321289062500e+03
3.539935111999511719e+00,1.999999284744262695e-01,1.948819702148437500e+03
3.360137462615966797e+00,1.999999284744262695e-01,1.948830810546875000e+03
3.180122852325439453e+00,1.999999284744262695e-01,1.948837402343750000e+03
3.000000000000000000e+00,1.999999284744262695e-01,1.948839599609375000e+03
2.819877147674560547e+00,1.999999284744262695e-01,1.948837402343750000e+03
2.639862537384033203e+00,1.999999284744262695e-01,1.948830810546875000e+03
2.460064888000488281e+00,1.999999284744262695e-01,1.948819702148437500e+03
2.280592679977416992e+00,1.999999284744262695e-01,1.948804321289062500e+03
2.101553678512573242e+00,1.999999284744262695e-01,1.948784423828125000e+03
1.923055887222290039e+00,1.999999284744262695e-01,1.948760131835937500e+03
1.745206832885742188e+00,1.999999284744262695e-01,1.948731567382812500e+03
1.568113565444946289e+00,1.999999284744262695e-01,1.948698608398437500e+03
1.391882896423339844e+00,1.999999284744262695e-01,1.948661254882812500e+03
1.216620802879333496e+00,1.999999284744262695e-01,1.948619628906250000e+03
1.042433023452758789e+00,1.999999284744262695e-01,1.948573730468750000e+03
8.694245815277099609e-01,1.999999284744262695e-01,1.948523559570312500e+03
6.976993083953857422e-01,1.999999284744262695e-01,1.948469116210937500e+03
5.273606777191162109e-01,1.999999284744262695e-01,1.948410522460937500e+03
3.585119247436523438e-01,1.999999284744262695e-01,1.948347778320312500e+03
2.000002861022949219e-01,2.056051492691040039e-01,1.948259765625000000e+03
2.000002861022949219e-01,3.054906129837036133e-01,1.947816650390625000e+03
2.000000476837158203e-01,3.939257860183715820e-01,1.947420043945312500e+03
2.000002861022949219e-01,4.727138280868530273e-01,1.947062622070312500e+03
2.000000476837158203e-01,5.432965755462646484e-01,1.946738403320312500e+03
2.000000476837158203e-01,6.068416833877563477e-01,1.946442749023437500e+03
2.000002861022949219e-01,6.643035411834716797e-01,1.946171508789062500e+03
2.000002861022949219e-01,7.164705991744995117e-01,1.945921630859375000e+03
2.000002861022949219e-01,7.639993429183959961e-01,1.945690551757812500e+03
2.000000476837158203e-01,8.074409961700439453e-01,1.945475708007812500e+03
2.000002861022949219e-01,8.472620248794555664e-01,1.945275390625000000e+03
2.000002861022949219e-01,8.838590383529663086e-01,1.945087890625000000e+03
2.000002861022949219e-01,9.175717830657958984e-01,1.944911865234375000e+03
2.000002861022949219e-01,9.486929178237915039e-01,1.944745971679687500e+03
2.000000476837158203e-01,9.774758815765380859e-01,1.944589355468750000e+03
2.000000476837158203e-01,1.004140853881835938e+00,1.944440917968750000e+03
2.000000476837158203e-01,1.028880357742309570e+00,1.944300048828125000e+03
2.000002861022949219e-01,1.051863431930541992e+00,1.944165771484375000e+03
2.000000476837158203e-01,1.073238134384155273e+00,1.944037719726562500e+03
2.000000476837158203e-01,1.093136310577392578e+00,1.943915283203125000e+03
2.000002861022949219e-01,1.111674070358276367e+00,1.943797851562500000e+03
2.000002861022949219e-01,1.128955125808715820e+00,1.943685180664062500e+03
1.999998092651367188e-01,1.145071148872375488e+00,1.943576660156250000e+03
2.000000476837158203e-01,1.160105228424072266e+00,1.943471923828125000e+03
2.000000476837158203e-01,1.174130678176879883e+00,1.943370849609375000e+03
2.000000476837158203e-01,1.187213897705078125e+00,1.943273071289062500e+03
1.999998092651367188e-01,1.199414253234863281e+00,1.943178222656250000e+03
2.000000476837158203e-01,1.210785508155822754e+00,1.943086181640625000e+03
1.999998092651367188e-01,1.221375703811645508e+00,1.942996582031250000e+03
2.000000476837158203e-01,1.231228709220886230e+00,1.942909423828125000e+03
2.000000476837158203e-01,1.240383386611938477e+00,1.942824340820312500e+03
2.000000476837158203e-01,1.248875617980957031e+00,1.942741210937500000e+03
1.999998092651367188e-01,1.256737232208251953e+00,1.942659790039062500e+03
1.999998092651367188e-01,1.263997316360473633e+00,1.942580078125000000e+03
2.000000476837158203e-01,1.270681858062744141e+00,1.942501831054687500e+03
2.000000476837158203e-01,1.276814341545104980e+00,1.942425048828125000e+03
2.000000476837158203e-01,1.282415866851806641e+00,1.942349365234375000e+03
2.000000476837158203e-01,1.287505388259887695e+00,1.942274902343750000e+03
2.000000476837158203e-01,1.292099952697753906e+00,1.942201416015625000e+03
2.000000476837158203e-01,1.296214342117309570e+00,1.942128784179687500e+03
2.000000476837158203e-01,1.299861788749694824e+00,1.942057006835937500e+03
2.000000476837158203e-01,1.303054094314575195e+00,1.941985839843750000e+03
2.000002861022949219e-01,1.305801153182983398e+00,1.941915283203125000e+03
2.000002861022949219e-01,1.308111429214477539e+00,1.941845336914062500e+03
2.000000476837158203e-01,1.309992313385009766e+00,1.941775756835937500e+03
2.000000476837158203e-01,1.311449050903320312e+00,1.941706542968750000e+03
2.000000476837158203e-01,1.312486648559570312e+00,1.941637573242187500e+03
1.999998092651367188e-01,1.313107848167419434e+00,1.941568725585937500e+03
1.999998092651367188e-01,1.313314676284790039e+00,1.941500000000000000e+03
1.999998092651367188e-01,1.313107848167419434e+00,1.941431274414062500e+03
2.000000476837158203e-01,1.312486648559570312e+00,1.941362426757812500e+03
2.000000476837158203e-01,1.311449050903320312e+00,1.941293457031250000e+03
2.000000476837158203e-01,1.309992313385009766e+00,1.941224243164062500e+03
2.000002861022949219e-01,1.308111429214477539e+00,1.941154663085937500e+03
2.000002861022949219e-01,1.305801153182983398e+00,1.941084716796875000e+03
2.000000476837158203e-01,1.303054094314575195e+00,1.941014160156250000e+03
2.000000476837158203e-01,1.299861788749694824e+00,1.940942993164062500e+03
2.000000476837158203e-01,1.296214342117309570e+00,1.940871215820312500e+03
2.000000476837158203e-01,1.292099952697753906e+00,1.940798583984375000e+03
2.000000476837158203e-01,1.287505388259887695e+00,1.940725097656250000e+03
2.000000476837158203e-01,1.282415866851806641e+00,1.940650634765625000e+03
2.000000476837158203e-01,1.276814341545104980e+00,1.940574951171875000e+03
2.000000476837158203e-01,1.270681858062744141e+00,1.940498168945312500e+03
1.999998092651367188e-01,1.263997316360473633e+00,1.940419921875000000e+03
1.999998092651367188e-01,1.256737232208251953e+00,1.940340209960937500e+03
2.000000476837158203e-01,1.248875617980957031e+00,1.940258789062500000e+03
2.000000476837158203e-01,1.240383386611938477e+00,1.940175659179687500e+03
2.000000476837158203e-01,1.231228709220886230e+00,1.940090576171875000e+03
1.999998092651367188e-01,1.221375703811645508e+00,1.940003417968750000e+03
2.000000476837158203e-01,1.210785508155822754e+00,1.939913818359375000e+03
1.999998092651367188e-01,1.199414253234863281e+00,1.939821777343750000e+03
2.000000476837158203e-01,1.187213897705078125e+00,1.939726928710937500e+03
2.000000476837158203e-01,1.174130678176879883e+00,1.939629150390625000e+03
2.000000476837158203e-01,1.160105228424072266e+00,1.939528076171875000e+03
1.999998092651367188e-01,1.145071148872375488e+00,1.939423339843750000e+03
2.000002861022949219e-01,1.128955125808715820e+00,1.939314819335937500e+03
2.000002861022949219e-01,1.111674070358276367e+00,1.939202148437500000e+03
2.000000476837158203e-01,1.093136310577392578e+00,1.939084716796875000e+03
2.000000476837158203e-01,1.073238134384155273e+00,1.938962280273437500e+03
2.000002861022949219e-01,1.051863431930541992e+00,1.938834228515625000e+03
2.000000476837158203e-01,1.028880357742309570e+00,1.938699951171875000e+03
2.000000476837158203e-01,1.004140853881835938e+00,1.938559082031250000e+03
2.000000476837158203e-01,9.774758815765380859e-01,1.938410644531250000e+03
2.000002861022949219e-01,9.486929178237915039e-01,1.938254028320312500e+03
2.000002861022949219e-01,9.175717830657958984e-01,1.938088134765625000e+03
2.000002861022949219e-01,8.838590383529663086e-01,1.937912109375000000e+03
2.000002861022949219e-01,8.472620248794555664e-01,1.937724609375000000e+03
2.000000476837158203e-01,8.074409961700439453e-01,1.937524291992187500e+03
2.000002861022949219e-01,7.639993429183959961e-01,1.937309448242187500e+03
2.000002861022949219e-01,7.164705991744995117e-01,1.937078369140625000e+03
2.000002861022949219e-01,6.643035411834716797e-01,1.936828491210937500e+03
2.000000476837158203e-01,6.068416833877563477e-01,1.936557250976562500e+03
2.000000476837158203e-01,5.432965755462646484e-01,1.936261596679687500e+03
2.000002861022949219e-01,4.727138280868530273e-01,1.935937377929687500e+03
2.000000476837158203e-01,3.939257860183715820e-01,1.935579956054687500e+03
2.000002861022949219e-01,3.054906129837036133e-01,1.935183349609375000e+03
2.000002861022949219e-01,2.056051492691040039e-01,1.934740234375000000e+03
3.585119247436523438e-01,1.999999284744262695e-01,1.934652221679687500e+03
5.273606777191162109e-01,1.999999284744262695e-01,1.934589477539062500e+03
6.976993083953857422e-01,1.999999284744262695e-01,1.934530883789062500e+03
8.694245815277099609e-01,1.999999284744262695e-01,1.934476440429687500e+03
1.042433023452758789e+00,1.999999284744262695e-01,1.934426269531250000e+03
1.216620802879333496e+00,1.999999284744262695e-01,1.934380371093750000e+03
1.391882896423339844e+00,1.999999284744262695e-01,1.934338745117187500e+03
1.568113565444946289e+00,1.999999284744262695e-01,1.934301391601562500e+03
1.745206832885742188e+00,1.999999284744262695e-01,1.934268432617187500e+03
1.923055887222290039e+00,1.999999284744262695e-01,1.934239868164062500e+03
2.101553678512573242e+00,1.999999284744262695e-01,1.934215576171875000e+03
2.280592679977416992e+00,1.999999284744262695e-01,1.934195678710937500e+03
2.460064888000488281e+00,1.999999284744262695e-01,1.934180297851562500e+03
2.639862537384033203e+00,1.999999284744262695e-01,1.934169189453125000e+03
2.819877147674560547e+00,1.999999284744262695e-01,1.934162597656250000e+03
3.000000000000000000e+00,1.999999284744262695e-01,1.934160400390625000e+03
3.180122852325439453e+00,1.999999284744262695e-01,1.934162597656250000e+03
3.360137462615966797e+00,1.999999284744262695e-01,1.934169189453125000e+03
3.539935111999511719e+00,1.999999284744262695e-01,1.934180297851562500e+03
3.719407320022583008e+00,1.999999284744262695e-01,1.934195678710937500e+03
3.898446321487426758e+00,1.999999284744262695e-01,1.934215576171875000e+03
4.076944351196289062e+00,1.999999284744262695e-01,1.934239868164062500e+03
4.254793167114257812e+00,1.999999284744262695e-01,1.934268432617187500e+03
4.431886672973632812e+00,1.999999284744262695e-01,1.934301391601562500e+03
4.608117103576660156e+00,1.999999284744262695e-01,1.934338745117187500e+03
4.783379077911376953e+00,1.999999284744262695e-01,1.934380371093750000e+03
4.957567214965820312e+00,1.999999284744262695e-01,1.934426269531250000e+03
5.130575180053710938e+00,1.999999284744262695e-01,1.934476440429687500e+03
5.302300453186035156e+00,1.999999284744262695e-01,1.934530883789062500e+03
5.472639083862304688e+00,1.999999284744262695e-01,1.934589477539062500e+03
5.641488075256347656e+00,1.999999284744262695e-01,1.934652221679687500e+03
5.800000190734863281e+00,2.056049108505249023e-01,1.934740234375000000e+03
5.800000190734863281e+00,3.054903745651245117e-01,1.935183349609375000e+03
5.800000190734863281e+00,3.939256668090820312e-01,1.935579956054687500e+03
5.800000190734863281e+00,4.727135896682739258e-01,1.935937377929687500e+03
5.800000190734863281e+00,5.432964563369750977e-01,1.936261596679687500e+03
5.800000190734863281e+00,6.068415641784667969e-01,1.936557250976562500e+03
5.800000190734863281e+00,6.643035411834716797e-01,1.936828491210937500e+03
5.800000190734863281e+00,7.164703607559204102e-01,1.937078369140625000e+03
5.800000190734863281e+00,7.639992237091064453e-01,1.937309448242187500e+03
5.800000190734863281e+00,8.074408769607543945e-01,1.937524291992187500e+03
5.800000190734863281e+00,8.472619056701660156e-01,1.937724609375000000e+03
5.800000190734863281e+00,8.838587999343872070e-01,1.937912109375000000e+03
5.800000190734863281e+00,9.175716638565063477e-01,1.938088134765625000e+03
5.800000190734863281e+00,9.486927986145019531e-01,1.938254028320312500e+03
5.800000190734863281e+00,9.774757623672485352e-01,1.938410644531250000e+03
5.800000667572021484e+00,1.004140615463256836e+00,1.938559082031250000e+03
5.800000190734863281e+00,1.028880357742309570e+00,1.938699951171875000e+03
5.800000190734863281e+00,1.051863312721252441e+00,1.938834228515625000e+03
5.800000190734863281e+00,1.073238015174865723e+00,1.938962280273437500e+03
5.800000190734863281e+00,1.093136072158813477e+00,1.939084716796875000e+03
5.800000190734863281e+00,1.111673951148986816e+00,1.939202148437500000e+03
5.800000190734863281e+00,1.128954887390136719e+00,1.939314819335937500e+03
5.800000190734863281e+00,1.145071029663085938e+00,1.939423339843750000e+03
5.800000190734863281e+00,1.160105109214782715e+00,1.939528076171875000e+03
5.800000190734863281e+00,1.174130678176879883e+00,1.939629150390625000e+03
5.800000190734863281e+00,1.187213897705078125e+00,1.939726928710937500e+03
5.800000190734863281e+00,1.199414253234863281e+00,1.939821777343750000e+03
5.800000190734863281e+00,1.210785388946533203e+00,1.939913818359375000e+03
5.800000190734863281e+00,1.221375703811645508e+00,1.940003417968750000e+03
5.800000190734863281e+00,1.231228590011596680e+00,1.940090576171875000e+03
5.800000190734863281e+00,1.240383386611938477e+00,1.940175659179687500e+03
5.800000190734863281e+00,1.248875617980957031e+00,1.940258789062500000e+03
5.800000190734863281e+00,1.256737112998962402e+00,1.940340209960937500e+03
5.800000190734863281e+00,1.263997077941894531e+00,1.940419921875000000e+03
5.800000190734863281e+00,1.270681738853454590e+00,1.940498168945312500e+03
5.800000190734863281e+00,1.276814222335815430e+00,1.940574951171875000e+03
5.800000190734863281e+00,1.282415866851806641e+00,1.940650634765625000e+03
5.800000190734863281e+00,1.287505388259887695e+00,1.940725097656250000e+03
5.800000190734863281e+00,1.292099714279174805e+00,1.940798583984375000e+03
5.800000190734863281e+00,1.296214103698730469e+00,1.940871215820312500e+03
5.800000190734863281e+00,1.299861669540405273e+00,1.940942993164062500e+03
5.800000190734863281e+00,1.303054094314575195e+00,1.941014160156250000e+03
5.800000190734863281e+00,1.305801153182983398e+00,1.941084716796875000e+03
5.800000190734863281e+00,1.308111429214477539e+00,1.941154663085937500e+03
5.800000190734863281e+00,1.309992074966430664e+00,1.941224243164062500e+03
5.800000190734863281e+00,1.311449050903320312e+00,1.941293457031250000e+03
5.800000190734863281e+00,1.312486529350280762e+00,1.941362426757812500e+03
5.800000190734863281e+00,1.313107728958129883e+00,1.941431274414062500e+03
5.800000190734863281e+00,1.370165109634399414e+00,1.941500000000000000e+03
5.800000190734863281e+00,1.369975328445434570e+00,1.941568725585937500e+03
5.800000190734863281e+00,1.369405508041381836e+00,1.941637573242187500e+03
5.800000190734863281e+00,1.368453979492187500e+00,1.941706542968750000e+03
5.800000190734863281e+00,1.367117643356323242e+00,1.941775756835937500e+03
5.800000190734863281e+00,1.365392684936523438e+00,1.941845336914062500e+03
5.800000190734863281e+00,1.363273620605468750e+00,1.941915283203125000e+03
5.800000667572021484e+00,1.360753893852233887e+00,1.941985839843750000e+03
5.800000190734863281e+00,1.357825994491577148e+00,1.942057006835937500e+03
5.800000190734863281e+00,1.354480266571044922e+00,1.942128784179687500e+03
5.800000190734863281e+00,1.350706577301025391e+00,1.942201416015625000e+03
5.800000190734863281e+00,1.346492528915405273e+00,1.942274902343750000e+03
5.800000190734863281e+00,1.341824293136596680e+00,1.942349365234375000e+03
5.800000190734863281e+00,1.336686491966247559e+00,1.942425048828125000e+03
5.800000190734863281e+00,1.331061720848083496e+00,1.942501831054687500e+03
5.800000190734863281e+00,1.324930667877197266e+00,1.942580078125000000e+03
5.800000190734863281e+00,1.318271636962890625e+00,1.942659790039062500e+03
5.800000190734863281e+00,1.311060905456542969e+00,1.942741210937500000e+03
5.800000190734863281e+00,1.303271770477294922e+00,1.942824340820312500e+03
5.800000190734863281e+00,1.294874906539916992e+00,1.942909423828125000e+03
5.800000190734863281e+00,1.285837888717651367e+00,1.942996582031250000e+03
5.800000190734863281e+00,1.276124238967895508e+00,1.943086181640625000e+03
5.800000190734863281e+00,1.265694499015808105e+00,1.943178222656250000e+03
5.800000190734863281e+00,1.254504203796386719e+00,1.943273071289062500e+03
5.800000190734863281e+00,1.242504119873046875e+00,1.943370849609375000e+03
5.800000190734863281e+00,1.229639768600463867e+00,1.943471923828125000e+03
5.800000190734863281e+00,1.215850472450256348e+00,1.943576660156250000e+03
5.800000190734863281e+00,1.201068401336669922e+00,1.943685180664062500e+03
5.800000190734863281e+00,1.185218214988708496e+00,1.943797851562500000e+03
5.800000190734863281e+00,1.168215036392211914e+00,1.943915283203125000e+03
5.800000190734863281e+00,1.149964332580566406e+00,1.944037719726562500e+03
5.800000190734863281e+00,1.130359172821044922e+00,1.944165771484375000e+03
5.800000190734863281e+00,1.109279036521911621e+00,1.944300048828125000e+03
5.800000190734863281e+00,1.086587667465209961e+00,1.944440917968750000e+03
5.800000190734863281e+00,1.062130212783813477e+00,1.944589355468750000e+03
5.800000190734863281e+00,1.035730123519897461e+00,1.944745971679687500e+03
5.800000667572021484e+00,1.007185339927673340e+00,1.944911865234375000e+03
5.800000190734863281e+00,9.762638807296752930e-01,1.945087890625000000e+03
5.800000190734863281e+00,9.426968097686767578e-01,1.945275390625000000e+03
5.800000190734863281e+00,9.061725139617919922e-01,1.945475708007812500e+03
5.800000190734863281e+00,8.663272857666015625e-01,1.945690551757812500e+03
5.800000190734863281e+00,8.227332830429077148e-01,1.945921630859375000e+03
5.800000190734863281e+00,7.748851776123046875e-01,1.946171508789062500e+03
5.800000190734863281e+00,7.221806049346923828e-01,1.946442749023437500e+03
5.800000190734863281e+00,6.638964414596557617e-01,1.946738403320312500e+03
5.800000190734863281e+00,5.991572141647338867e-01,1.947062622070312500e+03
5.800000190734863281e+00,5.268919467926025391e-01,1.947420043945312500e+03
5.800000190734863281e+00,4.457783699035644531e-01,1.947816650390625000e+03
5.800000190734863281e+00,3.541623353958129883e-01,1.948259765625000000e+03
5.800000190734863281e+00,2.499483823776245117e-01,1.948758789062500000e+03
5.695825576782226562e+00,2.000000476837158203e-01,1.949034301757812500e+03
5.510112285614013672e+00,2.000000476837158203e-01,1.949098266601562500e+03
5.322886466979980469e+00,2.000000476837158203e-01,1.949157470703125000e+03
5.134261608123779297e+00,2.000000476837158203e-01,1.949212280273437500e+03
4.944351196289062500e+00,2.000000476837158203e-01,1.949262329101562500e+03
4.753269672393798828e+00,2.000000476837158203e-01,1.949307617187500000e+03
4.561131954193115234e+00,2.000000476837158203e-01,1.949348388671875000e+03
4.368053913116455078e+00,2.000000476837158203e-01,1.949384277343750000e+03
4.174151420593261719e+00,2.000000476837158203e-01,1.949415527343750000e+03
3.979542255401611328e+00,2.000000476837158203e-01,1.949441894531250000e+03
3.784342765808105469e+00,2.000000476837158203e-01,1.949463623046875000e+03
3.588670730590820312e+00,2.000000476837158203e-01,1.949480468750000000e+03
3.392644405364990234e+00,2.000000476837158203e-01,1.949492431640625000e+03
3.196381330490112305e+00,2.000000476837158203e-01,1.949499633789062500e+03
3.000000000000000000e+00,2.000000476837158203e-01,1.949502075195312500e+03
2.803618669509887695e+00,2.000000476837158203e-01,1.949499633789062500e+03
2.607355594635009766e+00,2.000000476837158203e-01,1.949492431640625000e+03
2.411329269409179688e+00,2.000000476837158203e-01,1.949480468750000000e+03
2.215657234191894531e+00,2.000000476837158203e-01,1.949463623046875000e+03
2.020457744598388672e+00,2.000000476837158203e-01,1.949441894531250000e+03
1.825848340988159180e+00,2.000000476837158203e-01,1.949415527343750000e+03
1.631946086883544922e+00,2.000000476837158203e-01,1.949384277343750000e+03
1.438868045806884766e+00,2.000000476837158203e-01,1.949348388671875000e+03
1.246730327606201172e+00,2.000000476837158203e-01,1.949307617187500000e+03
1.055648565292358398e+00,2.000000476837158203e-01,1.949262329101562500e+03
8.657383918762207031e-01,2.000000476837158203e-01,1.949212280273437500e+03
6.771135330200195312e-01,2.000000476837158203e-01,1.949157470703125000e+03
4.898877143859863281e-01,2.000000476837158203e-01,1.949098266601562500e+03
3.041741847991943359e-01,2.000000476837158203e-01,1.949034301757812500e+03
2.000000476837158203e-01,2.499486207962036133e-01,1.948758666992187500e+03
2.000002861022949219e-01,3.541624546051025391e-01,1.948259765625000000e+03
2.000002861022949219e-01,4.457784891128540039e-01,1.947816650390625000e+03
1.999998092651367188e-01,5.268920660018920898e-01,1.947420043945312500e+03
2.000000476837158203e-01,5.991572141647338867e-01,1.947062622070312500e+03
2.000000476837158203e-01,6.638965606689453125e-01,1.946738403320312500e+03
2.000002861022949219e-01,7.221808433532714844e-01,1.946442749023437500e+03
1.999998092651367188e-01,7.748852968215942383e-01,1.946171508789062500e+03
1.999998092651367188e-01,8.227334022521972656e-01,1.945921630859375000e+03
2.000000476837158203e-01,8.663274049758911133e-01,1.945690551757812500e+03
1.999998092651367188e-01,9.061725139617919922e-01,1.945475708007812500e+03
2.000000476837158203e-01,9.426968097686767578e-01,1.945275390625000000e+03
2.000000476837158203e-01,9.762639999389648438e-01,1.945087890625000000e+03
2.000000476837158203e-01,1.007185578346252441e+00,1.944911865234375000e+03
1.999998092651367188e-01,1.035730242729187012e+00,1.944745971679687500e+03
2.000002861022949219e-01,1.062130451202392578e+00,1.944589355468750000e+03
1.999998092651367188e-01,1.086587667465209961e+00,1.944440917968750000e+03
2.000000476837158203e-01,1.109279155731201172e+00,1.944300048828125000e+03
2.000000476837158203e-01,1.130359172821044922e+00,1.944165771484375000e+03
2.000000476837158203e-01,1.149964451789855957e+00,1.944037719726562500e+03
2.000000476837158203e-01,1.168215274810791016e+00,1.943915283203125000e+03
2.000002861022949219e-01,1.185218334197998047e+00,1.943797851562500000e+03
1.999998092651367188e-01,1.201068520545959473e+00,1.943685180664062500e+03
2.000000476837158203e-01,1.215850591659545898e+00,1.943576660156250000e+03
2.000000476837158203e-01,1.229639768600463867e+00,1.943471923828125000e+03
2.000000476837158203e-01,1.242504119873046875e+00,1.943370849609375000e+03
2.000000476837158203e-01,1.254504203796386719e+00,1.943273071289062500e+03
1.999998092651367188e-01,1.265694618225097656e+00,1.943178222656250000e+03
1.999998092651367188e-01,1.276124238967895508e+00,1.943086181640625000e+03
2.000000476837158203e-01,1.285837888717651367e+00,1.942996582031250000e+03
2.000000476837158203e-01,1.294875025749206543e+00,1.942909423828125000e+03
1.999998092651367188e-01,1.303271770477294922e+00,1.942824340820312500e+03
2.000000476837158203e-01,1.311061024665832520e+00,1.942741210937500000e+03
2.000000476837158203e-01,1.318271756172180176e+00,1.942659790039062500e+03
2.000000476837158203e-01,1.324930667877197266e+00,1.942580078125000000e+03
2.000000476837158203e-01,1.331061840057373047e+00,1.942501831054687500e+03
2.000000476837158203e-01,1.336686611175537109e+00,1.942425048828125000e+03
2.000002861022949219e-01,1.341824412345886230e+00,1.942349365234375000e+03
2.000000476837158203e-01,1.346492528915405273e+00,1.942274902343750000e+03
1.999998092651367188e-01,1.350706696510314941e+00,1.942201416015625000e+03
2.000000476837158203e-01,1.354480504989624023e+00,1.942128784179687500e+03
2.000000476837158203e-01,1.357825994491577148e+00,1.942057006835937500e+03
1.999998092651367188e-01,1.360754013061523438e+00,1.941985839843750000e+03
2.000000476837158203e-01,1.363273620605468750e+00,1.941915283203125000e+03
2.000002861022949219e-01,1.365392684936523438e+00,1.941845336914062500e+03
1.999998092651367188e-01,1.367117643356323242e+00,1.941775756835937500e+03
2.000002861022949219e-01,1.368454098701477051e+00,1.941706542968750000e+03
2.000000476837158203e-01,1.369405627250671387e+00,1.941637573242187500e+03
2.000000476837158203e-01,1.369975566864013672e+00,1.941568725585937500e+03
2.000000476837158203e-01,1.370165228843688965e+00,1.941500000000000000e+03
2.000000476837158203e-01,1.369975566864013672e+00,1.941431274414062500e+03
2.000000476837158203e-01,1.369405627250671387e+00,1.941362426757812500e+03
2.000002861022949219e-01,1.368454098701477051e+00,1.941293457031250000e+03
1.999998092651367188e-01,1.367117643356323242e+00,1.941224243164062500e+03
2.000002861022949219e-01,1.365392684936523438e+00,1.941154663085937500e+03
2.000000476837158203e-01,1.363273620605468750e+00,1.941084716796875000e+03
1.999998092651367188e-01,1.360754013061523438e+00,1.941014160156250000e+03
2.000000476837158203e-01,1.357825994491577148e+00,1.940942993164062500e+03
2.000000476837158203e-01,1.354480504989624023e+00,1.940871215820312500e+03
1.999998092651367188e-01,1.350706696510314941e+00,1.940798583984375000e+03
2.000000476837158203e-01,1.346492528915405273e+00,1.940725097656250000e+03
2.000002861022949219e-01,1.341824412345886230e+00,1.940650634765625000e+03
2.000000476837158203e-01,1.336686611175537109e+00,1.940574951171875000e+03
2.000000476837158203e-01,1.331061840057373047e+00,1.940498168945312500e+03
2.000000476837158203e-01,1.324930667877197266e+00,1.940419921875000000e+03
2.000000476837158203e-01,1.318271756172180176e+00,1.940340209960937500e+03
2.000000476837158203e-01,1.311061024665832520e+00,1.940258789062500000e+03
1.999998092651367188e-01,1.303271770477294922e+00,1.940175659179687500e+03
2.000000476837158203e-01,1.294875025749206543e+00,1.940090576171875000e+03
2.000000476837158203e-01,1.285837888717651367e+00,1.940003417968750000e+03
1.999998092651367188e-01,1.276124238967895508e+00,1.939913818359375000e+03
1.999998092651367188e-01,1.265694618225097656e+00,1.939821777343750000e+03
2.000000476837158203e-01,1.254504203796386719e+00,1.939726928710937500e+03
2.000000476837158203e-01,1.242504119873046875e+00,1.939629150390625000e+03
2.000000476837158203e-01,1.229639768600463867e+00,1.939528076171875000e+03
2.000000476837158203e-01,1.215850591659545898e+00,1.939423339843750000e+03
1.999998092651367188e-01,1.201068520545959473e+00,1.939314819335937500e+03
2.000002861022949219e-01,1.185218334197998047e+00,1.939202148437500000e+03
2.000000476837158203e-01,1.168215274810791016e+00,1.939084716796875000e+03
2.000000476837158203e-01,1.149964451789855957e+00,1.938962280273437500e+03
2.000000476837158203e-01,1.130359172821044922e+00,1.938834228515625000e+03
2.000000476837158203e-01,1.109279155731201172e+00,1.938699951171875000e+03
1.999998092651367188e-01,1.086587667465209961e+00,1.938559082031250000e+03
2.000002861022949219e-01,1.062130451202392578e+00,1.938410644531250000e+03
1.999998092651367188e-01,1.035730242729187012e+00,1.938254028320312500e+03
2.000000476837158203e-01,1.007185578346252441e+00,1.938088134765625000e+03
2.000000476837158203e-01,9.762639999389648438e-01,1.937912109375000000e+03
2.000000476837158203e-01,9.426968097686767578e-01,1.937724609375000000e+03
1.999998092651367188e-01,9.061725139617919922e-01,1.937524291992187500e+03
2.000000476837158203e-01,8.663274049758911133e-01,1.937309448242187500e+03
1.999998092651367188e-01,8.227334022521972656e-01,1.937078369140625000e+03
1.999998092651367188e-01,7.748852968215942383e-01,1.936828491210937500e+03
2.000002861022949219e-01,7.221808433532714844e-01,1.936557250976562500e+03
2.000000476837158203e-01,6.638965606689453125e-01,1.936261596679687500e+03
2.000000476837158203e-01,5.991572141647338867e-01,1.935937377929687500e+03
1.999998092651367188e-01,5.268920660018920898e-01,1.935579956054687500e+03
2.000002861022949219e-01,4.457784891128540039e-01,1.935183349609375000e+03
2.000002861022949219e-01,3.541624546051025391e-01,1.934740234375000000e+03
2.000000476837158203e-01,2.499486207962036133e-01,1.934241333007812500e+03
3.041741847991943359e-01,2.000000476837158203e-01,1.933965698242187500e+03
4.898877143859863281e-01,2.000000476837158203e-01,1.933901733398437500e+03
6.771135330200195312e-01,2.000000476837158203e-01,1.933842529296875000e+03
8.657383918762207031e-01,2.000000476837158203e-01,1.933787719726562500e+03
1.055648565292358398e+00,2.000000476837158203e-01,1.933737670898437500e+03
1.246730327606201172e+00,2.000000476837158203e-01,1.933692382812500000e+03
1.438868045806884766e+00,2.000000476837158203e-01,1.933651611328125000e+03
1.631946086883544922e+00,2.000000476837158203e-01,1.933615722656250000e+03
1.825848340988159180e+00,2.000000476837158203e-01,1.933584472656250000e+03
2.020457744598388672e+00,2.000000476837158203e-01,1.933558105468750000e+03
2.215657234191894531e+00,2.000000476837158203e-01,1.933536376953125000e+03
2.411329269409179688e+00,2.000000476837158203e-01,1.933519531250000000e+03
2.607355594635009766e+00,2.000000476837158203e-01,1.933507568359375000e+03
2.803618669509887695e+00,2.000000476837158203e-01,1.933500366210937500e+03
3.000000000000000000e+00,2.000000476837158203e-01,1.933497924804687500e+03
3.196381330490112305e+00,2.000000476837158203e-01,1.933500366210937500e+03
3.392644405364990234e+00,2.000000476837158203e-01,1.933507568359375000e+03
3.588670730590820312e+00,2.000000476837158203e-01,1.933519531250000000e+03
3.784342765808105469e+00,2.000000476837158203e-01,1.933536376953125000e+03
3.979542255401611328e+00,2.000000476837158203e-01,1.933558105468750000e+03
4.174151420593261719e+00,2.000000476837158203e-01,1.933584472656250000e+03
4.368053913116455078e+00,2.000000476837158203e-01,1.933615722656250000e+03
4.561131954193115234e+00,2.000000476837158203e-01,1.933651611328125000e+03
4.753269672393798828e+00,2.000000476837158203e-01,1.933692382812500000e+03
4.944351196289062500e+00,2.000000476837158203e-01,1.933737670898437500e+03
5.134261608123779297e+00,2.000000476837158203e-01,1.933787719726562500e+03
5.322886466979980469e+00,2.000000476837158203e-01,1.933842529296875000e+03
5.510112285614013672e+00,2.000000476837158203e-01,1.933901733398437500e+03
5.695825576782226562e+00,2.000000476837158203e-01,1.933965698242187500e+03
5.800000190734863281e+00,2.499483823776245117e-01,1.934241210937500000e+03
5.800000190734863281e+00,3.541623353958129883e-01,1.934740234375000000e+03
5.800000190734863281e+00,4.457783699035644531e-01,1.935183349609375000e+03
5.800000190734863281e+00,5.268919467926025391e-01,1.935579956054687500e+03
5.800000190734863281e+00,5.991572141647338867e-01,1.935937377929687500e+03
5.800000190734863281e+00,6.638964414596557617e-01,1.936261596679687500e+03
5.800000190734863281e+00,7.221806049346923828e-01,1.936557250976562500e+03
5.800000190734863281e+00,7.748851776123046875e-01,1.936828491210937500e+03
5.800000190734863281e+00,8.227332830429077148e-01,1.937078369140625000e+03
5.800000190734863281e+00,8.663272857666015625e-01,1.937309448242187500e+03
5.800000190734863281e+00,9.061725139617919922e-01,1.937524291992187500e+03
5.800000190734863281e+00,9.426968097686767578e-01,1.937724609375000000e+03
5.800000190734863281e+00,9.762638807296752930e-01,1.937912109375000000e+03
5.800000667572021484e+00,1.007185339927673340e+00,1.938088134765625000e+03
5.800000190734863281e+00,1.035730123519897461e+00,1.938254028320312500e+03
5.800000190734863281e+00,1.062130212783813477e+00,1.938410644531250000e+03
5.800000190734863281e+00,1.086587667465209961e+00,1.938559082031250000e+03
5.800000190734863281e+00,1.109279036521911621e+00,1.938699951171875000e+03
5.800000190734863281e+00,1.130359172821044922e+00,1.938834228515625000e+03
5.800000190734863281e+00,1.149964332580566406e+00,1.938962280273437500e+03
5.800000190734863281e+00,1.168215036392211914e+00,1.939084716796875000e+03
5.800000190734863281e+00,1.185218214988708496e+00,1.939202148437500000e+03
5.800000190734863281e+00,1.201068401336669922e+00,1.939314819335937500e+03
5.800000190734863281e+00,1.215850472450256348e+00,1.939423339843750000e+03
5.800000190734863281e+00,1.229639768600463867e+00,1.939528076171875000e+03
5.800000190734863281e+00,1.242504119873046875e+00,1.939629150390625000e+03
5.800000190734863281e+00,1.254504203796386719e+00,1.939726928710937500e+03
5.800000190734863281e+00,1.265694499015808105e+00,1.939821777343750000e+03
5.800000190734863281e+00,1.276124238967895508e+00,1.939913818359375000e+03
5.800000190734863281e+00,1.285837888717651367e+00,1.940003417968750000e+03
5.800000190734863281e+00,1.294874906539916992e+00,1.940090576171875000e+03
5.800000190734863281e+00,1.303271770477294922e+00,1.940175659179687500e+03
5.800000190734863281e+00,1.311060905456542969e+00,1.940258789062500000e+03
5.800000190734863281e+00,1.318271636962890625e+00,1.940340209960937500e+03
5.800000190734863281e+00,1.324930667877197266e+00,1.940419921875000000e+03
5.800000190734863281e+00,1.331061720848083496e+00,1.940498168945312500e+03
5.800000190734863281e+00,1.336686491966247559e+00,1.940574951171875000e+03
5.800000190734863281e+00,1.341824293136596680e+00,1.940650634765625000e+03
5.800000190734863281e+00,1.346492528915405273e+00,1.940725097656250000e+03
5.800000190734863281e+00,1.350706577301025391e+00,1.940798583984375000e+03
5.800000190734863281e+00,1.354480266571044922e+00,1.940871215820312500e+03
5.800000190734863281e+00,1.357825994491577148e+00,1.940942993164062500e+03
5.800000667572021484e+00,1.360753893852233887e+00,1.941014160156250000e+03
5.800000190734863281e+00,1.363273620605468750e+00,1.941084716796875000e+03
5.800000190734863281e+00,1.365392684936523438e+00,1.941154663085937500e+03
5.800000190734863281e+00,1.367117643356323242e+00,1.941224243164062500e+03
5.800000190734863281e+00,1.368453979492187500e+00,1.941293457031250000e+03
5.800000190734863281e+00,1.369405508041381836e+00,1.941362426757812500e+03
5.800000190734863281e+00,1.369975328445434570e+00,1.941431274414062500e+03
5.800000190734863281e+00,1.426525592803955078e+00,1.941500000000000000e+03
5.800000190734863281e+00,1.426352739334106445e+00,1.941568725585937500e+03
5.800000190734863281e+00,1.425833940505981445e+00,1.941637573242187500e+03
5.800000190734863281e+00,1.424967527389526367e+00,1.941706542968750000e+03
5.800000190734863281e+00,1.423750877380371094e+00,1.941775756835937500e+03
5.800000190734863281e+00,1.422180175781250000e+00,1.941845336914062500e+03
5.800000190734863281e+00,1.420250654220581055e+00,1.941915283203125000e+03
5.800000190734863281e+00,1.417956471443176270e+00,1.941985839843750000e+03
5.800000667572021484e+00,1.415290594100952148e+00,1.942057006835937500e+03
5.800000190734863281e+00,1.412244439125061035e+00,1.942128784179687500e+03
5.800000190734863281e+00,1.408808350563049316e+00,1.942201416015625000e+03
5.800000190734863281e+00,1.404971361160278320e+00,1.942274902343750000e+03
5.800000190734863281e+00,1.400720834732055664e+00,1.942349365234375000e+03
5.800000190734863281e+00,1.396042823791503906e+00,1.942425048828125000e+03
5.800000190734863281e+00,1.390921354293823242e+00,1.942501831054687500e+03
5.800000190734863281e+00,1.385338902473449707e+00,1.942580078125000000e+03
5.800000190734863281e+00,1.379275798797607422e+00,1.942659790039062500e+03
5.800000190734863281e+00,1.372710227966308594e+00,1.942741210937500000e+03
5.800000190734863281e+00,1.365618228912353516e+00,1.942824340820312500e+03
5.800000190734863281e+00,1.357972621917724609e+00,1.942909423828125000e+03
5.800000190734863281e+00,1.349744319915771484e+00,1.942996582031250000e+03
5.800000190734863281e+00,1.340899944305419922e+00,1.943086181640625000e+03
5.800000190734863281e+00,1.331403493881225586e+00,1.943178222656250000e+03
5.800000190734863281e+00,1.321214437484741211e+00,1.943273071289062500e+03
5.800000190734863281e+00,1.310288190841674805e+00,1.943370849609375000e+03
5.800000190734863281e+00,1.298574924468994141e+00,1.943471923828125000e+03
5.800000190734863281e+00,1.286019563674926758e+00,1.943576660156250000e+03
5.800000190734863281e+00,1.272560358047485352e+00,1.943685180664062500e+03
5.800000190734863281e+00,1.258128643035888672e+00,1.943797851562500000e+03
5.800000190734863281e+00,1.242646932601928711e+00,1.943915283203125000e+03
5.800000190734863281e+00,1.226029396057128906e+00,1.944037719726562500e+03
5.800000190734863281e+00,1.208178520202636719e+00,1.944165771484375000e+03
5.800000190734863281e+00,1.188984751701354980e+00,1.944300048828125000e+03
5.800000190734863281e+00,1.168323755264282227e+00,1.944440917968750000e+03
5.800000190734863281e+00,1.146054983139038086e+00,1.944589355468750000e+03
5.800000667572021484e+00,1.122017383575439453e+00,1.944745971679687500e+03
5.800000190734863281e+00,1.096027016639709473e+00,1.944911865234375000e+03
5.800000190734863281e+00,1.067872285842895508e+00,1.945087890625000000e+03
5.800000190734863281e+00,1.037308931350708008e+00,1.945275390625000000e+03
5.800000190734863281e+00,1.004053115844726562e+00,1.945475708007812500e+03
5.800000190734863281e+00,9.677733182907104492e-01,1.945690551757812500e+03
5.800000190734863281e+00,9.280805587768554688e-01,1.945921630859375000e+03
5.800000190734863281e+00,8.845140933990478516e-01,1.946171508789062500e+03
5.800000190734863281e+00,8.365257978439331055e-01,1.946442749023437500e+03
5.800000190734863281e+00,7.834570407867431641e-01,1.946738403320312500e+03
5.800000190734863281e+00,7.245107889175415039e-01,1.947062622070312500e+03
5.800000190734863281e+00,6.587122678756713867e-01,1.947420043945312500e+03
5.800000190734863281e+00,5.848569869995117188e-01,1.947816650390625000e+03
5.800000190734863281e+00,5.014392137527465820e-01,1.948259765625000000e+03
5.800000190734863281e+00,4.065508842468261719e-01,1.948758666992187500e+03
5.800000190734863281e+00,2.977391481399536133e-01,1.949325439453125000e+03
5.756803035736083984e+00,2.000001668930053711e-01,1.949844970703125000e+03
5.551177024841308594e+00,2.000001668930053711e-01,1.949910156250000000e+03
5.344014167785644531e+00,2.000001668930053711e-01,1.949970214843750000e+03
5.135439872741699219e+00,2.000001668930053711e-01,1.950025146484375000e+03
4.925579071044921875e+00,2.000001668930053711e-01,1.950074951171875000e+03
4.714558124542236328e+00,2.000001668930053711e-01,1.950119628906250000e+03
4.502504348754882812e+00,2.000001668930053711e-01,1.950159179687500000e+03
4.289546012878417969e+00,2.000001668930053711e-01,1.950193359375000000e+03
4.075810432434082031e+00,2.000001668930053711e-01,1.950222412109375000e+03
3.861427068710327148e+00,2.000001668930053711e-01,1.950246215820312500e+03
3.646524906158447266e+00,2.000001668930053711e-01,1.950264770507812500e+03
3.431232929229736328e+00,2.000001668930053711e-01,1.950277954101562500e+03
3.215681552886962891e+00,2.000001668930053711e-01,1.950285888671875000e+03
3.000000000000000000e+00,2.000001668930053711e-01,1.950288574218750000e+03
2.784318447113037109e+00,2.000001668930053711e-01,1.950285888671875000e+03
2.568767070770263672e+00,2.000001668930053711e-01,1.950277954101562500e+03
2.353475093841552734e+00,2.000001668930053711e-01,1.950264770507812500e+03
2.138572931289672852e+00,2.000001668930053711e-01,1.950246215820312500e+03
1.924189448356628418e+00,2.000001668930053711e-01,1.950222412109375000e+03
1.710454106330871582e+00,2.000001668930053711e-01,1.950193359375000000e+03
1.497495412826538086e+00,2.000001668930053711e-01,1.950159179687500000e+03
1.285441756248474121e+00,2.000001668930053711e-01,1.950119628906250000e+03
1.074420928955078125e+00,2.000001668930053711e-01,1.950074951171875000e+03
8.645601272583007812e-01,2.000001668930053711e-01,1.950025146484375000e+03
6.559855937957763672e-01,2.000001668930053711e-01,1.949970214843750000e+03
4.488227367401123047e-01,2.000001668930053711e-01,1.949910156250000000e+03
2.431969642639160156e-01,2.000001668930053711e-01,1.949844970703125000e+03
1.999998092651367188e-01,2.977392673492431641e-01,1.949325439453125000e+03
2.000000476837158203e-01,4.065511226654052734e-01,1.948758666992187500e+03
2.000000476837158203e-01,5.014394521713256836e-01,1.948259765625000000e+03
2.000000476837158203e-01,5.848572254180908203e-01,1.947816650390625000e+03
1.999998092651367188e-01,6.587123870849609375e-01,1.947420043945312500e+03
2.000002861022949219e-01,7.245110273361206055e-01,1.947062622070312500e+03
2.000002861022949219e-01,7.834572792053222656e-01,1.946738403320312500e+03
2.000000476837158203e-01,8.365259170532226562e-01,1.946442749023437500e+03
2.000000476837158203e-01,8.845142126083374023e-01,1.946171508789062500e+03
2.000002861022949219e-01,9.280806779861450195e-01,1.945921630859375000e+03
1.999998092651367188e-01,9.677734375000000000e-01,1.945690551757812500e+03
2.000002861022949219e-01,1.004053235054016113e+00,1.945475708007812500e+03
2.000000476837158203e-01,1.037309050559997559e+00,1.945275390625000000e+03
1.999998092651367188e-01,1.067872285842895508e+00,1.945087890625000000e+03
2.000002861022949219e-01,1.096027135848999023e+00,1.944911865234375000e+03
1.999998092651367188e-01,1.122017383575439453e+00,1.944745971679687500e+03
2.000002861022949219e-01,1.146055221557617188e+00,1.944589355468750000e+03
1.999998092651367188e-01,1.168323993682861328e+00,1.944440917968750000e+03
2.000000476837158203e-01,1.188984870910644531e+00,1.944300048828125000e+03
1.999998092651367188e-01,1.208178520202636719e+00,1.944165771484375000e+03
1.999998092651367188e-01,1.226029396057128906e+00,1.944037719726562500e+03
2.000000476837158203e-01,1.242647051811218262e+00,1.943915283203125000e+03
2.000002861022949219e-01,1.258128643035888672e+00,1.943797851562500000e+03
2.000000476837158203e-01,1.272560596466064453e+00,1.943685180664062500e+03
2.000000476837158203e-01,1.286019682884216309e+00,1.943576660156250000e+03
1.999998092651367188e-01,1.298575043678283691e+00,1.943471923828125000e+03
1.999998092651367188e-01,1.310288190841674805e+00,1.943370849609375000e+03
2.000002861022949219e-01,1.321214556694030762e+00,1.943273071289062500e+03
2.000000476837158203e-01,1.331403493881225586e+00,1.943178222656250000e+03
2.000000476837158203e-01,1.340900063514709473e+00,1.943086181640625000e+03
2.000002861022949219e-01,1.349744319915771484e+00,1.942996582031250000e+03
2.000002861022949219e-01,1.357972860336303711e+00,1.942909423828125000e+03
2.000000476837158203e-01,1.365618228912353516e+00,1.942824340820312500e+03
1.999998092651367188e-01,1.372710227966308594e+00,1.942741210937500000e+03
2.000002861022949219e-01,1.379275798797607422e+00,1.942659790039062500e+03
2.000000476837158203e-01,1.385339021682739258e+00,1.942580078125000000e+03
2.000000476837158203e-01,1.390921354293823242e+00,1.942501831054687500e+03
2.000000476837158203e-01,1.396042823791503906e+00,1.942425048828125000e+03
2.000000476837158203e-01,1.400720953941345215e+00,1.942349365234375000e+03
2.000000476837158203e-01,1.404971361160278320e+00,1.942274902343750000e+03
2.000000476837158203e-01,1.408808350563049316e+00,1.942201416015625000e+03
2.000000476837158203e-01,1.412244558334350586e+00,1.942128784179687500e+03
1.999998092651367188e-01,1.415290594100952148e+00,1.942057006835937500e+03
2.000000476837158203e-01,1.417956590652465820e+00,1.941985839843750000e+03
2.000000476837158203e-01,1.420250773429870605e+00,1.941915283203125000e+03
2.000000476837158203e-01,1.422180175781250000e+00,1.941845336914062500e+03
2.000000476837158203e-01,1.423750877380371094e+00,1.941775756835937500e+03
2.000002861022949219e-01,1.424967646598815918e+00,1.941706542968750000e+03
2.000000476837158203e-01,1.425834059715270996e+00,1.941637573242187500e+03
2.000002861022949219e-01,1.426352977752685547e+00,1.941568725585937500e+03
1.999998092651367188e-01,1.426525592803955078e+00,1.941500000000000000e+03
2.000002861022949219e-01,1.426352977752685547e+00,1.941431274414062500e+03
2.000000476837158203e-01,1.425834059715270996e+00,1.941362426757812500e+03
2.000002861022949219e-01,1.424967646598815918e+00,1.941293457031250000e+03
2.000000476837158203e-01,1.423750877380371094e+00,1.941224243164062500e+03
2.000000476837158203e-01,1.422180175781250000e+00,1.941154663085937500e+03
2.000000476837158203e-01,1.420250773429870605e+00,1.941084716796875000e+03
2.000000476837158203e-01,1.417956590652465820e+00,1.941014160156250000e+03
1.999998092651367188e-01,1.415290594100952148e+00,1.940942993164062500e+03
2.000000476837158203e-01,1.412244558334350586e+00,1.940871215820312500e+03
2.000000476837158203e-01,1.408808350563049316e+00,1.940798583984375000e+03
2.000000476837158203e-01,1.404971361160278320e+00,1.940725097656250000e+03
2.000000476837158203e-01,1.400720953941345215e+00,1.940650634765625000e+03
2.000000476837158203e-01,1.396042823791503906e+00,1.940574951171875000e+03
2.000000476837158203e-01,1.390921354293823242e+00,1.940498168945312500e+03
2.000000476837158203e-01,1.385339021682739258e+00,1.940419921875000000e+03
2.000002861022949219e-01,1.379275798797607422e+00,1.940340209960937500e+03
1.999998092651367188e-01,1.372710227966308594e+00,1.940258789062500000e+03
2.000000476837158203e-01,1.365618228912353516e+00,1.940175659179687500e+03
2.000002861022949219e-01,1.357972860336303711e+00,1.940090576171875000e+03
2.000002861022949219e-01,1.349744319915771484e+00,1.940003417968750000e+03
2.000000476837158203e-01,1.340900063514709473e+00,1.939913818359375000e+03
2.000000476837158203e-01,1.331403493881225586e+00,1.939821777343750000e+03
2.000002861022949219e-01,1.321214556694030762e+00,1.939726928710937500e+03
1.999998092651367188e-01,1.310288190841674805e+00,1.939629150390625000e+03
1.999998092651367188e-01,1.298575043678283691e+00,1.939528076171875000e+03
2.000000476837158203e-01,1.286019682884216309e+00,1.939423339843750000e+03
2.000000476837158203e-01,1.272560596466064453e+00,1.939314819335937500e+03
2.000002861022949219e-01,1.258128643035888672e+00,1.939202148437500000e+03
2.000000476837158203e-01,1.242647051811218262e+00,1.939084716796875000e+03
1.999998092651367188e-01,1.226029396057128906e+00,1.938962280273437500e+03
1.999998092651367188e-01,1.208178520202636719e+00,1.938834228515625000e+03
2.000000476837158203e-01,1.188984870910644531e+00,1.938699951171875000e+03
1.999998092651367188e-01,1.168323993682861328e+00,1.938559082031250000e+03
2.000002861022949219e-01,1.146055221557617188e+00,1.938410644531250000e+03
1.999998092651367188e-01,1.122017383575439453e+00,1.938254028320312500e+03
2.000002861022949219e-01,1.096027135848999023e+00,1.938088134765625000e+03
1.999998092651367188e-01,1.067872285842895508e+00,1.937912109375000000e+03
2.000000476837158203e-01,1.037309050559997559e+00,1.937724609375000000e+03
2.000002861022949219e-01,1.004053235054016113e+00,1.937524291992187500e+03
1.999998092651367188e-01,9.677734375000000000e-01,1.937309448242187500e+03
2.000002861022949219e-01,9.280806779861450195e-01,1.937078369140625000e+03
2.000000476837158203e-01,8.845142126083374023e-01,1.936828491210937500e+03
2.000000476837158203e-01,8.365259170532226562e-01,1.936557250976562500e+03
2.000002861022949219e-01,7.834572792053222656e-01,1.936261596679687500e+03
2.000002861022949219e-01,7.245110273361206055e-01,1.935937377929687500e+03
1.999998092651367188e-01,6.587123870849609375e-01,1.935579956054687500e+03
2.000000476837158203e-01,5.848572254180908203e-01,1.935183349609375000e+03
2.000000476837158203e-01,5.014394521713256836e-01,1.934740234375000000e+03
2.000000476837158203e-01,4.065511226654052734e-01,1.934241333007812500e+03
1.999998092651367188e-01,2.977392673492431641e-01,1.933674560546875000e+03
2.431969642639160156e-01,2.000001668930053711e-01,1.933155029296875000e+03
4.488227367401123047e-01,2.000001668930053711e-01,1.933089843750000000e+03
6.559855937957763672e-01,2.000001668930053711e-01,1.933029785156250000e+03
8.645601272583007812e-01,2.000001668930053711e-01,1.932974853515625000e+03
1.074420928955078125e+00,2.000001668930053711e-01,1.932925048828125000e+03
1.285441756248474121e+00,2.000001668930053711e-01,1.932880371093750000e+03
1.497495412826538086e+00,2.000001668930053711e-01,1.932840820312500000e+03
1.710454106330871582e+00,2.000001668930053711e-01,1.932806640625000000e+03
1.924189448356628418e+00,2.000001668930053711e-01,1.932777587890625000e+03
2.138572931289672852e+00,2.000001668930053711e-01,1.932753784179687500e+03
2.353475093841552734e+00,2.000001668930053711e-01,1.932735229492187500e+03
2.568767070770263672e+00,2.000001668930053711e-01,1.932722045898437500e+03
2.784318447113037109e+00,2.000001668930053711e-01,1.932714111328125000e+03
3.000000000000000000e+00,2.000001668930053711e-01,1.932711425781250000e+03
3.215681552886962891e+00,2.000001668930053711e-01,1.932714111328125000e+03
3.431232929229736328e+00,2.000001668930053711e-01,1.932722045898437500e+03
3.646524906158447266e+00,2.000001668930053711e-01,1.932735229492187500e+03
3.861427068710327148e+00,2.000001668930053711e-01,1.932753784179687500e+03
4.075810432434082031e+00,2.000001668930053711e-01,1.932777587890625000e+03
4.289546012878417969e+00,2.000001668930053711e-01,1.932806640625000000e+03
4.502504348754882812e+00,2.000001668930053711e-01,1.932840820312500000e+03
4.714558124542236328e+00,2.000001668930053711e-01,1.932880371093750000e+03
4.925579071044921875e+00,2.000001668930053711e-01,1.932925048828125000e+03
5.135439872741699219e+00,2.000001668930053711e-01,1.932974853515625000e+03
5.344014167785644531e+00,2.000001668930053711e-01,1.933029785156250000e+03
5.551177024841308594e+00,2.000001668930053711e-01,1.933089843750000000e+03
5.756803035736083984e+00,2.000001668930053711e-01,1.933155029296875000e+03
5.800000190734863281e+00,2.977391481399536133e-01,1.933674560546875000e+03
5.800000190734863281e+00,4.065508842468261719e-01,1.934241333007812500e+03
5.800000190734863281e+00,5.014392137527465820e-01,1.934740234375000000e+03
5.800000190734863281e+00,5.848569869995117188e-01,1.935183349609375000e+03
5.800000190734863281e+00,6.587122678756713867e-01,1.935579956054687500e+03
5.800000190734863281e+00,7.245107889175415039e-01,1.935937377929687500e+03
5.800000190734863281e+00,7.834570407867431641e-01,1.936261596679687500e+03
5.800000190734863281e+00,8.365257978439331055e-01,1.936557250976562500e+03
5.800000190734863281e+00,8.845140933990478516e-01,1.936828491210937500e+03
5.800000190734863281e+00,9.280805587768554688e-01,1.937078369140625000e+03
5.800000190734863281e+00,9.677733182907104492e-01,1.937309448242187500e+03
5.800000190734863281e+00,1.004053115844726562e+00,1.937524291992187500e+03
5.800000190734863281e+00,1.037308931350708008e+00,1.937724609375000000e+03
5.800000190734863281e+00,1.067872285842895508e+00,1.937912109375000000e+03
5.800000190734863281e+00,1.096027016639709473e+00,1.938088134765625000e+03
5.800000667572021484e+00,1.122017383575439453e+00,1.938254028320312500e+03
5.800000190734863281e+00,1.146054983139038086e+00,1.938410644531250000e+03
5.800000190734863281e+00,1.168323755264282227e+00,1.938559082031250000e+03
5.800000190734863281e+00,1.188984751701354980e+00,1.938699951171875000e+03
5.800000190734863281e+00,1.208178520202636719e+00,1.938834228515625000e+03
5.800000190734863281e+00,1.226029396057128906e+00,1.938962280273437500e+03
5.800000190734863281e+00,1.242646932601928711e+00,1.939084716796875000e+03
5.800000190734863281e+00,1.258128643035888672e+00,1.939202148437500000e+03
5.800000190734863281e+00,1.272560358047485352e+00,1.939314819335937500e+03
5.800000190734863281e+00,1.286019563674926758e+00,1.939423339843750000e+03
5.800000190734863281e+00,1.298574924468994141e+00,1.939528076171875000e+03
5.800000190734863281e+00,1.310288190841674805e+00,1.939629150390625000e+03
5.800000190734863281e+00,1.321214437484741211e+00,1.939726928710937500e+03
5.800000190734863281e+00,1.331403493881225586e+00,1.939821777343750000e+03
5.800000190734863281e+00,1.340899944305419922e+00,1.939913818359375000e+03
5.800000190734863281e+00,1.349744319915771484e+00,1.940003417968750000e+03
5.800000190734863281e+00,1.357972621917724609e+00,1.940090576171875000e+03
5.800000190734863281e+00,1.365618228912353516e+00,1.940175659179687500e+03
5.800000190734863281e+00,1.372710227966308594e+00,1.940258789062500000e+03
5.800000190734863281e+00,1.379275798797607422e+00,1.940340209960937500e+03
5.800000190734863281e+00,1.385338902473449707e+00,1.940419921875000000e+03
5.800000190734863281e+00,1.390921354293823242e+00,1.940498168945312500e+03
5.800000190734863281e+00,1.396042823791503906e+00,1.940574951171875000e+03
5.800000190734863281e+00,1.400720834732055664e+00,1.940650634765625000e+03
5.800000190734863281e+00,1.404971361160278320e+00,1.940725097656250000e+03
5.800000190734863281e+00,1.408808350563049316e+00,1.940798583984375000e+03
5.800000190734863281e+00,1.412244439125061035e+00,1.940871215820312500e+03
5.800000667572021484e+00,1.415290594100952148e+00,1.940942993164062500e+03
5.800000190734863281e+00,1.417956471443176270e+00,1.941014160156250000e+03
5.800000190734863281e+00,1.420250654220581055e+00,1.941084716796875000e+03
5.800000190734863281e+00,1.422180175781250000e+00,1.941154663085937500e+03
5.800000190734863281e+00,1.423750877380371094e+00,1.941224243164062500e+03
5.800000190734863281e+00,1.424967527389526367e+00,1.941293457031250000e+03
5.800000190734863281e+00,1.425833940505981445e+00,1.941362426757812500e+03
5.800000190734863281e+00,1.426352739334106445e+00,1.941431274414062500e+03
5.800000190734863281e+00,1.482443571090698242e+00,1.941500000000000000e+03
5.800000190734863281e+00,1.482287645339965820e+00,1.941568725585937500e+03
5.800000190734863281e+00,1.481819391250610352e+00,1.941637573242187500e+03
5.800000190734863281e+00,1.481037378311157227e+00,1.941706542968750000e+03
5.800000667572021484e+00,1.479939222335815430e+00,1.941775756835937500e+03
5.800000190734863281e+00,1.478521823883056641e+00,1.941845336914062500e+03
5.800000190734863281e+00,1.476780414581298828e+00,1.941915283203125000e+03
5.800000667572021484e+00,1.474709987640380859e+00,1.941985839843750000e+03
5.800000190734863281e+00,1.472304105758666992e+00,1.942057006835937500e+03
5.800000190734863281e+00,1.469554901123046875e+00,1.942128784179687500e+03
5.800000190734863281e+00,1.466453790664672852e+00,1.942201416015625000e+03
5.800000190734863281e+00,1.462990999221801758e+00,1.942274902343750000e+03
5.800000190734863281e+00,1.459154963493347168e+00,1.942349365234375000e+03
5.800000190734863281e+00,1.454933047294616699e+00,1.942425048828125000e+03
5.800000190734863281e+00,1.450310945510864258e+00,1.942501831054687500e+03
5.800000190734863281e+00,1.445272803306579590e+00,1.942580078125000000e+03
5.800000190734863281e+00,1.439800977706909180e+00,1.942659790039062500e+03
5.800000190734863281e+00,1.433875679969787598e+00,1.942741210937500000e+03
5.800000190734863281e+00,1.427474975585937500e+00,1.942824340820312500e+03
5.800000190734863281e+00,1.420575141906738281e+00,1.942909423828125000e+03
5.800000190734863281e+00,1.413148880004882812e+00,1.942996582031250000e+03
5.800000190734863281e+00,1.405166983604431152e+00,1.943086181640625000e+03
5.800000190734863281e+00,1.396596431732177734e+00,1.943178222656250000e+03
5.800000190734863281e+00,1.387400984764099121e+00,1.943273071289062500e+03
5.800000190734863281e+00,1.377540111541748047e+00,1.943370849609375000e+03
5.800000190734863281e+00,1.366969108581542969e+00,1.943471923828125000e+03
5.800000190734863281e+00,1.355637907981872559e+00,1.943576660156250000e+03
5.800000190734863281e+00,1.343491077423095703e+00,1.943685180664062500e+03
5.800000190734863281e+00,1.330466389656066895e+00,1.943797851562500000e+03
5.800000190734863281e+00,1.316494464874267578e+00,1.943915283203125000e+03
5.800000190734863281e+00,1.301497220993041992e+00,1.944037719726562500e+03
5.800000190734863281e+00,1.285386919975280762e+00,1.944165771484375000e+03
5.800000190734863281e+00,1.268064737319946289e+00,1.944300048828125000e+03
5.800000190734863281e+00,1.249418497085571289e+00,1.944440917968750000e+03
5.800000190734863281e+00,1.229320883750915527e+00,1.944589355468750000e+03
5.800000190734863281e+00,1.207627058029174805e+00,1.944745971679687500e+03
5.800000190734863281e+00,1.184170961380004883e+00,1.944911865234375000e+03
5.800000667572021484e+00,1.158761501312255859e+00,1.945087890625000000e+03
5.800000190734863281e+00,1.131178379058837891e+00,1.945275390625000000e+03
5.800000190734863281e+00,1.101165294647216797e+00,1.945475708007812500e+03
5.800000190734863281e+00,1.068423032760620117e+00,1.945690551757812500e+03
5.800000190734863281e+00,1.032600402832031250e+00,1.945921630859375000e+03
5.800000190734863281e+00,9.932820796966552734e-01,1.946171508789062500e+03
5.800000190734863281e+00,9.499728679656982422e-01,1.946442749023437500e+03
5.800000190734863281e+00,9.020788669586181641e-01,1.946738403320312500e+03
5.800000190734863281e+00,8.488802909851074219e-01,1.947062622070312500e+03
5.800000190734863281e+00,7.894976139068603516e-01,1.947420043945312500e+03
5.800000190734863281e+00,7.228438854217529297e-01,1.947816650390625000e+03
5.800000190734863281e+00,6.475598812103271484e-01,1.948259765625000000e+03
5.800000190734863281e+00,5.619238615036010742e-01,1.948758789062500000e+03
5.800000190734863281e+00,4.637218713760375977e-01,1.949325439453125000e+03
5.800000190734863281e+00,3.500585556030273438e-01,1.949975708007812500e+03
5.800000190734863281e+00,2.170726060867309570e-01,1.950730346679687500e+03
5.597267150878906250e+00,2.000000476837158203e-01,1.950885375976562500e+03
5.366157531738281250e+00,2.000000476837158203e-01,1.950946289062500000e+03
5.133623123168945312e+00,2.000000476837158203e-01,1.951001464843750000e+03
4.899803161621093750e+00,2.000000476837158203e-01,1.951050903320312500e+03
4.664838790893554688e+00,2.000000476837158203e-01,1.951094726562500000e+03
4.428871631622314453e+00,2.000000476837158203e-01,1.951132690429687500e+03
4.192043304443359375e+00,2.000000476837158203e-01,1.951164794921875000e+03
3.954497814178466797e+00,2.000000476837158203e-01,1.951191162109375000e+03
3.716376781463623047e+00,2.000000476837158203e-01,1.951211669921875000e+03
3.477824449539184570e+00,2.000000476837158203e-01,1.951226318359375000e+03
3.238984107971191406e+00,2.000000476837158203e-01,1.951235107421875000e+03
3.000000000000000000e+00,2.000000476837158203e-01,1.951238037109375000e+03
2.761015892028808594e+00,2.000000476837158203e-01,1.951235107421875000e+03
2.522175550460815430e+00,2.000000476837158203e-01,1.951226318359375000e+03
2.283623218536376953e+00,2.000000476837158203e-01,1.951211669921875000e+03
2.045502185821533203e+00,2.000000476837158203e-01,1.951191162109375000e+03
1.807956457138061523e+00,2.000000476837158203e-01,1.951164794921875000e+03
1.571128487586975098e+00,2.000000476837158203e-01,1.951132690429687500e+03
1.335161328315734863e+00,2.000000476837158203e-01,1.951094726562500000e+03
1.100196957588195801e+00,2.000000476837158203e-01,1.951050903320312500e+03
8.663768768310546875e-01,2.000000476837158203e-01,1.951001464843750000e+03
6.338422298431396484e-01,2.000000476837158203e-01,1.950946289062500000e+03
4.027326107025146484e-01,2.000000476837158203e-01,1.950885375976562500e+03
1.999998092651367188e-01,2.170728445053100586e-01,1.950730346679687500e+03
1.999998092651367188e-01,3.500587940216064453e-01,1.949975708007812500e+03
1.999998092651367188e-01,4.637221097946166992e-01,1.949325439453125000e+03
1.999998092651367188e-01,5.619240999221801758e-01,1.948758666992187500e+03
2.000002861022949219e-01,6.475601196289062500e-01,1.948259765625000000e+03
2.000000476837158203e-01,7.228440046310424805e-01,1.947816650390625000e+03
2.000000476837158203e-01,7.894977331161499023e-01,1.947420043945312500e+03
2.000002861022949219e-01,8.488805294036865234e-01,1.947062622070312500e+03
2.000000476837158203e-01,9.020789861679077148e-01,1.946738403320312500e+03
2.000000476837158203e-01,9.499729871749877930e-01,1.946442749023437500e+03
1.999998092651367188e-01,9.932821989059448242e-01,1.946171508789062500e+03
2.000000476837158203e-01,1.032600522041320801e+00,1.945921630859375000e+03
2.000000476837158203e-01,1.068423032760620117e+00,1.945690551757812500e+03
2.000000476837158203e-01,1.101165294647216797e+00,1.945475708007812500e+03
2.000002861022949219e-01,1.131178498268127441e+00,1.945275390625000000e+03
2.000000476837158203e-01,1.158761739730834961e+00,1.945087890625000000e+03
2.000000476837158203e-01,1.184171199798583984e+00,1.944911865234375000e+03
2.000000476837158203e-01,1.207627177238464355e+00,1.944745971679687500e+03
1.999998092651367188e-01,1.229321002960205078e+00,1.944589355468750000e+03
2.000000476837158203e-01,1.249418497085571289e+00,1.944440917968750000e+03
2.000002861022949219e-01,1.268064737319946289e+00,1.944300048828125000e+03
2.000000476837158203e-01,1.285387039184570312e+00,1.944165771484375000e+03
2.000000476837158203e-01,1.301497220993041992e+00,1.944037719726562500e+03
2.000002861022949219e-01,1.316494584083557129e+00,1.943915283203125000e+03
1.999998092651367188e-01,1.330466508865356445e+00,1.943797851562500000e+03
2.000000476837158203e-01,1.343491077423095703e+00,1.943685180664062500e+03
2.000000476837158203e-01,1.355638027191162109e+00,1.943576660156250000e+03
2.000002861022949219e-01,1.366969227790832520e+00,1.943471923828125000e+03
2.000000476837158203e-01,1.377540230751037598e+00,1.943370849609375000e+03
2.000000476837158203e-01,1.387401103973388672e+00,1.943273071289062500e+03
1.999998092651367188e-01,1.396596550941467285e+00,1.943178222656250000e+03
2.000000476837158203e-01,1.405167102813720703e+00,1.943086181640625000e+03
2.000000476837158203e-01,1.413148999214172363e+00,1.942996582031250000e+03
2.000000476837158203e-01,1.420575141906738281e+00,1.942909423828125000e+03
2.000002861022949219e-01,1.427475214004516602e+00,1.942824340820312500e+03
2.000002861022949219e-01,1.433875679969787598e+00,1.942741210937500000e+03
2.000000476837158203e-01,1.439800977706909180e+00,1.942659790039062500e+03
1.999998092651367188e-01,1.445272922515869141e+00,1.942580078125000000e+03
1.999998092651367188e-01,1.450310945510864258e+00,1.942501831054687500e+03
2.000000476837158203e-01,1.454933047294616699e+00,1.942425048828125000e+03
2.000002861022949219e-01,1.459155082702636719e+00,1.942349365234375000e+03
2.000002861022949219e-01,1.462990999221801758e+00,1.942274902343750000e+03
1.999998092651367188e-01,1.466453790664672852e+00,1.942201416015625000e+03
2.000000476837158203e-01,1.469554901123046875e+00,1.942128784179687500e+03
2.000000476837158203e-01,1.472304105758666992e+00,1.942057006835937500e+03
1.999998092651367188e-01,1.474710106849670410e+00,1.941985839843750000e+03
2.000000476837158203e-01,1.476780533790588379e+00,1.941915283203125000e+03
2.000000476837158203e-01,1.478521823883056641e+00,1.941845336914062500e+03
1.999998092651367188e-01,1.479939341545104980e+00,1.941775756835937500e+03
2.000000476837158203e-01,1.481037378311157227e+00,1.941706542968750000e+03
2.000000476837158203e-01,1.481819391250610352e+00,1.941637573242187500e+03
2.000002861022949219e-01,1.482287764549255371e+00,1.941568725585937500e+03
2.000000476837158203e-01,1.482443571090698242e+00,1.941500000000000000e+03
2.000002861022949219e-01,1.482287764549255371e+00,1.941431274414062500e+03
2.000000476837158203e-01,1.481819391250610352e+00,1.941362426757812500e+03
2.000000476837158203e-01,1.481037378311157227e+00,1.941293457031250000e+03
1.999998092651367188e-01,1.479939341545104980e+00,1.941224243164062500e+03
2.000000476837158203e-01,1.478521823883056641e+00,1.941154663085937500e+03
2.000000476837158203e-01,1.476780533790588379e+00,1.941084716796875000e+03
1.999998092651367188e-01,1.474710106849670410e+00,1.941014160156250000e+03
2.000000476837158203e-01,1.472304105758666992e+00,1.940942993164062500e+03
2.000000476837158203e-01,1.469554901123046875e+00,1.940871215820312500e+03
1.999998092651367188e-01,1.466453790664672852e+00,1.940798583984375000e+03
2.000002861022949219e-01,1.462990999221801758e+00,1.940725097656250000e+03
2.000002861022949219e-01,1.459155082702636719e+00,1.940650634765625000e+03
2.000000476837158203e-01,1.454933047294616699e+00,1.940574951171875000e+03
1.999998092651367188e-01,1.450310945510864258e+00,1.940498168945312500e+03
1.999998092651367188e-01,1.445272922515869141e+00,1.940419921875000000e+03
2.000000476837158203e-01,1.439800977706909180e+00,1.940340209960937500e+03
2.000002861022949219e-01,1.433875679969787598e+00,1.940258789062500000e+03
2.000002861022949219e-01,1.427475214004516602e+00,1.940175659179687500e+03
2.000000476837158203e-01,1.420575141906738281e+00,1.940090576171875000e+03
2.000000476837158203e-01,1.413148999214172363e+00,1.940003417968750000e+03
2.000000476837158203e-01,1.405167102813720703e+00,1.939913818359375000e+03
1.999998092651367188e-01,1.396596550941467285e+00,1.939821777343750000e+03
2.000000476837158203e-01,1.387401103973388672e+00,1.939726928710937500e+03
2.000000476837158203e-01,1.377540230751037598e+00,1.939629150390625000e+03
2.000002861022949219e-01,1.366969227790832520e+00,1.939528076171875000e+03
2.000000476837158203e-01,1.355638027191162109e+00,1.939423339843750000e+03
2.000000476837158203e-01,1.343491077423095703e+00,1.939314819335937500e+03
1.999998092651367188e-01,1.330466508865356445e+00,1.939202148437500000e+03
2.000002861022949219e-01,1.316494584083557129e+00,1.939084716796875000e+03
2.000000476837158203e-01,1.301497220993041992e+00,1.938962280273437500e+03
2.000000476837158203e-01,1.285387039184570312e+00,1.938834228515625000e+03
2.000002861022949219e-01,1.268064737319946289e+00,1.938699951171875000e+03
2.000000476837158203e-01,1.249418497085571289e+00,1.938559082031250000e+03
1.999998092651367188e-01,1.229321002960205078e+00,1.938410644531250000e+03
2.000000476837158203e-01,1.207627177238464355e+00,1.938254028320312500e+03
2.000000476837158203e-01,1.184171199798583984e+00,1.938088134765625000e+03
2.000000476837158203e-01,1.158761739730834961e+00,1.937912109375000000e+03
2.000002861022949219e-01,1.131178498268127441e+00,1.937724609375000000e+03
2.000000476837158203e-01,1.101165294647216797e+00,1.937524291992187500e+03
2.000000476837158203e-01,1.068423032760620117e+00,1.937309448242187500e+03
2.000000476837158203e-01,1.032600522041320801e+00,1.937078369140625000e+03
1.999998092651367188e-01,9.932821989059448242e-01,1.936828491210937500e+03
2.000000476837158203e-01,9.499729871749877930e-01,1.936557250976562500e+03
2.000000476837158203e-01,9.020789861679077148e-01,1.936261596679687500e+03
2.000002861022949219e-01,8.488805294036865234e-01,1.935937377929687500e+03
2.000000476837158203e-01,7.894977331161499023e-01,1.935579956054687500e+03
2.000000476837158203e-01,7.228440046310424805e-01,1.935183349609375000e+03
2.000002861022949219e-01,6.475601196289062500e-01,1.934740234375000000e+03
1.999998092651367188e-01,5.619240999221801758e-01,1.934241333007812500e+03
1.999998092651367188e-01,4.637221097946166992e-01,1.933674560546875000e+03
1.999998092651367188e-01,3.500587940216064453e-01,1.933024291992187500e+03
1.999998092651367188e-01,2.170728445053100586e-01,1.932269653320312500e+03
4.027326107025146484e-01,2.000000476837158203e-01,1.932114624023437500e+03
6.338422298431396484e-01,2.000000476837158203e-01,1.932053710937500000e+03
8.663768768310546875e-01,2.000000476837158203e-01,1.931998535156250000e+03
1.100196957588195801e+00,2.000000476837158203e-01,1.931949096679687500e+03
1.335161328315734863e+00,2.000000476837158203e-01,1.931905273437500000e+03
1.571128487586975098e+00,2.000000476837158203e-01,1.931867309570312500e+03
1.807956457138061523e+00,2.000000476837158203e-01,1.931835205078125000e+03
2.045502185821533203e+00,2.000000476837158203e-01,1.931808837890625000e+03
2.283623218536376953e+00,2.000000476837158203e-01,1.931788330078125000e+03
2.522175550460815430e+00,2.000000476837158203e-01,1.931773681640625000e+03
2.761015892028808594e+00,2.000000476837158203e-01,1.931764892578125000e+03
3.000000000000000000e+00,2.000000476837158203e-01,1.931761962890625000e+03
3.238984107971191406e+00,2.000000476837158203e-01,1.931764892578125000e+03
3.477824449539184570e+00,2.000000476837158203e-01,1.931773681640625000e+03
3.716376781463623047e+00,2.000000476837158203e-01,1.931788330078125000e+03
3.954497814178466797e+00,2.000000476837158203e-01,1.931808837890625000e+03
4.192043304443359375e+00,2.000000476837158203e-01,1.931835205078125000e+03
4.428871631622314453e+00,2.000000476837158203e-01,1.931867309570312500e+03
4.664838790893554688e+00,2.000000476837158203e-01,1.931905273437500000e+03
4.899803161621093750e+00,2.000000476837158203e-01,1.931949096679687500e+03
5.133623123168945312e+00,2.000000476837158203e-01,1.931998535156250000e+03
5.366157531738281250e+00,2.000000476837158203e-01,1.932053710937500000e+03
5.597267150878906250e+00,2.000000476837158203e-01,1.932114624023437500e+03
5.800000190734863281e+00,2.170726060867309570e-01,1.932269653320312500e+03
5.800000190734863281e+00,3.500585556030273438e-01,1.933024291992187500e+03
5.800000190734863281e+00,4.637218713760375977e-01,1.933674560546875000e+03
5.800000190734863281e+00,5.619238615036010742e-01,1.934241210937500000e+03
5.800000190734863281e+00,6.475598812103271484e-01,1.934740234375000000e+03
5.800000190734863281e+00,7.228438854217529297e-01,1.935183349609375000e+03
5.800000190734863281e+00,7.894976139068603516e-01,1.935579956054687500e+03
5.800000190734863281e+00,8.488802909851074219e-01,1.935937377929687500e+03
5.800000190734863281e+00,9.020788669586181641e-01,1.936261596679687500e+03
5.800000190734863281e+00,9.499728679656982422e-01,1.936557250976562500e+03
5.800000190734863281e+00,9.932820796966552734e-01,1.936828491210937500e+03
5.800000190734863281e+00,1.032600402832031250e+00,1.937078369140625000e+03
5.800000190734863281e+00,1.068423032760620117e+00,1.937309448242187500e+03
5.800000190734863281e+00,1.101165294647216797e+00,1.937524291992187500e+03
5.800000190734863281e+00,1.131178379058837891e+00,1.937724609375000000e+03
5.800000667572021484e+00,1.158761501312255859e+00,1.937912109375000000e+03
5.800000190734863281e+00,1.184170961380004883e+00,1.938088134765625000e+03
5.800000190734863281e+00,1.207627058029174805e+00,1.938254028320312500e+03
5.800000190734863281e+00,1.229320883750915527e+00,1.938410644531250000e+03
5.800000190734863281e+00,1.249418497085571289e+00,1.938559082031250000e+03
5.800000190734863281e+00,1.268064737319946289e+00,1.938699951171875000e+03
5.800000190734863281e+00,1.285386919975280762e+00,1.938834228515625000e+03
5.800000190734863281e+00,1.301497220993041992e+00,1.938962280273437500e+03
5.800000190734863281e+00,1.316494464874267578e+00,1.939084716796875000e+03
5.800000190734863281e+00,1.330466389656066895e+00,1.939202148437500000e+03
5.800000190734863281e+00,1.343491077423095703e+00,1.939314819335937500e+03
5.800000190734863281e+00,1.355637907981872559e+00,1.939423339843750000e+03
5.800000190734863281e+00,1.366969108581542969e+00,1.939528076171875000e+03
5.800000190734863281e+00,1.377540111541748047e+00,1.939629150390625000e+03
5.800000190734863281e+00,1.387400984764099121e+00,1.939726928710937500e+03
5.800000190734863281e+00,1.396596431732177734e+00,1.939821777343750000e+03
5.800000190734863281e+00,1.405166983604431152e+00,1.939913818359375000e+03
5.800000190734863281e+00,1.413148880004882812e+00,1.940003417968750000e+03
5.800000190734863281e+00,1.420575141906738281e+00,1.940090576171875000e+03
5.800000190734863281e+00,1.427474975585937500e+00,1.940175659179687500e+03
5.800000190734863281e+00,1.433875679969787598e+00,1.940258789062500000e+03
5.800000190734863281e+00,1.439800977706909180e+00,1.940340209960937500e+03
5.800000190734863281e+00,1.445272803306579590e+00,1.940419921875000000e+03
5.800000190734863281e+00,1.450310945510864258e+00,1.940498168945312500e+03
5.800000190734863281e+00,1.454933047294616699e+00,1.940574951171875000e+03
5.800000190734863281e+00,1.459154963493347168e+00,1.940650634765625000e+03
5.800000190734863281e+00,1.462990999221801758e+00,1.940725097656250000e+03
5.800000190734863281e+00,1.466453790664672852e+00,1.940798583984375000e+03
5.800000190734863281e+00,1.469554901123046875e+00,1.940871215820312500e+03
5.800000190734863281e+00,1.472304105758666992e+00,1.940942993164062500e+03
5.800000667572021484e+00,1.474709987640380859e+00,1.941014160156250000e+03
5.800000190734863281e+00,1.476780414581298828e+00,1.941084716796875000e+03
5.800000190734863281e+00,1.478521823883056641e+00,1.941154663085937500e+03
5.800000667572021484e+00,1.479939222335815430e+00,1.941224243164062500e+03
5.800000190734863281e+00,1.481037378311157227e+00,1.941293457031250000e+03
5.800000190734863281e+00,1.481819391250610352e+00,1.941362426757812500e+03
5.800000190734863281e+00,1.482287645339965820e+00,1.941431274414062500e+03
5.800000190734863281e+00,1.537965178489685059e+00,1.941500000000000000e+03
5.800000190734863281e+00,1.537825942039489746e+00,1.941568725585937500e+03
5.800000190734863281e+00,1.537407875061035156e+00,1.941637573242187500e+03
5.800000190734863281e+00,1.536709785461425781e+00,1.941706542968750000e+03
5.800000190734863281e+00,1.535729527473449707e+00,1.941775756835937500e+03
5.800000190734863281e+00,1.534464120864868164e+00,1.941845336914062500e+03
5.800000190734863281e+00,1.532909631729125977e+00,1.941915283203125000e+03
5.800000190734863281e+00,1.531061172485351562e+00,1.941985839843750000e+03
5.800000190734863281e+00,1.528913378715515137e+00,1.942057006835937500e+03
5.800000190734863281e+00,1.526459097862243652e+00,1.942128784179687500e+03
5.800000190734863281e+00,1.523690700531005859e+00,1.942201416015625000e+03
5.800000190734863281e+00,1.520599365234375000e+00,1.942274902343750000e+03
5.800000190734863281e+00,1.517174839973449707e+00,1.942349365234375000e+03
5.800000190734863281e+00,1.513405799865722656e+00,1.942425048828125000e+03
5.800000190734863281e+00,1.509279608726501465e+00,1.942501831054687500e+03
5.800000190734863281e+00,1.504781961441040039e+00,1.942580078125000000e+03
5.800000190734863281e+00,1.499897003173828125e+00,1.942659790039062500e+03
5.800000190734863281e+00,1.494607329368591309e+00,1.942741210937500000e+03
5.800000190734863281e+00,1.488893508911132812e+00,1.942824340820312500e+03
5.800000190734863281e+00,1.482733726501464844e+00,1.942909423828125000e+03
5.800000190734863281e+00,1.476104140281677246e+00,1.942996582031250000e+03
5.800000190734863281e+00,1.468978524208068848e+00,1.943086181640625000e+03
5.800000190734863281e+00,1.461327433586120605e+00,1.943178222656250000e+03
5.800000190734863281e+00,1.453118443489074707e+00,1.943273071289062500e+03
5.800000190734863281e+00,1.444315433502197266e+00,1.943370849609375000e+03
5.800000190734863281e+00,1.434878349304199219e+00,1.943471923828125000e+03
5.800000190734863281e+00,1.424762725830078125e+00,1.943576660156250000e+03
5.800000190734863281e+00,1.413918972015380859e+00,1.943685180664062500e+03
5.800000190734863281e+00,1.402291536331176758e+00,1.943797851562500000e+03
5.800000190734863281e+00,1.389818429946899414e+00,1.943915283203125000e+03
5.800000190734863281e+00,1.376430034637451172e+00,1.944037719726562500e+03
5.800000190734863281e+00,1.362047910690307617e+00,1.944165771484375000e+03
5.800000190734863281e+00,1.346584081649780273e+00,1.944300048828125000e+03
5.800000190734863281e+00,1.329938173294067383e+00,1.944440917968750000e+03
5.800000190734863281e+00,1.311996459960937500e+00,1.944589355468750000e+03
5.800000190734863281e+00,1.292629957199096680e+00,1.944745971679687500e+03
5.800000190734863281e+00,1.271690130233764648e+00,1.944911865234375000e+03
5.800000190734863281e+00,1.249006628990173340e+00,1.945087890625000000e+03
5.800000190734863281e+00,1.224382400512695312e+00,1.945275390625000000e+03
5.800000190734863281e+00,1.197588920593261719e+00,1.945475708007812500e+03
5.800000190734863281e+00,1.168359279632568359e+00,1.945690551757812500e+03
5.800000190734863281e+00,1.136379718780517578e+00,1.945921630859375000e+03
5.800000190734863281e+00,1.101279020309448242e+00,1.946171508789062500e+03
5.800000190734863281e+00,1.062616109848022461e+00,1.946442749023437500e+03
5.800000190734863281e+00,1.019859790802001953e+00,1.946738403320312500e+03
5.800000190734863281e+00,9.723682403564453125e-01,1.947062622070312500e+03
5.800000190734863281e+00,9.193559885025024414e-01,1.947420043945312500e+03
5.800000190734863281e+00,8.598525524139404297e-01,1.947816650390625000e+03
5.800000190734863281e+00,7.926448583602905273e-01,1.948259765625000000e+03
5.800000190734863281e+00,7.161954641342163086e-01,1.948758789062500000e+03
5.800000190734863281e+00,6.285282373428344727e-01,1.949325439453125000e+03
5.800000190734863281e+00,5.270584821701049805e-01,1.949975708007812500e+03
5.800000190734863281e+00,4.083386659622192383e-01,1.950730346679687500e+03
5.800000190734863281e+00,2.676686048507690430e-01,1.951617919921875000e+03
5.650492668151855469e+00,2.000000476837158203e-01,1.952081420898437500e+03
5.390015125274658203e+00,2.000000476837158203e-01,1.952143188476562500e+03
5.128097534179687500e+00,2.000000476837158203e-01,1.952198730468750000e+03
4.864898204803466797e+00,2.000000476837158203e-01,1.952247680664062500e+03
4.600575447082519531e+00,2.000000476837158203e-01,1.952290161132812500e+03
4.335288524627685547e+00,2.000000476837158203e-01,1.952326171875000000e+03
4.069197177886962891e+00,2.000000476837158203e-01,1.952355712890625000e+03
3.802462100982666016e+00,2.000000476837158203e-01,1.952378662109375000e+03
3.535243272781372070e+00,2.000000476837158203e-01,1.952395141601562500e+03
3.267702341079711914e+00,2.000000476837158203e-01,1.952405029296875000e+03
3.000000000000000000e+00,2.000000476837158203e-01,1.952408325195312500e+03
2.732297658920288086e+00,2.000000476837158203e-01,1.952405029296875000e+03
2.464756727218627930e+00,2.000000476837158203e-01,1.952395141601562500e+03
2.197537899017333984e+00,2.000000476837158203e-01,1.952378662109375000e+03
1.930802702903747559e+00,2.000000476837158203e-01,1.952355712890625000e+03
1.664711475372314453e+00,2.000000476837158203e-01,1.952326171875000000e+03
1.399424672126770020e+00,2.000000476837158203e-01,1.952290161132812500e+03
1.135101795196533203e+00,2.000000476837158203e-01,1.952247680664062500e+03
8.719022274017333984e-01,2.000000476837158203e-01,1.952198730468750000e+03
6.099848747253417969e-01,2.000000476837158203e-01,1.952143188476562500e+03
3.495070934295654297e-01,2.000000476837158203e-01,1.952081420898437500e+03
2.000000476837158203e-01,2.676688432693481445e-01,1.951617919921875000e+03
2.000000476837158203e-01,4.083389043807983398e-01,1.950730346679687500e+03
2.000002861022949219e-01,5.270586013793945312e-01,1.949975708007812500e+03
1.999998092651367188e-01,6.285284757614135742e-01,1.949325439453125000e+03
2.000000476837158203e-01,7.161955833435058594e-01,1.948758666992187500e+03
2.000002861022949219e-01,7.926449775695800781e-01,1.948259765625000000e+03
2.000000476837158203e-01,8.598526716232299805e-01,1.947816650390625000e+03
2.000000476837158203e-01,9.193561077117919922e-01,1.947420043945312500e+03
2.000000476837158203e-01,9.723683595657348633e-01,1.947062622070312500e+03
1.999998092651367188e-01,1.019859910011291504e+00,1.946738403320312500e+03
2.000002861022949219e-01,1.062616109848022461e+00,1.946442749023437500e+03
1.999998092651367188e-01,1.101279139518737793e+00,1.946171508789062500e+03
2.000000476837158203e-01,1.136379718780517578e+00,1.945921630859375000e+03
2.000000476837158203e-01,1.168359279632568359e+00,1.945690551757812500e+03
2.000000476837158203e-01,1.197588920593261719e+00,1.945475708007812500e+03
2.000000476837158203e-01,1.224382519721984863e+00,1.945275390625000000e+03
2.000000476837158203e-01,1.249006748199462891e+00,1.945087890625000000e+03
2.000000476837158203e-01,1.271690249443054199e+00,1.944911865234375000e+03
1.999998092651367188e-01,1.292629957199096680e+00,1.944745971679687500e+03
1.999998092651367188e-01,1.311996579170227051e+00,1.944589355468750000e+03
2.000000476837158203e-01,1.329938173294067383e+00,1.944440917968750000e+03
1.999998092651367188e-01,1.346584081649780273e+00,1.944300048828125000e+03
1.999998092651367188e-01,1.362048149108886719e+00,1.944165771484375000e+03
2.000000476837158203e-01,1.376430034637451172e+00,1.944037719726562500e+03
2.000000476837158203e-01,1.389818429946899414e+00,1.943915283203125000e+03
2.000002861022949219e-01,1.402291774749755859e+00,1.943797851562500000e+03
2.000000476837158203e-01,1.413919091224670410e+00,1.943685180664062500e+03
2.000000476837158203e-01,1.424762964248657227e+00,1.943576660156250000e+03
2.000002861022949219e-01,1.434878468513488770e+00,1.943471923828125000e+03
2.000000476837158203e-01,1.444315433502197266e+00,1.943370849609375000e+03
2.000000476837158203e-01,1.453118562698364258e+00,1.943273071289062500e+03
1.999998092651367188e-01,1.461327433586120605e+00,1.943178222656250000e+03
1.999998092651367188e-01,1.468978643417358398e+00,1.943086181640625000e+03
1.999998092651367188e-01,1.476104259490966797e+00,1.942996582031250000e+03
2.000002861022949219e-01,1.482733726501464844e+00,1.942909423828125000e+03
2.000000476837158203e-01,1.488893508911132812e+00,1.942824340820312500e+03
2.000000476837158203e-01,1.494607448577880859e+00,1.942741210937500000e+03
2.000000476837158203e-01,1.499897122383117676e+00,1.942659790039062500e+03
1.999998092651367188e-01,1.504781961441040039e+00,1.942580078125000000e+03
2.000002861022949219e-01,1.509279727935791016e+00,1.942501831054687500e+03
2.000000476837158203e-01,1.513405919075012207e+00,1.942425048828125000e+03
2.000000476837158203e-01,1.517174959182739258e+00,1.942349365234375000e+03
2.000002861022949219e-01,1.520599484443664551e+00,1.942274902343750000e+03
2.000000476837158203e-01,1.523690819740295410e+00,1.942201416015625000e+03
2.000000476837158203e-01,1.526459217071533203e+00,1.942128784179687500e+03
2.000000476837158203e-01,1.528913378715515137e+00,1.942057006835937500e+03
1.999998092651367188e-01,1.531061291694641113e+00,1.941985839843750000e+03
2.000000476837158203e-01,1.532909631729125977e+00,1.941915283203125000e+03
2.000002861022949219e-01,1.534464120864868164e+00,1.941845336914062500e+03
2.000000476837158203e-01,1.535729646682739258e+00,1.941775756835937500e+03
2.000002861022949219e-01,1.536709904670715332e+00,1.941706542968750000e+03
2.000000476837158203e-01,1.537407994270324707e+00,1.941637573242187500e+03
2.000000476837158203e-01,1.537826061248779297e+00,1.941568725585937500e+03
2.000000476837158203e-01,1.537965178489685059e+00,1.941500000000000000e+03
2.000000476837158203e-01,1.537826061248779297e+00,1.941431274414062500e+03
2.000000476837158203e-01,1.537407994270324707e+00,1.941362426757812500e+03
2.000002861022949219e-01,1.536709904670715332e+00,1.941293457031250000e+03
2.000000476837158203e-01,1.535729646682739258e+00,1.941224243164062500e+03
2.000002861022949219e-01,1.534464120864868164e+00,1.941154663085937500e+03
2.000000476837158203e-01,1.532909631729125977e+00,1.941084716796875000e+03
1.999998092651367188e-01,1.531061291694641113e+00,1.941014160156250000e+03
2.000000476837158203e-01,1.528913378715515137e+00,1.940942993164062500e+03
2.000000476837158203e-01,1.526459217071533203e+00,1.940871215820312500e+03
2.000000476837158203e-01,1.523690819740295410e+00,1.940798583984375000e+03
2.000002861022949219e-01,1.520599484443664551e+00,1.940725097656250000e+03
2.000000476837158203e-01,1.517174959182739258e+00,1.940650634765625000e+03
2.000000476837158203e-01,1.513405919075012207e+00,1.940574951171875000e+03
2.000002861022949219e-01,1.509279727935791016e+00,1.940498168945312500e+03
1.999998092651367188e-01,1.504781961441040039e+00,1.940419921875000000e+03
2.000000476837158203e-01,1.499897122383117676e+00,1.940340209960937500e+03
2.000000476837158203e-01,1.494607448577880859e+00,1.940258789062500000e+03
2.000000476837158203e-01,1.488893508911132812e+00,1.940175659179687500e+03
2.000002861022949219e-01,1.482733726501464844e+00,1.940090576171875000e+03
1.999998092651367188e-01,1.476104259490966797e+00,1.940003417968750000e+03
1.999998092651367188e-01,1.468978643417358398e+00,1.939913818359375000e+03
1.999998092651367188e-01,1.461327433586120605e+00,1.939821777343750000e+03
2.000000476837158203e-01,1.453118562698364258e+00,1.939726928710937500e+03
2.000000476837158203e-01,1.444315433502197266e+00,1.939629150390625000e+03
2.000002861022949219e-01,1.434878468513488770e+00,1.939528076171875000e+03
2.000000476837158203e-01,1.424762964248657227e+00,1.939423339843750000e+03
2.000000476837158203e-01,1.413919091224670410e+00,1.939314819335937500e+03
2.000002861022949219e-01,1.402291774749755859e+00,1.939202148437500000e+03
2.000000476837158203e-01,1.389818429946899414e+00,1.939084716796875000e+03
2.000000476837158203e-01,1.376430034637451172e+00,1.938962280273437500e+03
1.999998092651367188e-01,1.362048149108886719e+00,1.938834228515625000e+03
1.999998092651367188e-01,1.346584081649780273e+00,1.938699951171875000e+03
2.000000476837158203e-01,1.329938173294067383e+00,1.938559082031250000e+03
1.999998092651367188e-01,1.311996579170227051e+00,1.938410644531250000e+03
1.999998092651367188e-01,1.292629957199096680e+00,1.938254028320312500e+03
2.000000476837158203e-01,1.271690249443054199e+00,1.938088134765625000e+03
2.000000476837158203e-01,1.249006748199462891e+00,1.937912109375000000e+03
2.000000476837158203e-01,1.224382519721984863e+00,1.937724609375000000e+03
2.000000476837158203e-01,1.197588920593261719e+00,1.937524291992187500e+03
2.000000476837158203e-01,1.168359279632568359e+00,1.937309448242187500e+03
2.000000476837158203e-01,1.136379718780517578e+00,1.937078369140625000e+03
1.999998092651367188e-01,1.101279139518737793e+00,1.936828491210937500e+03
2.000002861022949219e-01,1.062616109848022461e+00,1.936557250976562500e+03
1.999998092651367188e-01,1.019859910011291504e+00,1.936261596679687500e+03
2.000000476837158203e-01,9.723683595657348633e-01,1.935937377929687500e+03
2.000000476837158203e-01,9.193561077117919922e-01,1.935579956054687500e+03
2.000000476837158203e-01,8.598526716232299805e-01,1.935183349609375000e+03
2.000002861022949219e-01,7.926449775695800781e-01,1.934740234375000000e+03
2.000000476837158203e-01,7.161955833435058594e-01,1.934241333007812500e+03
1.999998092651367188e-01,6.285284757614135742e-01,1.933674560546875000e+03
2.000002861022949219e-01,5.270586013793945312e-01,1.933024291992187500e+03
2.000000476837158203e-01,4.083389043807983398e-01,1.932269653320312500e+03
2.000000476837158203e-01,2.676688432693481445e-01,1.931382080078125000e+03
3.495070934295654297e-01,2.000000476837158203e-01,1.930918579101562500e+03
6.099848747253417969e-01,2.000000476837158203e-01,1.930856811523437500e+03
8.719022274017333984e-01,2.000000476837158203e-01,1.930801269531250000e+03
1.135101795196533203e+00,2.000000476837158203e-01,1.930752319335937500e+03
1.399424672126770020e+00,2.000000476837158203e-01,1.930709838867187500e+03
1.664711475372314453e+00,2.000000476837158203e-01,1.930673828125000000e+03
1.930802702903747559e+00,2.000000476837158203e-01,1.930644287109375000e+03
2.197537899017333984e+00,2.000000476837158203e-01,1.930621337890625000e+03
2.464756727218627930e+00,2.000000476837158203e-01,1.930604858398437500e+03
2.732297658920288086e+00,2.000000476837158203e-01,1.930594970703125000e+03
3.000000000000000000e+00,2.000000476837158203e-01,1.930591674804687500e+03
3.267702341079711914e+00,2.000000476837158203e-01,1.930594970703125000e+03
3.535243272781372070e+00,2.000000476837158203e-01,1.930604858398437500e+03
3.802462100982666016e+00,2.000000476837158203e-01,1.930621337890625000e+03
4.069197177886962891e+00,2.000000476837158203e-01,1.930644287109375000e+03
4.335288524627685547e+00,2.000000476837158203e-01,1.930673828125000000e+03
4.600575447082519531e+00,2.000000476837158203e-01,1.930709838867187500e+03
4.864898204803466797e+00,2.000000476837158203e-01,1.930752319335937500e+03
5.128097534179687500e+00,2.000000476837158203e-01,1.930801269531250000e+03
5.390015125274658203e+00,2.000000476837158203e-01,1.930856811523437500e+03
5.650492668151855469e+00,2.000000476837158203e-01,1.930918579101562500e+03
5.800000190734863281e+00,2.676686048507690430e-01,1.931382080078125000e+03
5.800000190734863281e+00,4.083386659622192383e-01,1.932269653320312500e+03
5.800000190734863281e+00,5.270584821701049805e-01,1.933024291992187500e+03
5.800000190734863281e+00,6.285282373428344727e-01,1.933674560546875000e+03
5.800000190734863281e+00,7.161954641342163086e-01,1.934241210937500000e+03
5.800000190734863281e+00,7.926448583602905273e-01,1.934740234375000000e+03
5.800000190734863281e+00,8.598525524139404297e-01,1.935183349609375000e+03
5.800000190734863281e+00,9.193559885025024414e-01,1.935579956054687500e+03
5.800000190734863281e+00,9.723682403564453125e-01,1.935937377929687500e+03
5.800000190734863281e+00,1.019859790802001953e+00,1.936261596679687500e+03
5.800000190734863281e+00,1.062616109848022461e+00,1.936557250976562500e+03
5.800000190734863281e+00,1.101279020309448242e+00,1.936828491210937500e+03
5.800000190734863281e+00,1.136379718780517578e+00,1.937078369140625000e+03
5.800000190734863281e+00,1.168359279632568359e+00,1.937309448242187500e+03
5.800000190734863281e+00,1.197588920593261719e+00,1.937524291992187500e+03
5.800000190734863281e+00,1.224382400512695312e+00,1.937724609375000000e+03
5.800000190734863281e+00,1.249006628990173340e+00,1.937912109375000000e+03
5.800000190734863281e+00,1.271690130233764648e+00,1.938088134765625000e+03
5.800000190734863281e+00,1.292629957199096680e+00,1.938254028320312500e+03
5.800000190734863281e+00,1.311996459960937500e+00,1.938410644531250000e+03
5.800000190734863281e+00,1.329938173294067383e+00,1.938559082031250000e+03
5.800000190734863281e+00,1.346584081649780273e+00,1.938699951171875000e+03
5.800000190734863281e+00,1.362047910690307617e+00,1.938834228515625000e+03
5.800000190734863281e+00,1.376430034637451172e+00,1.938962280273437500e+03
5.800000190734863281e+00,1.389818429946899414e+00,1.939084716796875000e+03
5.800000190734863281e+00,1.402291536331176758e+00,1.939202148437500000e+03
5.800000190734863281e+00,1.413918972015380859e+00,1.939314819335937500e+03
5.800000190734863281e+00,1.424762725830078125e+00,1.939423339843750000e+03
5.800000190734863281e+00,1.434878349304199219e+00,1.939528076171875000e+03
5.800000190734863281e+00,1.444315433502197266e+00,1.939629150390625000e+03
5.800000190734863281e+00,1.453118443489074707e+00,1.939726928710937500e+03
5.800000190734863281e+00,1.461327433586120605e+00,1.939821777343750000e+03
5.800000190734863281e+00,1.468978524208068848e+00,1.939913818359375000e+03
5.800000190734863281e+00,1.476104140281677246e+00,1.940003417968750000e+03
5.800000190734863281e+00,1.482733726501464844e+00,1.940090576171875000e+03
5.800000190734863281e+00,1.488893508911132812e+00,1.940175659179687500e+03
5.800000190734863281e+00,1.494607329368591309e+00,1.940258789062500000e+03
5.800000190734863281e+00,1.499897003173828125e+00,1.940340209960937500e+03
5.800000190734863281e+00,1.504781961441040039e+00,1.940419921875000000e+03
5.800000190734863281e+00,1.509279608726501465e+00,1.940498168945312500e+03
5.800000190734863281e+00,1.513405799865722656e+00,1.940574951171875000e+03
5.800000190734863281e+00,1.517174839973449707e+00,1.940650634765625000e+03
5.800000190734863281e+00,1.520599365234375000e+00,1.940725097656250000e+03
5.800000190734863281e+00,1.523690700531005859e+00,1.940798583984375000e+03
5.800000190734863281e+00,1.526459097862243652e+00,1.940871215820312500e+03
5.800000190734863281e+00,1.528913378715515137e+00,1.940942993164062500e+03
5.800000190734863281e+00,1.531061172485351562e+00,1.941014160156250000e+03
5.800000190734863281e+00,1.532909631729125977e+00,1.941084716796875000e+03
5.800000190734863281e+00,1.534464120864868164e+00,1.941154663085937500e+03
5.800000190734863281e+00,1.535729527473449707e+00,1.941224243164062500e+03
5.800000190734863281e+00,1.536709785461425781e+00,1.941293457031250000e+03
5.800000190734863281e+00,1.537407875061035156e+00,1.941362426757812500e+03
5.800000190734863281e+00,1.537825942039489746e+00,1.941431274414062500e+03
5.800000190734863281e+00,1.593135237693786621e+00,1.941500000000000000e+03
5.800000190734863281e+00,1.593012690544128418e+00,1.941568725585937500e+03
5.800000190734863281e+00,1.592644572257995605e+00,1.941637573242187500e+03
5.800000190734863281e+00,1.592029809951782227e+00,1.941706542968750000e+03
5.800000190734863281e+00,1.591166615486145020e+00,1.941775756835937500e+03
5.800000190734863281e+00,1.590052247047424316e+00,1.941845336914062500e+03
5.800000190734863281e+00,1.588683366775512695e+00,1.941915283203125000e+03
5.800000190734863281e+00,1.587055683135986328e+00,1.941985839843750000e+03
5.800000190734863281e+00,1.585164308547973633e+00,1.942057006835937500e+03
5.800000667572021484e+00,1.583003044128417969e+00,1.942128784179687500e+03
5.800000190734863281e+00,1.580565333366394043e+00,1.942201416015625000e+03
5.800000190734863281e+00,1.577843070030212402e+00,1.942274902343750000e+03
5.800000190734863281e+00,1.574827432632446289e+00,1.942349365234375000e+03
5.800000190734863281e+00,1.571508526802062988e+00,1.942425048828125000e+03
5.800000190734863281e+00,1.567874908447265625e+00,1.942501831054687500e+03
5.800000190734863281e+00,1.563914299011230469e+00,1.942580078125000000e+03
5.800000190734863281e+00,1.559612751007080078e+00,1.942659790039062500e+03
5.800000190734863281e+00,1.554954648017883301e+00,1.942741210937500000e+03
5.800000190734863281e+00,1.549923062324523926e+00,1.942824340820312500e+03
5.800000190734863281e+00,1.544498682022094727e+00,1.942909423828125000e+03
5.800000190734863281e+00,1.538660883903503418e+00,1.942996582031250000e+03
5.800000190734863281e+00,1.532386064529418945e+00,1.943086181640625000e+03
5.800000190734863281e+00,1.525648593902587891e+00,1.943178222656250000e+03
5.800000190734863281e+00,1.518419742584228516e+00,1.943273071289062500e+03
5.800000190734863281e+00,1.510667920112609863e+00,1.943370849609375000e+03
5.800000190734863281e+00,1.502357721328735352e+00,1.943471923828125000e+03
5.800000190734863281e+00,1.493449926376342773e+00,1.943576660156250000e+03
5.800000190734863281e+00,1.483901023864746094e+00,1.943685180664062500e+03
5.800000190734863281e+00,1.473662018775939941e+00,1.943797851562500000e+03
5.800000190734863281e+00,1.462678313255310059e+00,1.943915283203125000e+03
5.800000190734863281e+00,1.450888514518737793e+00,1.944037719726562500e+03
5.800000190734863281e+00,1.438223838806152344e+00,1.944165771484375000e+03
5.800000190734863281e+00,1.424606323242187500e+00,1.944300048828125000e+03
5.800000190734863281e+00,1.409947991371154785e+00,1.944440917968750000e+03
5.800000190734863281e+00,1.394148826599121094e+00,1.944589355468750000e+03
5.800000667572021484e+00,1.377094745635986328e+00,1.944745971679687500e+03
5.800000190734863281e+00,1.358655214309692383e+00,1.944911865234375000e+03
5.800000190734863281e+00,1.338680267333984375e+00,1.945087890625000000e+03
5.800000190734863281e+00,1.316996335983276367e+00,1.945275390625000000e+03
5.800000190734863281e+00,1.293402314186096191e+00,1.945475708007812500e+03
5.800000190734863281e+00,1.267662763595581055e+00,1.945690551757812500e+03
5.800000190734863281e+00,1.239501714706420898e+00,1.945921630859375000e+03
5.800000190734863281e+00,1.208592534065246582e+00,1.946171508789062500e+03
5.800000190734863281e+00,1.174546003341674805e+00,1.946442749023437500e+03
5.800000190734863281e+00,1.136895298957824707e+00,1.946738403320312500e+03
5.800000190734863281e+00,1.095074415206909180e+00,1.947062622070312500e+03
5.800000190734863281e+00,1.048392057418823242e+00,1.947420043945312500e+03
5.800000190734863281e+00,9.959937334060668945e-01,1.947816650390625000e+03
5.800000190734863281e+00,9.368110895156860352e-01,1.948259765625000000e+03
5.800000190734863281e+00,8.694906234741210938e-01,1.948758666992187500e+03
5.800000190734863281e+00,7.922912836074829102e-01,1.949325439453125000e+03
5.800000190734863281e+00,7.029377222061157227e-01,1.949975708007812500e+03
5.800000190734863281e+00,5.983939170837402344e-01,1.950730346679687500e+03
5.800000190734863281e+00,4.745208024978637695e-01,1.951617919921875000e+03
5.800000190734863281e+00,3.255228996276855469e-01,1.952678222656250000e+03
5.714096546173095703e+00,2.000000476837158203e-01,1.953586425781250000e+03
5.416663646697998047e+00,2.000000476837158203e-01,1.953649414062500000e+03
5.117774963378906250e+00,2.000000476837158203e-01,1.953705078125000000e+03
4.817610263824462891e+00,2.000000476837158203e-01,1.953753295898437500e+03
4.516351222991943359e+00,2.000000476837158203e-01,1.953794189453125000e+03
4.214178562164306641e+00,2.000000476837158203e-01,1.953827758789062500e+03
3.911274433135986328e+00,2.000000476837158203e-01,1.953853881835937500e+03
3.607821464538574219e+00,2.000000476837158203e-01,1.953872436523437500e+03
3.304002285003662109e+00,2.000000476837158203e-01,1.953883666992187500e+03
3.000000000000000000e+00,2.000000476837158203e-01,1.953887451171875000e+03
2.695997714996337891e+00,2.000000476837158203e-01,1.953883666992187500e+03
2.392178535461425781e+00,2.000000476837158203e-01,1.953872436523437500e+03
2.088725566864013672e+00,2.000000476837158203e-01,1.953853881835937500e+03
1.785821557044982910e+00,2.000000476837158203e-01,1.953827758789062500e+03
1.483648896217346191e+00,2.000000476837158203e-01,1.953794189453125000e+03
1.182389616966247559e+00,2.000000476837158203e-01,1.953753295898437500e+03
8.822252750396728516e-01,2.000000476837158203e-01,1.953705078125000000e+03
5.833363533020019531e-01,2.000000476837158203e-01,1.953649414062500000e+03
2.859034538269042969e-01,2.000000476837158203e-01,1.953586425781250000e+03
2.000000476837158203e-01,3.255230188369750977e-01,1.952678222656250000e+03
2.000000476837158203e-01,4.745210409164428711e-01,1.951617919921875000e+03
2.000002861022949219e-01,5.983941555023193359e-01,1.950730346679687500e+03
2.000000476837158203e-01,7.029378414154052734e-01,1.949975708007812500e+03
2.000000476837158203e-01,7.922915220260620117e-01,1.949325439453125000e+03
2.000002861022949219e-01,8.694907426834106445e-01,1.948758666992187500e+03
1.999998092651367188e-01,9.368112087249755859e-01,1.948259765625000000e+03
2.000000476837158203e-01,9.959938526153564453e-01,1.947816650390625000e+03
1.999998092651367188e-01,1.048392176628112793e+00,1.947420043945312500e+03
2.000000476837158203e-01,1.095074653625488281e+00,1.947062622070312500e+03
2.000000476837158203e-01,1.136895418167114258e+00,1.946738403320312500e+03
2.000000476837158203e-01,1.174546003341674805e+00,1.946442749023437500e+03
2.000000476837158203e-01,1.208592653274536133e+00,1.946171508789062500e+03
2.000000476837158203e-01,1.239501833915710449e+00,1.945921630859375000e+03
2.000000476837158203e-01,1.267662763595581055e+00,1.945690551757812500e+03
2.000002861022949219e-01,1.293402433395385742e+00,1.945475708007812500e+03
2.000000476837158203e-01,1.316996455192565918e+00,1.945275390625000000e+03
2.000000476837158203e-01,1.338680386543273926e+00,1.945087890625000000e+03
2.000000476837158203e-01,1.358655333518981934e+00,1.944911865234375000e+03
2.000000476837158203e-01,1.377094864845275879e+00,1.944745971679687500e+03
2.000000476837158203e-01,1.394148945808410645e+00,1.944589355468750000e+03
1.999998092651367188e-01,1.409948110580444336e+00,1.944440917968750000e+03
2.000000476837158203e-01,1.424606323242187500e+00,1.944300048828125000e+03
2.000000476837158203e-01,1.438223838806152344e+00,1.944165771484375000e+03
2.000002861022949219e-01,1.450888633728027344e+00,1.944037719726562500e+03
2.000002861022949219e-01,1.462678432464599609e+00,1.943915283203125000e+03
2.000000476837158203e-01,1.473662137985229492e+00,1.943797851562500000e+03
1.999998092651367188e-01,1.483901023864746094e+00,1.943685180664062500e+03
2.000000476837158203e-01,1.493450045585632324e+00,1.943576660156250000e+03
2.000002861022949219e-01,1.502357840538024902e+00,1.943471923828125000e+03
2.000002861022949219e-01,1.510668039321899414e+00,1.943370849609375000e+03
2.000000476837158203e-01,1.518419742584228516e+00,1.943273071289062500e+03
2.000000476837158203e-01,1.525648593902587891e+00,1.943178222656250000e+03
2.000002861022949219e-01,1.532386183738708496e+00,1.943086181640625000e+03
2.000000476837158203e-01,1.538661003112792969e+00,1.942996582031250000e+03
1.999998092651367188e-01,1.544498801231384277e+00,1.942909423828125000e+03
2.000002861022949219e-01,1.549923181533813477e+00,1.942824340820312500e+03
2.000002861022949219e-01,1.554954767227172852e+00,1.942741210937500000e+03
2.000000476837158203e-01,1.559612751007080078e+00,1.942659790039062500e+03
2.000000476837158203e-01,1.563914418220520020e+00,1.942580078125000000e+03
2.000000476837158203e-01,1.567875027656555176e+00,1.942501831054687500e+03
2.000002861022949219e-01,1.571508526802062988e+00,1.942425048828125000e+03
2.000002861022949219e-01,1.574827551841735840e+00,1.942349365234375000e+03
2.000000476837158203e-01,1.577843070030212402e+00,1.942274902343750000e+03
2.000000476837158203e-01,1.580565333366394043e+00,1.942201416015625000e+03
1.999998092651367188e-01,1.583003044128417969e+00,1.942128784179687500e+03
2.000000476837158203e-01,1.585164308547973633e+00,1.942057006835937500e+03
2.000000476837158203e-01,1.587055683135986328e+00,1.941985839843750000e+03
2.000000476837158203e-01,1.588683366775512695e+00,1.941915283203125000e+03
2.000000476837158203e-01,1.590052366256713867e+00,1.941845336914062500e+03
2.000000476837158203e-01,1.591166615486145020e+00,1.941775756835937500e+03
2.000000476837158203e-01,1.592029809951782227e+00,1.941706542968750000e+03
2.000000476837158203e-01,1.592644572257995605e+00,1.941637573242187500e+03
2.000002861022949219e-01,1.593012690544128418e+00,1.941568725585937500e+03
2.000002861022949219e-01,1.593135356903076172e+00,1.941500000000000000e+03
2.000002861022949219e-01,1.593012690544128418e+00,1.941431274414062500e+03
2.000000476837158203e-01,1.592644572257995605e+00,1.941362426757812500e+03
2.000000476837158203e-01,1.592029809951782227e+00,1.941293457031250000e+03
2.000000476837158203e-01,1.591166615486145020e+00,1.941224243164062500e+03
2.000000476837158203e-01,1.590052366256713867e+00,1.941154663085937500e+03
2.000000476837158203e-01,1.588683366775512695e+00,1.941084716796875000e+03
2.000000476837158203e-01,1.587055683135986328e+00,1.941014160156250000e+03
2.000000476837158203e-01,1.585164308547973633e+00,1.940942993164062500e+03
1.999998092651367188e-01,1.583003044128417969e+00,1.940871215820312500e+03
2.000000476837158203e-01,1.580565333366394043e+00,1.940798583984375000e+03
2.000000476837158203e-01,1.577843070030212402e+00,1.940725097656250000e+03
2.000002861022949219e-01,1.574827551841735840e+00,1.940650634765625000e+03
2.000002861022949219e-01,1.571508526802062988e+00,1.940574951171875000e+03
2.000000476837158203e-01,1.567875027656555176e+00,1.940498168945312500e+03
2.000000476837158203e-01,1.563914418220520020e+00,1.940419921875000000e+03
2.000000476837158203e-01,1.559612751007080078e+00,1.940340209960937500e+03
2.000002861022949219e-01,1.554954767227172852e+00,1.940258789062500000e+03
2.000002861022949219e-01,1.549923181533813477e+00,1.940175659179687500e+03
1.999998092651367188e-01,1.544498801231384277e+00,1.940090576171875000e+03
2.000000476837158203e-01,1.538661003112792969e+00,1.940003417968750000e+03
2.000002861022949219e-01,1.532386183738708496e+00,1.939913818359375000e+03
2.000000476837158203e-01,1.525648593902587891e+00,1.939821777343750000e+03
2.000000476837158203e-01,1.518419742584228516e+00,1.939726928710937500e+03
2.000002861022949219e-01,1.510668039321899414e+00,1.939629150390625000e+03
2.000002861022949219e-01,1.502357840538024902e+00,1.939528076171875000e+03
2.000000476837158203e-01,1.493450045585632324e+00,1.939423339843750000e+03
1.999998092651367188e-01,1.483901023864746094e+00,1.939314819335937500e+03
2.000000476837158203e-01,1.473662137985229492e+00,1.939202148437500000e+03
2.000002861022949219e-01,1.462678432464599609e+00,1.939084716796875000e+03
2.000002861022949219e-01,1.450888633728027344e+00,1.938962280273437500e+03
2.000000476837158203e-01,1.438223838806152344e+00,1.938834228515625000e+03
2.000000476837158203e-01,1.424606323242187500e+00,1.938699951171875000e+03
1.999998092651367188e-01,1.409948110580444336e+00,1.938559082031250000e+03
2.000000476837158203e-01,1.394148945808410645e+00,1.938410644531250000e+03
2.000000476837158203e-01,1.377094864845275879e+00,1.938254028320312500e+03
2.000000476837158203e-01,1.358655333518981934e+00,1.938088134765625000e+03
2.000000476837158203e-01,1.338680386543273926e+00,1.937912109375000000e+03
2.000000476837158203e-01,1.316996455192565918e+00,1.937724609375000000e+03
2.000002861022949219e-01,1.293402433395385742e+00,1.937524291992187500e+03
2.000000476837158203e-01,1.267662763595581055e+00,1.937309448242187500e+03
2.000000476837158203e-01,1.239501833915710449e+00,1.937078369140625000e+03
2.000000476837158203e-01,1.208592653274536133e+00,1.936828491210937500e+03
2.000000476837158203e-01,1.174546003341674805e+00,1.936557250976562500e+03
2.000000476837158203e-01,1.136895418167114258e+00,1.936261596679687500e+03
2.000000476837158203e-01,1.095074653625488281e+00,1.935937377929687500e+03
1.999998092651367188e-01,1.048392176628112793e+00,1.935579956054687500e+03
2.000000476837158203e-01,9.959938526153564453e-01,1.935183349609375000e+03
1.999998092651367188e-01,9.368112087249755859e-01,1.934740234375000000e+03
2.000002861022949219e-01,8.694907426834106445e-01,1.934241333007812500e+03
2.000000476837158203e-01,7.922915220260620117e-01,1.933674560546875000e+03
2.000000476837158203e-01,7.029378414154052734e-01,1.933024291992187500e+03
2.000002861022949219e-01,5.983941555023193359e-01,1.932269653320312500e+03
2.000000476837158203e-01,4.745210409164428711e-01,1.931382080078125000e+03
2.000000476837158203e-01,3.255230188369750977e-01,1.930321777343750000e+03
2.859034538269042969e-01,2.000000476837158203e-01,1.929413574218750000e+03
5.833363533020019531e-01,2.000000476837158203e-01,1.929350585937500000e+03
8.822252750396728516e-01,2.000000476837158203e-01,1.929294921875000000e+03
1.182389616966247559e+00,2.000000476837158203e-01,1.929246704101562500e+03
1.483648896217346191e+00,2.000000476837158203e-01,1.929205810546875000e+03
1.785821557044982910e+00,2.000000476837158203e-01,1.929172241210937500e+03
2.088725566864013672e+00,2.000000476837158203e-01,1.929146118164062500e+03
2.392178535461425781e+00,2.000000476837158203e-01,1.929127563476562500e+03
2.695997714996337891e+00,2.000000476837158203e-01,1.929116333007812500e+03
3.000000000000000000e+00,2.000000476837158203e-01,1.929112548828125000e+03
3.304002285003662109e+00,2.000000476837158203e-01,1.929116333007812500e+03
3.607821464538574219e+00,2.000000476837158203e-01,1.929127563476562500e+03
3.911274433135986328e+00,2.000000476837158203e-01,1.929146118164062500e+03
4.214178562164306641e+00,2.000000476837158203e-01,1.929172241210937500e+03
4.516351222991943359e+00,2.000000476837158203e-01,1.929205810546875000e+03
4.817610263824462891e+00,2.000000476837158203e-01,1.929246704101562500e+03
5.117774963378906250e+00,2.000000476837158203e-01,1.929294921875000000e+03
5.416663646697998047e+00,2.000000476837158203e-01,1.929350585937500000e+03
5.714096546173095703e+00,2.000000476837158203e-01,1.929413574218750000e+03
5.800000190734863281e+00,3.255228996276855469e-01,1.930321777343750000e+03
5.800000190734863281e+00,4.745208024978637695e-01,1.931382080078125000e+03
5.800000190734863281e+00,5.983939170837402344e-01,1.932269653320312500e+03
5.800000190734863281e+00,7.029377222061157227e-01,1.933024291992187500e+03
5.800000190734863281e+00,7.922912836074829102e-01,1.933674560546875000e+03
5.800000190734863281e+00,8.694906234741210938e-01,1.934241333007812500e+03
5.800000190734863281e+00,9.368110895156860352e-01,1.934740234375000000e+03
5.800000190734863281e+00,9.959937334060668945e-01,1.935183349609375000e+03
5.800000190734863281e+00,1.048392057418823242e+00,1.935579956054687500e+03
5.800000190734863281e+00,1.095074415206909180e+00,1.935937377929687500e+03
5.800000190734863281e+00,1.136895298957824707e+00,1.936261596679687500e+03
5.800000190734863281e+00,1.174546003341674805e+00,1.936557250976562500e+03
5.800000190734863281e+00,1.208592534065246582e+00,1.936828491210937500e+03
5.800000190734863281e+00,1.239501714706420898e+00,1.937078369140625000e+03
5.800000190734863281e+00,1.267662763595581055e+00,1.937309448242187500e+03
5.800000190734863281e+00,1.293402314186096191e+00,1.937524291992187500e+03
5.800000190734863281e+00,1.316996335983276367e+00,1.937724609375000000e+03
5.800000190734863281e+00,1.338680267333984375e+00,1.937912109375000000e+03
5.800000190734863281e+00,1.358655214309692383e+00,1.938088134765625000e+03
5.800000667572021484e+00,1.377094745635986328e+00,1.938254028320312500e+03
5.800000190734863281e+00,1.394148826599121094e+00,1.938410644531250000e+03
5.800000190734863281e+00,1.409947991371154785e+00,1.938559082031250000e+03
5.800000190734863281e+00,1.424606323242187500e+00,1.938699951171875000e+03
5.800000190734863281e+00,1.438223838806152344e+00,1.938834228515625000e+03
5.800000190734863281e+00,1.450888514518737793e+00,1.938962280273437500e+03
5.800000190734863281e+00,1.462678313255310059e+00,1.939084716796875000e+03
5.800000190734863281e+00,1.473662018775939941e+00,1.939202148437500000e+03
5.800000190734863281e+00,1.483901023864746094e+00,1.939314819335937500e+03
5.800000190734863281e+00,1.493449926376342773e+00,1.939423339843750000e+03
5.800000190734863281e+00,1.502357721328735352e+00,1.939528076171875000e+03
5.800000190734863281e+00,1.510667920112609863e+00,1.939629150390625000e+03
5.800000190734863281e+00,1.518419742584228516e+00,1.939726928710937500e+03
5.800000190734863281e+00,1.525648593902587891e+00,1.939821777343750000e+03
5.800000190734863281e+00,1.532386064529418945e+00,1.939913818359375000e+03
5.800000190734863281e+00,1.538660883903503418e+00,1.940003417968750000e+03
5.800000190734863281e+00,1.544498682022094727e+00,1.940090576171875000e+03
5.800000190734863281e+00,1.549923062324523926e+00,1.940175659179687500e+03
5.800000190734863281e+00,1.554954648017883301e+00,1.940258789062500000e+03
5.800000190734863281e+00,1.559612751007080078e+00,1.940340209960937500e+03
5.800000190734863281e+00,1.563914299011230469e+00,1.940419921875000000e+03
5.800000190734863281e+00,1.567874908447265625e+00,1.940498168945312500e+03
5.800000190734863281e+00,1.571508526802062988e+00,1.940574951171875000e+03
5.800000190734863281e+00,1.574827432632446289e+00,1.940650634765625000e+03
5.800000190734863281e+00,1.577843070030212402e+00,1.940725097656250000e+03
5.800000190734863281e+00,1.580565333366394043e+00,1.940798583984375000e+03
5.800000667572021484e+00,1.583003044128417969e+00,1.940871215820312500e+03
5.800000190734863281e+00,1.585164308547973633e+00,1.940942993164062500e+03
5.800000190734863281e+00,1.587055683135986328e+00,1.941014160156250000e+03
5.800000190734863281e+00,1.588683366775512695e+00,1.941084716796875000e+03
5.800000190734863281e+00,1.590052247047424316e+00,1.941154663085937500e+03
5.800000190734863281e+00,1.591166615486145020e+00,1.941224243164062500e+03
5.800000190734863281e+00,1.592029809951782227e+00,1.941293457031250000e+03
5.800000190734863281e+00,1.592644572257995605e+00,1.941362426757812500e+03
5.800000190734863281e+00,1.593012690544128418e+00,1.941431274414062500e+03
5.800000190734863281e+00,1.647997617721557617e+00,1.941500000000000000e+03
5.800000190734863281e+00,1.647891640663146973e+00,1.941568725585937500e+03
5.800000190734863281e+00,1.647573232650756836e+00,1.941637573242187500e+03
5.800000190734863281e+00,1.647041320800781250e+00,1.941706542968750000e+03
5.800000190734863281e+00,1.646294474601745605e+00,1.941775756835937500e+03
5.800000190734863281e+00,1.645330429077148438e+00,1.941845336914062500e+03
5.800000190734863281e+00,1.644146084785461426e+00,1.941915283203125000e+03
5.800000190734863281e+00,1.642737984657287598e+00,1.941985839843750000e+03
5.800000190734863281e+00,1.641101598739624023e+00,1.942057006835937500e+03
5.800000190734863281e+00,1.639231801033020020e+00,1.942128784179687500e+03
5.800000190734863281e+00,1.637122750282287598e+00,1.942201416015625000e+03
5.800000190734863281e+00,1.634767532348632812e+00,1.942274902343750000e+03
5.800000190734863281e+00,1.632158517837524414e+00,1.942349365234375000e+03
5.800000190734863281e+00,1.629287123680114746e+00,1.942425048828125000e+03
5.800000190734863281e+00,1.626143574714660645e+00,1.942501831054687500e+03
5.800000190734863281e+00,1.622717022895812988e+00,1.942580078125000000e+03
5.800000190734863281e+00,1.618995428085327148e+00,1.942659790039062500e+03
5.800000190734863281e+00,1.614965438842773438e+00,1.942741210937500000e+03
5.800000190734863281e+00,1.610612392425537109e+00,1.942824340820312500e+03
5.800000190734863281e+00,1.605919480323791504e+00,1.942909423828125000e+03
5.800000190734863281e+00,1.600868821144104004e+00,1.942996582031250000e+03
5.800000190734863281e+00,1.595440030097961426e+00,1.943086181640625000e+03
5.800000190734863281e+00,1.589611053466796875e+00,1.943178222656250000e+03
5.800000190734863281e+00,1.583356976509094238e+00,1.943273071289062500e+03
5.800000190734863281e+00,1.576650381088256836e+00,1.943370849609375000e+03
5.800000190734863281e+00,1.569460868835449219e+00,1.943471923828125000e+03
5.800000190734863281e+00,1.561754226684570312e+00,1.943576660156250000e+03
5.800000190734863281e+00,1.553492903709411621e+00,1.943685180664062500e+03
5.800000190734863281e+00,1.544634461402893066e+00,1.943797851562500000e+03
5.800000190734863281e+00,1.535131812095642090e+00,1.943915283203125000e+03
5.800000190734863281e+00,1.524931907653808594e+00,1.944037719726562500e+03
5.800000190734863281e+00,1.513974785804748535e+00,1.944165771484375000e+03
5.800000190734863281e+00,1.502193689346313477e+00,1.944300048828125000e+03
5.800000667572021484e+00,1.489511728286743164e+00,1.944440917968750000e+03
5.800000190734863281e+00,1.475843071937561035e+00,1.944589355468750000e+03
5.800000190734863281e+00,1.461088657379150391e+00,1.944745971679687500e+03
5.800000190734863281e+00,1.445135474205017090e+00,1.944911865234375000e+03
5.800000190734863281e+00,1.427854061126708984e+00,1.945087890625000000e+03
5.800000190734863281e+00,1.409093856811523438e+00,1.945275390625000000e+03
5.800000190734863281e+00,1.388681292533874512e+00,1.945475708007812500e+03
5.800000190734863281e+00,1.366412520408630371e+00,1.945690551757812500e+03
5.800000190734863281e+00,1.342048883438110352e+00,1.945921630859375000e+03
5.800000190734863281e+00,1.315307497978210449e+00,1.946171508789062500e+03
5.800000190734863281e+00,1.285851955413818359e+00,1.946442749023437500e+03
5.800000190734863281e+00,1.253278017044067383e+00,1.946738403320312500e+03
5.800000190734863281e+00,1.217096567153930664e+00,1.947062622070312500e+03
5.800000190734863281e+00,1.176708936691284180e+00,1.947420043945312500e+03
5.800000190734863281e+00,1.131376028060913086e+00,1.947816650390625000e+03
5.800000190734863281e+00,1.080173730850219727e+00,1.948259765625000000e+03
5.800000190734863281e+00,1.021930575370788574e+00,1.948758789062500000e+03
5.800000190734863281e+00,9.551413059234619141e-01,1.949325439453125000e+03
5.800000190734863281e+00,8.778361082077026367e-01,1.949975708007812500e+03
5.800000190734863281e+00,7.873892784118652344e-01,1.950730346679687500e+03
5.800000667572021484e+00,6.802192926406860352e-01,1.951617919921875000e+03
5.800000190734863281e+00,5.513126850128173828e-01,1.952678222656250000e+03
5.800000190734863281e+00,3.934261798858642578e-01,1.953968994140625000e+03
5.793320655822753906e+00,1.999999284744262695e-01,1.955542968750000000e+03
5.447847366333007812e+00,1.999999284744262695e-01,1.955607299804687500e+03
5.100900173187255859e+00,1.999999284744262695e-01,1.955663085937500000e+03
4.752686977386474609e+00,1.999999284744262695e-01,1.955710449218750000e+03
4.403418064117431641e+00,1.999999284744262695e-01,1.955749145507812500e+03
4.053303718566894531e+00,1.999999284744262695e-01,1.955779296875000000e+03
3.702555418014526367e+00,1.999999284744262695e-01,1.955800903320312500e+03
3.351383447647094727e+00,1.999999284744262695e-01,1.955813720703125000e+03
3.000000000000000000e+00,1.999999284744262695e-01,1.955818115234375000e+03
2.648616552352905273e+00,1.999999284744262695e-01,1.955813720703125000e+03
2.297444581985473633e+00,1.999999284744262695e-01,1.955800903320312500e+03
1.946696043014526367e+00,1.999999284744262695e-01,1.955779296875000000e+03
1.596581816673278809e+00,1.999999284744262695e-01,1.955749145507812500e+03
1.247312903404235840e+00,1.999999284744262695e-01,1.955710449218750000e+03
8.990998268127441406e-01,1.999999284744262695e-01,1.955663085937500000e+03
5.521523952484130859e-01,1.999999284744262695e-01,1.955607299804687500e+03
2.066793441772460938e-01,1.999999284744262695e-01,1.955542968750000000e+03
1.999998092651367188e-01,3.934262990951538086e-01,1.953968994140625000e+03
2.000000476837158203e-01,5.513128042221069336e-01,1.952678222656250000e+03
1.999998092651367188e-01,6.802195310592651367e-01,1.951617919921875000e+03
2.000000476837158203e-01,7.873893976211547852e-01,1.950730346679687500e+03
2.000000476837158203e-01,8.778362274169921875e-01,1.949975708007812500e+03
2.000000476837158203e-01,9.551414251327514648e-01,1.949325439453125000e+03
1.999998092651367188e-01,1.021930694580078125e+00,1.948758666992187500e+03
2.000000476837158203e-01,1.080173730850219727e+00,1.948259765625000000e+03
1.999998092651367188e-01,1.131376147270202637e+00,1.947816650390625000e+03
1.999998092651367188e-01,1.176708936691284180e+00,1.947420043945312500e+03
2.000000476837158203e-01,1.217096567153930664e+00,1.947062622070312500e+03
1.999998092651367188e-01,1.253278017044067383e+00,1.946738403320312500e+03
2.000002861022949219e-01,1.285851955413818359e+00,1.946442749023437500e+03
1.999998092651367188e-01,1.315307617187500000e+00,1.946171508789062500e+03
1.999998092651367188e-01,1.342048883438110352e+00,1.945921630859375000e+03
1.999998092651367188e-01,1.366412639617919922e+00,1.945690551757812500e+03
1.999998092651367188e-01,1.388681411743164062e+00,1.945475708007812500e+03
2.000002861022949219e-01,1.409094095230102539e+00,1.945275390625000000e+03
2.000000476837158203e-01,1.427854061126708984e+00,1.945087890625000000e+03
2.000002861022949219e-01,1.445135593414306641e+00,1.944911865234375000e+03
2.000000476837158203e-01,1.461088657379150391e+00,1.944745971679687500e+03
2.000000476837158203e-01,1.475843191146850586e+00,1.944589355468750000e+03
1.999995708465576172e-01,1.489511847496032715e+00,1.944440917968750000e+03
2.000000476837158203e-01,1.502193689346313477e+00,1.944300048828125000e+03
2.000000476837158203e-01,1.513974905014038086e+00,1.944165771484375000e+03
2.000000476837158203e-01,1.524931907653808594e+00,1.944037719726562500e+03
1.999998092651367188e-01,1.535131812095642090e+00,1.943915283203125000e+03
2.000000476837158203e-01,1.544634580612182617e+00,1.943797851562500000e+03
2.000000476837158203e-01,1.553492903709411621e+00,1.943685180664062500e+03
1.999998092651367188e-01,1.561754226684570312e+00,1.943576660156250000e+03
1.999998092651367188e-01,1.569460868835449219e+00,1.943471923828125000e+03
2.000000476837158203e-01,1.576650500297546387e+00,1.943370849609375000e+03
2.000000476837158203e-01,1.583357095718383789e+00,1.943273071289062500e+03
2.000002861022949219e-01,1.589611172676086426e+00,1.943178222656250000e+03
1.999998092651367188e-01,1.595440149307250977e+00,1.943086181640625000e+03
2.000000476837158203e-01,1.600868821144104004e+00,1.942996582031250000e+03
2.000000476837158203e-01,1.605919480323791504e+00,1.942909423828125000e+03
2.000000476837158203e-01,1.610612392425537109e+00,1.942824340820312500e+03
2.000000476837158203e-01,1.614965558052062988e+00,1.942741210937500000e+03
2.000000476837158203e-01,1.618995428085327148e+00,1.942659790039062500e+03
2.000000476837158203e-01,1.622717022895812988e+00,1.942580078125000000e+03
1.999998092651367188e-01,1.626143574714660645e+00,1.942501831054687500e+03
2.000000476837158203e-01,1.629287242889404297e+00,1.942425048828125000e+03
2.000000476837158203e-01,1.632158637046813965e+00,1.942349365234375000e+03
2.000000476837158203e-01,1.634767532348632812e+00,1.942274902343750000e+03
2.000000476837158203e-01,1.637122750282287598e+00,1.942201416015625000e+03
2.000000476837158203e-01,1.639231801033020020e+00,1.942128784179687500e+03
2.000000476837158203e-01,1.641101598739624023e+00,1.942057006835937500e+03
1.999998092651367188e-01,1.642737984657287598e+00,1.941985839843750000e+03
1.999998092651367188e-01,1.644146203994750977e+00,1.941915283203125000e+03
2.000000476837158203e-01,1.645330429077148438e+00,1.941845336914062500e+03
2.000000476837158203e-01,1.646294593811035156e+00,1.941775756835937500e+03
2.000002861022949219e-01,1.647041440010070801e+00,1.941706542968750000e+03
2.000000476837158203e-01,1.647573232650756836e+00,1.941637573242187500e+03
2.000000476837158203e-01,1.647891759872436523e+00,1.941568725585937500e+03
1.999998092651367188e-01,1.647997736930847168e+00,1.941500000000000000e+03
2.000000476837158203e-01,1.647891759872436523e+00,1.941431274414062500e+03
2.000000476837158203e-01,1.647573232650756836e+00,1.941362426757812500e+03
2.000002861022949219e-01,1.647041440010070801e+00,1.941293457031250000e+03
2.000000476837158203e-01,1.646294593811035156e+00,1.941224243164062500e+03
2.000000476837158203e-01,1.645330429077148438e+00,1.941154663085937500e+03
1.999998092651367188e-01,1.644146203994750977e+00,1.941084716796875000e+03
1.999998092651367188e-01,1.642737984657287598e+00,1.941014160156250000e+03
2.000000476837158203e-01,1.641101598739624023e+00,1.940942993164062500e+03
2.000000476837158203e-01,1.639231801033020020e+00,1.940871215820312500e+03
2.000000476837158203e-01,1.637122750282287598e+00,1.940798583984375000e+03
2.000000476837158203e-01,1.634767532348632812e+00,1.940725097656250000e+03
2.000000476837158203e-01,1.632158637046813965e+00,1.940650634765625000e+03
2.000000476837158203e-01,1.629287242889404297e+00,1.940574951171875000e+03
1.999998092651367188e-01,1.626143574714660645e+00,1.940498168945312500e+03
2.000000476837158203e-01,1.622717022895812988e+00,1.940419921875000000e+03
2.000000476837158203e-01,1.618995428085327148e+00,1.940340209960937500e+03
2.000000476837158203e-01,1.614965558052062988e+00,1.940258789062500000e+03
2.000000476837158203e-01,1.610612392425537109e+00,1.940175659179687500e+03
2.000000476837158203e-01,1.605919480323791504e+00,1.940090576171875000e+03
2.000000476837158203e-01,1.600868821144104004e+00,1.940003417968750000e+03
1.999998092651367188e-01,1.595440149307250977e+00,1.939913818359375000e+03
2.000002861022949219e-01,1.589611172676086426e+00,1.939821777343750000e+03
2.000000476837158203e-01,1.583357095718383789e+00,1.939726928710937500e+03
2.000000476837158203e-01,1.576650500297546387e+00,1.939629150390625000e+03
1.999998092651367188e-01,1.569460868835449219e+00,1.939528076171875000e+03
1.999998092651367188e-01,1.561754226684570312e+00,1.939423339843750000e+03
2.000000476837158203e-01,1.553492903709411621e+00,1.939314819335937500e+03
2.000000476837158203e-01,1.544634580612182617e+00,1.939202148437500000e+03
1.999998092651367188e-01,1.535131812095642090e+00,1.939084716796875000e+03
2.000000476837158203e-01,1.524931907653808594e+00,1.938962280273437500e+03
2.000000476837158203e-01,1.513974905014038086e+00,1.938834228515625000e+03
2.000000476837158203e-01,1.502193689346313477e+00,1.938699951171875000e+03
1.999995708465576172e-01,1.489511847496032715e+00,1.938559082031250000e+03
2.000000476837158203e-01,1.475843191146850586e+00,1.938410644531250000e+03
2.000000476837158203e-01,1.461088657379150391e+00,1.938254028320312500e+03
2.000002861022949219e-01,1.445135593414306641e+00,1.938088134765625000e+03
2.000000476837158203e-01,1.427854061126708984e+00,1.937912109375000000e+03
2.000002861022949219e-01,1.409094095230102539e+00,1.937724609375000000e+03
1.999998092651367188e-01,1.388681411743164062e+00,1.937524291992187500e+03
1.999998092651367188e-01,1.366412639617919922e+00,1.937309448242187500e+03
1.999998092651367188e-01,1.342048883438110352e+00,1.937078369140625000e+03
1.999998092651367188e-01,1.315307617187500000e+00,1.936828491210937500e+03
2.000002861022949219e-01,1.285851955413818359e+00,1.936557250976562500e+03
1.999998092651367188e-01,1.253278017044067383e+00,1.936261596679687500e+03
2.000000476837158203e-01,1.217096567153930664e+00,1.935937377929687500e+03
1.999998092651367188e-01,1.176708936691284180e+00,1.935579956054687500e+03
1.999998092651367188e-01,1.131376147270202637e+00,1.935183349609375000e+03
2.000000476837158203e-01,1.080173730850219727e+00,1.934740234375000000e+03
1.999998092651367188e-01,1.021930694580078125e+00,1.934241333007812500e+03
2.000000476837158203e-01,9.551414251327514648e-01,1.933674560546875000e+03
2.000000476837158203e-01,8.778362274169921875e-01,1.933024291992187500e+03
2.000000476837158203e-01,7.873893976211547852e-01,1.932269653320312500e+03
1.999998092651367188e-01,6.802195310592651367e-01,1.931382080078125000e+03
2.000000476837158203e-01,5.513128042221069336e-01,1.930321777343750000e+03
1.999998092651367188e-01,3.934262990951538086e-01,1.929031005859375000e+03
2.066793441772460938e-01,1.999999284744262695e-01,1.927457031250000000e+03
5.521523952484130859e-01,1.999999284744262695e-01,1.927392700195312500e+03
8.990998268127441406e-01,1.999999284744262695e-01,1.927336914062500000e+03
1.247312903404235840e+00,1.999999284744262695e-01,1.927289550781250000e+03
1.596581816673278809e+00,1.999999284744262695e-01,1.927250854492187500e+03
1.946696043014526367e+00,1.999999284744262695e-01,1.927220703125000000e+03
2.297444581985473633e+00,1.999999284744262695e-01,1.927199096679687500e+03
2.648616552352905273e+00,1.999999284744262695e-01,1.927186279296875000e+03
3.000000000000000000e+00,1.999999284744262695e-01,1.927181884765625000e+03
3.351383447647094727e+00,1.999999284744262695e-01,1.927186279296875000e+03
3.702555418014526367e+00,1.999999284744262695e-01,1.927199096679687500e+03
4.053303718566894531e+00,1.999999284744262695e-01,1.927220703125000000e+03
4.403418064117431641e+00,1.999999284744262695e-01,1.927250854492187500e+03
4.752686977386474609e+00,1.999999284744262695e-01,1.927289550781250000e+03
5.100900173187255859e+00,1.999999284744262695e-01,1.927336914062500000e+03
5.447847366333007812e+00,1.999999284744262695e-01,1.927392700195312500e+03
5.793320655822753906e+00,1.999999284744262695e-01,1.927457031250000000e+03
5.800000190734863281e+00,3.934261798858642578e-01,1.929031005859375000e+03
5.800000190734863281e+00,5.513126850128173828e-01,1.930321777343750000e+03
5.800000667572021484e+00,6.802192926406860352e-01,1.931382080078125000e+03
5.800000190734863281e+00,7.873892784118652344e-01,1.932269653320312500e+03
5.800000190734863281e+00,8.778361082077026367e-01,1.933024291992187500e+03
5.800000190734863281e+00,9.551413059234619141e-01,1.933674560546875000e+03
5.800000190734863281e+00,1.021930575370788574e+00,1.934241210937500000e+03
5.800000190734863281e+00,1.080173730850219727e+00,1.934740234375000000e+03
5.800000190734863281e+00,1.131376028060913086e+00,1.935183349609375000e+03
5.800000190734863281e+00,1.176708936691284180e+00,1.935579956054687500e+03
5.800000190734863281e+00,1.217096567153930664e+00,1.935937377929687500e+03
5.800000190734863281e+00,1.253278017044067383e+00,1.936261596679687500e+03
5.800000190734863281e+00,1.285851955413818359e+00,1.936557250976562500e+03
5.800000190734863281e+00,1.315307497978210449e+00,1.936828491210937500e+03
5.800000190734863281e+00,1.342048883438110352e+00,1.937078369140625000e+03
5.800000190734863281e+00,1.366412520408630371e+00,1.937309448242187500e+03
5.800000190734863281e+00,1.388681292533874512e+00,1.937524291992187500e+03
5.800000190734863281e+00,1.409093856811523438e+00,1.937724609375000000e+03
5.800000190734863281e+00,1.427854061126708984e+00,1.937912109375000000e+03
5.800000190734863281e+00,1.445135474205017090e+00,1.938088134765625000e+03
5.800000190734863281e+00,1.461088657379150391e+00,1.938254028320312500e+03
5.800000190734863281e+00,1.475843071937561035e+00,1.938410644531250000e+03
5.800000667572021484e+00,1.489511728286743164e+00,1.938559082031250000e+03
5.800000190734863281e+00,1.502193689346313477e+00,1.938699951171875000e+03
5.800000190734863281e+00,1.513974785804748535e+00,1.938834228515625000e+03
5.800000190734863281e+00,1.524931907653808594e+00,1.938962280273437500e+03
5.800000190734863281e+00,1.535131812095642090e+00,1.939084716796875000e+03
5.800000190734863281e+00,1.544634461402893066e+00,1.939202148437500000e+03
5.800000190734863281e+00,1.553492903709411621e+00,1.939314819335937500e+03
5.800000190734863281e+00,1.561754226684570312e+00,1.939423339843750000e+03
5.800000190734863281e+00,1.569460868835449219e+00,1.939528076171875000e+03
5.800000190734863281e+00,1.576650381088256836e+00,1.939629150390625000e+03
5.800000190734863281e+00,1.583356976509094238e+00,1.939726928710937500e+03
5.800000190734863281e+00,1.589611053466796875e+00,1.939821777343750000e+03
5.800000190734863281e+00,1.595440030097961426e+00,1.939913818359375000e+03
5.800000190734863281e+00,1.600868821144104004e+00,1.940003417968750000e+03
5.800000190734863281e+00,1.605919480323791504e+00,1.940090576171875000e+03
5.800000190734863281e+00,1.610612392425537109e+00,1.940175659179687500e+03
5.800000190734863281e+00,1.614965438842773438e+00,1.940258789062500000e+03
5.800000190734863281e+00,1.618995428085327148e+00,1.940340209960937500e+03
5.800000190734863281e+00,1.622717022895812988e+00,1.940419921875000000e+03
5.800000190734863281e+00,1.626143574714660645e+00,1.940498168945312500e+03
5.800000190734863281e+00,1.629287123680114746e+00,1.940574951171875000e+03
5.800000190734863281e+00,1.632158517837524414e+00,1.940650634765625000e+03
5.800000190734863281e+00,1.634767532348632812e+00,1.940725097656250000e+03
5.800000190734863281e+00,1.637122750282287598e+00,1.940798583984375000e+03
5.800000190734863281e+00,1.639231801033020020e+00,1.940871215820312500e+03
5.800000190734863281e+00,1.641101598739624023e+00,1.940942993164062500e+03
5.800000190734863281e+00,1.642737984657287598e+00,1.941014160156250000e+03
5.800000190734863281e+00,1.644146084785461426e+00,1.941084716796875000e+03
5.800000190734863281e+00,1.645330429077148438e+00,1.941154663085937500e+03
5.800000190734863281e+00,1.646294474601745605e+00,1.941224243164062500e+03
5.800000190734863281e+00,1.647041320800781250e+00,1.941293457031250000e+03
5.800000190734863281e+00,1.647573232650756836e+00,1.941362426757812500e+03
5.800000190734863281e+00,1.647891640663146973e+00,1.941431274414062500e+03
5.800000190734863281e+00,1.702595353126525879e+00,1.941500000000000000e+03
5.800000190734863281e+00,1.702505826950073242e+00,1.941568725585937500e+03
5.800000190734863281e+00,1.702236652374267578e+00,1.941637573242187500e+03
5.800000190734863281e+00,1.701787352561950684e+00,1.941706542968750000e+03
5.800000190734863281e+00,1.701156377792358398e+00,1.941775756835937500e+03
5.800000190734863281e+00,1.700341820716857910e+00,1.941845336914062500e+03
5.800000190734863281e+00,1.699341177940368652e+00,1.941915283203125000e+03
5.800000190734863281e+00,1.698151469230651855e+00,1.941985839843750000e+03
5.800000190734863281e+00,1.696768879890441895e+00,1.942057006835937500e+03
5.800000190734863281e+00,1.695189118385314941e+00,1.942128784179687500e+03
5.800000190734863281e+00,1.693407177925109863e+00,1.942201416015625000e+03
5.800000190734863281e+00,1.691417217254638672e+00,1.942274902343750000e+03
5.800000190734863281e+00,1.689213037490844727e+00,1.942349365234375000e+03
5.800000190734863281e+00,1.686786890029907227e+00,1.942425048828125000e+03
5.800000190734863281e+00,1.684130907058715820e+00,1.942501831054687500e+03
5.800000190734863281e+00,1.681235909461975098e+00,1.942580078125000000e+03
5.800000190734863281e+00,1.678091526031494141e+00,1.942659790039062500e+03
5.800000190734863281e+00,1.674686670303344727e+00,1.942741210937500000e+03
5.800000190734863281e+00,1.671008706092834473e+00,1.942824340820312500e+03
5.800000190734863281e+00,1.667043685913085938e+00,1.942909423828125000e+03
5.800000190734863281e+00,1.662776470184326172e+00,1.942996582031250000e+03
5.800000190734863281e+00,1.658189773559570312e+00,1.943086181640625000e+03
5.800000190734863281e+00,1.653264760971069336e+00,1.943178222656250000e+03
5.800000190734863281e+00,1.647980928421020508e+00,1.943273071289062500e+03
5.800000190734863281e+00,1.642314434051513672e+00,1.943370849609375000e+03
5.800000190734863281e+00,1.636240005493164062e+00,1.943471923828125000e+03
5.800000190734863281e+00,1.629728794097900391e+00,1.943576660156250000e+03
5.800000190734863281e+00,1.622748851776123047e+00,1.943685180664062500e+03
5.800000190734863281e+00,1.615264415740966797e+00,1.943797851562500000e+03
5.800000190734863281e+00,1.607235670089721680e+00,1.943915283203125000e+03
5.800000190734863281e+00,1.598617672920227051e+00,1.944037719726562500e+03
5.800000190734863281e+00,1.589360237121582031e+00,1.944165771484375000e+03
5.800000190734863281e+00,1.579406261444091797e+00,1.944300048828125000e+03
5.800000190734863281e+00,1.568691611289978027e+00,1.944440917968750000e+03
5.800000190734863281e+00,1.557142972946166992e+00,1.944589355468750000e+03
5.800000190734863281e+00,1.544677019119262695e+00,1.944745971679687500e+03
5.800000190734863281e+00,1.531198263168334961e+00,1.944911865234375000e+03
5.800000190734863281e+00,1.516597270965576172e+00,1.945087890625000000e+03
5.800000190734863281e+00,1.500746965408325195e+00,1.945275390625000000e+03
5.800000190734863281e+00,1.483500480651855469e+00,1.945475708007812500e+03
5.800000190734863281e+00,1.464685797691345215e+00,1.945690551757812500e+03
5.800000190734863281e+00,1.444101095199584961e+00,1.945921630859375000e+03
5.800000190734863281e+00,1.421507358551025391e+00,1.946171508789062500e+03
5.800000190734863281e+00,1.396620512008666992e+00,1.946442749023437500e+03
5.800000190734863281e+00,1.369099140167236328e+00,1.946738403320312500e+03
5.800000190734863281e+00,1.338529586791992188e+00,1.947062622070312500e+03
5.800000190734863281e+00,1.304406285285949707e+00,1.947420043945312500e+03
5.800000190734863281e+00,1.266104698181152344e+00,1.947816650390625000e+03
5.800000190734863281e+00,1.222844243049621582e+00,1.948259765625000000e+03
5.800000190734863281e+00,1.173635125160217285e+00,1.948758666992187500e+03
5.800000190734863281e+00,1.117205142974853516e+00,1.949325439453125000e+03
5.800000190734863281e+00,1.051890492439270020e+00,1.949975708007812500e+03
5.800000190734863281e+00,9.754725694656372070e-01,1.950730346679687500e+03
5.800000190734863281e+00,8.849254846572875977e-01,1.951617919921875000e+03
5.800000190734863281e+00,7.760127782821655273e-01,1.952678222656250000e+03
5.800000190734863281e+00,6.426154375076293945e-01,1.953968994140625000e+03
5.800000190734863281e+00,4.755541086196899414e-01,1.955576538085937500e+03
5.800000190734863281e+00,2.604037523269653320e-01,1.957636840820312500e+03
5.486584186553955078e+00,1.999999284744262695e-01,1.958263183593750000e+03
5.074445724487304688e+00,1.999999284744262695e-01,1.958319213867187500e+03
4.661058425903320312e+00,1.999999284744262695e-01,1.958364990234375000e+03
4.246669769287109375e+00,1.999999284744262695e-01,1.958400634765625000e+03
3.831530809402465820e+00,1.999999284744262695e-01,1.958426147460937500e+03
3.415890693664550781e+00,1.999999284744262695e-01,1.958441528320312500e+03
3.000000000000000000e+00,1.999999284744262695e-01,1.958446655273437500e+03
2.584109306335449219e+00,1.999999284744262695e-01,1.958441528320312500e+03
2.168469190597534180e+00,1.999999284744262695e-01,1.958426147460937500e+03
1.753329992294311523e+00,1.999999284744262695e-01,1.958400634765625000e+03
1.338941693305969238e+00,1.999999284744262695e-01,1.958364990234375000e+03
9.255540370941162109e-01,1.999999284744262695e-01,1.958319213867187500e+03
5.134158134460449219e-01,1.999999284744262695e-01,1.958263183593750000e+03
2.000000476837158203e-01,2.604039907455444336e-01,1.957636840820312500e+03
1.999998092651367188e-01,4.755542278289794922e-01,1.955576538085937500e+03
2.000000476837158203e-01,6.426155567169189453e-01,1.953968994140625000e+03
2.000000476837158203e-01,7.760128974914550781e-01,1.952678222656250000e+03
2.000000476837158203e-01,8.849256038665771484e-01,1.951617919921875000e+03
2.000002861022949219e-01,9.754726886749267578e-01,1.950730346679687500e+03
2.000000476837158203e-01,1.051890611648559570e+00,1.949975708007812500e+03
2.000002861022949219e-01,1.117205262184143066e+00,1.949325439453125000e+03
2.000002861022949219e-01,1.173635244369506836e+00,1.948758666992187500e+03
2.000000476837158203e-01,1.222844362258911133e+00,1.948259765625000000e+03
1.999998092651367188e-01,1.266104936599731445e+00,1.947816650390625000e+03
2.000000476837158203e-01,1.304406404495239258e+00,1.947420043945312500e+03
2.000002861022949219e-01,1.338529586791992188e+00,1.947062622070312500e+03
2.000000476837158203e-01,1.369099140167236328e+00,1.946738403320312500e+03
2.000002861022949219e-01,1.396620631217956543e+00,1.946442749023437500e+03
2.000000476837158203e-01,1.421507477760314941e+00,1.946171508789062500e+03
2.000002861022949219e-01,1.444101095199584961e+00,1.945921630859375000e+03
1.999998092651367188e-01,1.464685797691345215e+00,1.945690551757812500e+03
2.000002861022949219e-01,1.483500599861145020e+00,1.945475708007812500e+03
2.000000476837158203e-01,1.500747084617614746e+00,1.945275390625000000e+03
2.000002861022949219e-01,1.516597390174865723e+00,1.945087890625000000e+03
2.000000476837158203e-01,1.531198382377624512e+00,1.944911865234375000e+03
2.000000476837158203e-01,1.544677019119262695e+00,1.944745971679687500e+03
2.000000476837158203e-01,1.557142972946166992e+00,1.944589355468750000e+03
2.000005245208740234e-01,1.568691730499267578e+00,1.944440917968750000e+03
2.000000476837158203e-01,1.579406380653381348e+00,1.944300048828125000e+03
2.000000476837158203e-01,1.589360237121582031e+00,1.944165771484375000e+03
1.999998092651367188e-01,1.598617792129516602e+00,1.944037719726562500e+03
2.000000476837158203e-01,1.607235670089721680e+00,1.943915283203125000e+03
2.000000476837158203e-01,1.615264415740966797e+00,1.943797851562500000e+03
2.000002861022949219e-01,1.622748851776123047e+00,1.943685180664062500e+03
2.000000476837158203e-01,1.629728794097900391e+00,1.943576660156250000e+03
2.000000476837158203e-01,1.636240005493164062e+00,1.943471923828125000e+03
1.999998092651367188e-01,1.642314434051513672e+00,1.943370849609375000e+03
2.000000476837158203e-01,1.647980928421020508e+00,1.943273071289062500e+03
1.999998092651367188e-01,1.653264880180358887e+00,1.943178222656250000e+03
2.000000476837158203e-01,1.658189773559570312e+00,1.943086181640625000e+03
2.000002861022949219e-01,1.662776470184326172e+00,1.942996582031250000e+03
2.000002861022949219e-01,1.667043805122375488e+00,1.942909423828125000e+03
2.000002861022949219e-01,1.671008706092834473e+00,1.942824340820312500e+03
2.000000476837158203e-01,1.674686670303344727e+00,1.942741210937500000e+03
2.000000476837158203e-01,1.678091526031494141e+00,1.942659790039062500e+03
2.000000476837158203e-01,1.681235909461975098e+00,1.942580078125000000e+03
2.000000476837158203e-01,1.684131026268005371e+00,1.942501831054687500e+03
2.000002861022949219e-01,1.686787009239196777e+00,1.942425048828125000e+03
2.000000476837158203e-01,1.689213037490844727e+00,1.942349365234375000e+03
2.000000476837158203e-01,1.691417336463928223e+00,1.942274902343750000e+03
2.000000476837158203e-01,1.693407177925109863e+00,1.942201416015625000e+03
1.999998092651367188e-01,1.695189118385314941e+00,1.942128784179687500e+03
2.000000476837158203e-01,1.696768879890441895e+00,1.942057006835937500e+03
1.999998092651367188e-01,1.698151469230651855e+00,1.941985839843750000e+03
2.000000476837158203e-01,1.699341177940368652e+00,1.941915283203125000e+03
2.000000476837158203e-01,1.700341820716857910e+00,1.941845336914062500e+03
2.000000476837158203e-01,1.701156377792358398e+00,1.941775756835937500e+03
2.000000476837158203e-01,1.701787352561950684e+00,1.941706542968750000e+03
1.999998092651367188e-01,1.702236652374267578e+00,1.941637573242187500e+03
1.999998092651367188e-01,1.702505826950073242e+00,1.941568725585937500e+03
2.000000476837158203e-01,1.702595472335815430e+00,1.941500000000000000e+03
1.999998092651367188e-01,1.702505826950073242e+00,1.941431274414062500e+03
1.999998092651367188e-01,1.702236652374267578e+00,1.941362426757812500e+03
2.000000476837158203e-01,1.701787352561950684e+00,1.941293457031250000e+03
2.000000476837158203e-01,1.701156377792358398e+00,1.941224243164062500e+03
2.000000476837158203e-01,1.700341820716857910e+00,1.941154663085937500e+03
2.000000476837158203e-01,1.699341177940368652e+00,1.941084716796875000e+03
1.999998092651367188e-01,1.698151469230651855e+00,1.941014160156250000e+03
2.000000476837158203e-01,1.696768879890441895e+00,1.940942993164062500e+03
1.999998092651367188e-01,1.695189118385314941e+00,1.940871215820312500e+03
2.000000476837158203e-01,1.693407177925109863e+00,1.940798583984375000e+03
2.000000476837158203e-01,1.691417336463928223e+00,1.940725097656250000e+03
2.000000476837158203e-01,1.689213037490844727e+00,1.940650634765625000e+03
2.000002861022949219e-01,1.686787009239196777e+00,1.940574951171875000e+03
2.000000476837158203e-01,1.684131026268005371e+00,1.940498168945312500e+03
2.000000476837158203e-01,1.681235909461975098e+00,1.940419921875000000e+03
2.000000476837158203e-01,1.678091526031494141e+00,1.940340209960937500e+03
2.000000476837158203e-01,1.674686670303344727e+00,1.940258789062500000e+03
2.000002861022949219e-01,1.671008706092834473e+00,1.940175659179687500e+03
2.000002861022949219e-01,1.667043805122375488e+00,1.940090576171875000e+03
2.000002861022949219e-01,1.662776470184326172e+00,1.940003417968750000e+03
2.000000476837158203e-01,1.658189773559570312e+00,1.939913818359375000e+03
1.999998092651367188e-01,1.653264880180358887e+00,1.939821777343750000e+03
2.000000476837158203e-01,1.647980928421020508e+00,1.939726928710937500e+03
1.999998092651367188e-01,1.642314434051513672e+00,1.939629150390625000e+03
2.000000476837158203e-01,1.636240005493164062e+00,1.939528076171875000e+03
2.000000476837158203e-01,1.629728794097900391e+00,1.939423339843750000e+03
2.000002861022949219e-01,1.622748851776123047e+00,1.939314819335937500e+03
2.000000476837158203e-01,1.615264415740966797e+00,1.939202148437500000e+03
2.000000476837158203e-01,1.607235670089721680e+00,1.939084716796875000e+03
1.999998092651367188e-01,1.598617792129516602e+00,1.938962280273437500e+03
2.000000476837158203e-01,1.589360237121582031e+00,1.938834228515625000e+03
2.000000476837158203e-01,1.579406380653381348e+00,1.938699951171875000e+03
2.000005245208740234e-01,1.568691730499267578e+00,1.938559082031250000e+03
2.000000476837158203e-01,1.557142972946166992e+00,1.938410644531250000e+03
2.000000476837158203e-01,1.544677019119262695e+00,1.938254028320312500e+03
2.000000476837158203e-01,1.531198382377624512e+00,1.938088134765625000e+03
2.000002861022949219e-01,1.516597390174865723e+00,1.937912109375000000e+03
2.000000476837158203e-01,1.500747084617614746e+00,1.937724609375000000e+03
2.000002861022949219e-01,1.483500599861145020e+00,1.937524291992187500e+03
1.999998092651367188e-01,1.464685797691345215e+00,1.937309448242187500e+03
2.000002861022949219e-01,1.444101095199584961e+00,1.937078369140625000e+03
2.000000476837158203e-01,1.421507477760314941e+00,1.936828491210937500e+03
2.000002861022949219e-01,1.396620631217956543e+00,1.936557250976562500e+03
2.000000476837158203e-01,1.369099140167236328e+00,1.936261596679687500e+03
2.000002861022949219e-01,1.338529586791992188e+00,1.935937377929687500e+03
2.000000476837158203e-01,1.304406404495239258e+00,1.935579956054687500e+03
1.999998092651367188e-01,1.266104936599731445e+00,1.935183349609375000e+03
2.000000476837158203e-01,1.222844362258911133e+00,1.934740234375000000e+03
2.000002861022949219e-01,1.173635244369506836e+00,1.934241333007812500e+03
2.000002861022949219e-01,1.117205262184143066e+00,1.933674560546875000e+03
2.000000476837158203e-01,1.051890611648559570e+00,1.933024291992187500e+03
2.000002861022949219e-01,9.754726886749267578e-01,1.932269653320312500e+03
2.000000476837158203e-01,8.849256038665771484e-01,1.931382080078125000e+03
2.000000476837158203e-01,7.760128974914550781e-01,1.930321777343750000e+03
2.000000476837158203e-01,6.426155567169189453e-01,1.929031005859375000e+03
1.999998092651367188e-01,4.755542278289794922e-01,1.927423461914062500e+03
2.000000476837158203e-01,2.604039907455444336e-01,1.925363159179687500e+03
5.134158134460449219e-01,1.999999284744262695e-01,1.924736816406250000e+03
9.255540370941162109e-01,1.999999284744262695e-01,1.924680786132812500e+03
1.338941693305969238e+00,1.999999284744262695e-01,1.924635009765625000e+03
1.753329992294311523e+00,1.999999284744262695e-01,1.924599365234375000e+03
2.168469190597534180e+00,1.999999284744262695e-01,1.924573852539062500e+03
2.584109306335449219e+00,1.999999284744262695e-01,1.924558471679687500e+03
3.000000000000000000e+00,1.999999284744262695e-01,1.924553344726562500e+03
3.415890693664550781e+00,1.999999284744262695e-01,1.924558471679687500e+03
3.831530809402465820e+00,1.999999284744262695e-01,1.924573852539062500e+03
4.246669769287109375e+00,1.999999284744262695e-01,1.924599365234375000e+03
4.661058425903320312e+00,1.999999284744262695e-01,1.924635009765625000e+03
5.074445724487304688e+00,1.999999284744262695e-01,1.924680786132812500e+03
5.486584186553955078e+00,1.999999284744262695e-01,1.924736816406250000e+03
5.800000190734863281e+00,2.604037523269653320e-01,1.925363159179687500e+03
5.800000190734863281e+00,4.755541086196899414e-01,1.927423461914062500e+03
5.800000190734863281e+00,6.426154375076293945e-01,1.929031005859375000e+03
5.800000190734863281e+00,7.760127782821655273e-01,1.930321777343750000e+03
5.800000190734863281e+00,8.849254846572875977e-01,1.931382080078125000e+03
5.800000190734863281e+00,9.754725694656372070e-01,1.932269653320312500e+03
5.800000190734863281e+00,1.051890492439270020e+00,1.933024291992187500e+03
5.800000190734863281e+00,1.117205142974853516e+00,1.933674560546875000e+03
5.800000190734863281e+00,1.173635125160217285e+00,1.934241333007812500e+03
5.800000190734863281e+00,1.222844243049621582e+00,1.934740234375000000e+03
5.800000190734863281e+00,1.266104698181152344e+00,1.935183349609375000e+03
5.800000190734863281e+00,1.304406285285949707e+00,1.935579956054687500e+03
5.800000190734863281e+00,1.338529586791992188e+00,1.935937377929687500e+03
5.800000190734863281e+00,1.369099140167236328e+00,1.936261596679687500e+03
5.800000190734863281e+00,1.396620512008666992e+00,1.936557250976562500e+03
5.800000190734863281e+00,1.421507358551025391e+00,1.936828491210937500e+03
5.800000190734863281e+00,1.444101095199584961e+00,1.937078369140625000e+03
5.800000190734863281e+00,1.464685797691345215e+00,1.937309448242187500e+03
5.800000190734863281e+00,1.483500480651855469e+00,1.937524291992187500e+03
5.800000190734863281e+00,1.500746965408325195e+00,1.937724609375000000e+03
5.800000190734863281e+00,1.516597270965576172e+00,1.937912109375000000e+03
5.800000190734863281e+00,1.531198263168334961e+00,1.938088134765625000e+03
5.800000190734863281e+00,1.544677019119262695e+00,1.938254028320312500e+03
5.800000190734863281e+00,1.557142972946166992e+00,1.938410644531250000e+03
5.800000190734863281e+00,1.568691611289978027e+00,1.938559082031250000e+03
5.800000190734863281e+00,1.579406261444091797e+00,1.938699951171875000e+03
5.800000190734863281e+00,1.589360237121582031e+00,1.938834228515625000e+03
5.800000190734863281e+00,1.598617672920227051e+00,1.938962280273437500e+03
5.800000190734863281e+00,1.607235670089721680e+00,1.939084716796875000e+03
5.800000190734863281e+00,1.615264415740966797e+00,1.939202148437500000e+03
5.800000190734863281e+00,1.622748851776123047e+00,1.939314819335937500e+03
5.800000190734863281e+00,1.629728794097900391e+00,1.939423339843750000e+03
5.800000190734863281e+00,1.636240005493164062e+00,1.939528076171875000e+03
5.800000190734863281e+00,1.642314434051513672e+00,1.939629150390625000e+03
5.800000190734863281e+00,1.647980928421020508e+00,1.939726928710937500e+03
5.800000190734863281e+00,1.653264760971069336e+00,1.939821777343750000e+03
5.800000190734863281e+00,1.658189773559570312e+00,1.939913818359375000e+03
5.800000190734863281e+00,1.662776470184326172e+00,1.940003417968750000e+03
5.800000190734863281e+00,1.667043685913085938e+00,1.940090576171875000e+03
5.800000190734863281e+00,1.671008706092834473e+00,1.940175659179687500e+03
5.800000190734863281e+00,1.674686670303344727e+00,1.940258789062500000e+03
5.800000190734863281e+00,1.678091526031494141e+00,1.940340209960937500e+03
5.800000190734863281e+00,1.681235909461975098e+00,1.940419921875000000e+03
5.800000190734863281e+00,1.684130907058715820e+00,1.940498168945312500e+03
5.800000190734863281e+00,1.686786890029907227e+00,1.940574951171875000e+03
5.800000190734863281e+00,1.689213037490844727e+00,1.940650634765625000e+03
5.800000190734863281e+00,1.691417217254638672e+00,1.940725097656250000e+03
5.800000190734863281e+00,1.693407177925109863e+00,1.940798583984375000e+03
5.800000190734863281e+00,1.695189118385314941e+00,1.940871215820312500e+03
5.800000190734863281e+00,1.696768879890441895e+00,1.940942993164062500e+03
5.800000190734863281e+00,1.698151469230651855e+00,1.941014160156250000e+03
5.800000190734863281e+00,1.699341177940368652e+00,1.941084716796875000e+03
5.800000190734863281e+00,1.700341820716857910e+00,1.941154663085937500e+03
5.800000190734863281e+00,1.701156377792358398e+00,1.941224243164062500e+03
5.800000190734863281e+00,1.701787352561950684e+00,1.941293457031250000e+03
5.800000190734863281e+00,1.702236652374267578e+00,1.941362426757812500e+03
5.800000190734863281e+00,1.702505826950073242e+00,1.941431274414062500e+03
5.800000190734863281e+00,1.756970286369323730e+00,1.941500000000000000e+03
5.800000190734863281e+00,1.756897091865539551e+00,1.941568725585937500e+03
5.800000190734863281e+00,1.756677150726318359e+00,1.941637573242187500e+03
5.800000190734863281e+00,1.756309986114501953e+00,1.941706542968750000e+03
5.800000190734863281e+00,1.755794405937194824e+00,1.941775756835937500e+03
5.800000190734863281e+00,1.755128741264343262e+00,1.941845336914062500e+03
5.800000190734863281e+00,1.754311084747314453e+00,1.941915283203125000e+03
5.800000190734863281e+00,1.753338813781738281e+00,1.941985839843750000e+03
5.800000190734863281e+00,1.752209067344665527e+00,1.942057006835937500e+03
5.800000190734863281e+00,1.750918149948120117e+00,1.942128784179687500e+03
5.800000190734863281e+00,1.749462008476257324e+00,1.942201416015625000e+03
5.800000190734863281e+00,1.747835874557495117e+00,1.942274902343750000e+03
5.800000190734863281e+00,1.746034622192382812e+00,1.942349365234375000e+03
5.800000190734863281e+00,1.744052171707153320e+00,1.942425048828125000e+03
5.800000190734863281e+00,1.741881728172302246e+00,1.942501831054687500e+03
5.800000190734863281e+00,1.739516019821166992e+00,1.942580078125000000e+03
5.800000190734863281e+00,1.736946582794189453e+00,1.942659790039062500e+03
5.800000190734863281e+00,1.734164237976074219e+00,1.942741210937500000e+03
5.800000190734863281e+00,1.731158614158630371e+00,1.942824340820312500e+03
5.800000190734863281e+00,1.727918624877929688e+00,1.942909423828125000e+03
5.800000190734863281e+00,1.724431514739990234e+00,1.942996582031250000e+03
5.800000190734863281e+00,1.720683455467224121e+00,1.943086181640625000e+03
5.800000190734863281e+00,1.716658949851989746e+00,1.943178222656250000e+03
5.800000190734863281e+00,1.712341070175170898e+00,1.943273071289062500e+03
5.800000190734863281e+00,1.707710742950439453e+00,1.943370849609375000e+03
5.800000190734863281e+00,1.702746868133544922e+00,1.943471923828125000e+03
5.800000190734863281e+00,1.697426080703735352e+00,1.943576660156250000e+03
5.800000190734863281e+00,1.691722273826599121e+00,1.943685180664062500e+03
5.800000190734863281e+00,1.685606241226196289e+00,1.943797851562500000e+03
5.800000190734863281e+00,1.679045438766479492e+00,1.943915283203125000e+03
5.800000190734863281e+00,1.672003030776977539e+00,1.944037719726562500e+03
5.800000190734863281e+00,1.664438128471374512e+00,1.944165771484375000e+03
5.800000190734863281e+00,1.656304121017456055e+00,1.944300048828125000e+03
5.800000190734863281e+00,1.647548317909240723e+00,1.944440917968750000e+03
5.800000190734863281e+00,1.638111114501953125e+00,1.944589355468750000e+03
5.800000190734863281e+00,1.627924323081970215e+00,1.944745971679687500e+03
5.800000190734863281e+00,1.616910099983215332e+00,1.944911865234375000e+03
5.800000190734863281e+00,1.604978561401367188e+00,1.945087890625000000e+03
5.800000190734863281e+00,1.592026233673095703e+00,1.945275390625000000e+03
5.800000190734863281e+00,1.577932953834533691e+00,1.945475708007812500e+03
5.800000190734863281e+00,1.562558174133300781e+00,1.945690551757812500e+03
5.800000190734863281e+00,1.545736908912658691e+00,1.945921630859375000e+03
5.800000190734863281e+00,1.527274131774902344e+00,1.946171508789062500e+03
5.800000190734863281e+00,1.506937265396118164e+00,1.946442749023437500e+03
5.800000190734863281e+00,1.484447717666625977e+00,1.946738403320312500e+03
5.800000190734863281e+00,1.459467172622680664e+00,1.947062622070312500e+03
5.800000190734863281e+00,1.431582689285278320e+00,1.947420043945312500e+03
5.800000190734863281e+00,1.400284051895141602e+00,1.947816650390625000e+03
5.800000190734863281e+00,1.364932775497436523e+00,1.948259765625000000e+03
5.800000190734863281e+00,1.324720621109008789e+00,1.948758789062500000e+03
5.800000190734863281e+00,1.278607845306396484e+00,1.949325439453125000e+03
5.800000190734863281e+00,1.225234866142272949e+00,1.949975708007812500e+03
5.800000190734863281e+00,1.162788391113281250e+00,1.950730346679687500e+03
5.800000190734863281e+00,1.088796138763427734e+00,1.951617919921875000e+03
5.800000190734863281e+00,9.997962713241577148e-01,1.952678222656250000e+03
5.800000190734863281e+00,8.907883167266845703e-01,1.953968994140625000e+03
5.800000190734863281e+00,7.542709112167358398e-01,1.955576538085937500e+03
5.800000190734863281e+00,5.784567594528198242e-01,1.957636840820312500e+03
5.800000190734863281e+00,3.436998128890991211e-01,1.960376098632812500e+03
1.999998092651367188e-01,3.437000513076782227e-01,1.960376098632812500e+03
1.999998092651367188e-01,5.784569978713989258e-01,1.957636840820312500e+03
1.999998092651367188e-01,7.542710304260253906e-01,1.955576538085937500e+03
2.000002861022949219e-01,8.907884359359741211e-01,1.953968994140625000e+03
2.000000476837158203e-01,9.997963905334472656e-01,1.952678222656250000e+03
2.000002861022949219e-01,1.088796377182006836e+00,1.951617919921875000e+03
2.000000476837158203e-01,1.162788629531860352e+00,1.950730346679687500e+03
2.000002861022949219e-01,1.225234985351562500e+00,1.949975708007812500e+03
2.000000476837158203e-01,1.278607964515686035e+00,1.949325439453125000e+03
2.000000476837158203e-01,1.324720621109008789e+00,1.948758666992187500e+03
2.000000476837158203e-01,1.364932894706726074e+00,1.948259765625000000e+03
2.000000476837158203e-01,1.400284051895141602e+00,1.947816650390625000e+03
1.999998092651367188e-01,1.431582808494567871e+00,1.947420043945312500e+03
2.000000476837158203e-01,1.459467172622680664e+00,1.947062622070312500e+03
2.000002861022949219e-01,1.484447717666625977e+00,1.946738403320312500e+03
2.000000476837158203e-01,1.506937384605407715e+00,1.946442749023437500e+03
2.000000476837158203e-01,1.527274131774902344e+00,1.946171508789062500e+03
2.000002861022949219e-01,1.545737028121948242e+00,1.945921630859375000e+03
1.999998092651367188e-01,1.562558174133300781e+00,1.945690551757812500e+03
2.000002861022949219e-01,1.577932953834533691e+00,1.945475708007812500e+03
2.000000476837158203e-01,1.592026233673095703e+00,1.945275390625000000e+03
2.000000476837158203e-01,1.604978561401367188e+00,1.945087890625000000e+03
2.000002861022949219e-01,1.616910099983215332e+00,1.944911865234375000e+03
2.000000476837158203e-01,1.627924442291259766e+00,1.944745971679687500e+03
1.999998092651367188e-01,1.638111114501953125e+00,1.944589355468750000e+03
1.999998092651367188e-01,1.647548437118530273e+00,1.944440917968750000e+03
2.000000476837158203e-01,1.656304121017456055e+00,1.944300048828125000e+03
2.000002861022949219e-01,1.664438247680664062e+00,1.944165771484375000e+03
1.999998092651367188e-01,1.672003149986267090e+00,1.944037719726562500e+03
2.000000476837158203e-01,1.679045438766479492e+00,1.943915283203125000e+03
2.000000476837158203e-01,1.685606241226196289e+00,1.943797851562500000e+03
2.000000476837158203e-01,1.691722273826599121e+00,1.943685180664062500e+03
2.000000476837158203e-01,1.697426080703735352e+00,1.943576660156250000e+03
2.000000476837158203e-01,1.702746868133544922e+00,1.943471923828125000e+03
2.000002861022949219e-01,1.707710742950439453e+00,1.943370849609375000e+03
2.000000476837158203e-01,1.712341070175170898e+00,1.943273071289062500e+03
2.000000476837158203e-01,1.716659069061279297e+00,1.943178222656250000e+03
2.000000476837158203e-01,1.720683455467224121e+00,1.943086181640625000e+03
2.000002861022949219e-01,1.724431514739990234e+00,1.942996582031250000e+03
2.000000476837158203e-01,1.727918624877929688e+00,1.942909423828125000e+03
1.999998092651367188e-01,1.731158733367919922e+00,1.942824340820312500e+03
2.000000476837158203e-01,1.734164237976074219e+00,1.942741210937500000e+03
1.999998092651367188e-01,1.736946582794189453e+00,1.942659790039062500e+03
2.000000476837158203e-01,1.739516019821166992e+00,1.942580078125000000e+03
1.999998092651367188e-01,1.741881847381591797e+00,1.942501831054687500e+03
2.000000476837158203e-01,1.744052171707153320e+00,1.942425048828125000e+03
2.000000476837158203e-01,1.746034622192382812e+00,1.942349365234375000e+03
1.999998092651367188e-01,1.747835993766784668e+00,1.942274902343750000e+03
1.999998092651367188e-01,1.749462008476257324e+00,1.942201416015625000e+03
1.999998092651367188e-01,1.750918149948120117e+00,1.942128784179687500e+03
1.999998092651367188e-01,1.752209067344665527e+00,1.942057006835937500e+03
1.999998092651367188e-01,1.753338932991027832e+00,1.941985839843750000e+03
2.000000476837158203e-01,1.754311084747314453e+00,1.941915283203125000e+03
2.000000476837158203e-01,1.755128860473632812e+00,1.941845336914062500e+03
2.000000476837158203e-01,1.755794405937194824e+00,1.941775756835937500e+03
2.000000476837158203e-01,1.756309986114501953e+00,1.941706542968750000e+03
2.000000476837158203e-01,1.756677269935607910e+00,1.941637573242187500e+03
2.000000476837158203e-01,1.756897091865539551e+00,1.941568725585937500e+03
2.000000476837158203e-01,1.756970286369323730e+00,1.941500000000000000e+03
2.000000476837158203e-01,1.756897091865539551e+00,1.941431274414062500e+03
2.000000476837158203e-01,1.756677269935607910e+00,1.941362426757812500e+03
2.000000476837158203e-01,1.756309986114501953e+00,1.941293457031250000e+03
2.000000476837158203e-01,1.755794405937194824e+00,1.941224243164062500e+03
2.000000476837158203e-01,1.755128860473632812e+00,1.941154663085937500e+03
2.000000476837158203e-01,1.754311084747314453e+00,1.941084716796875000e+03
1.999998092651367188e-01,1.753338932991027832e+00,1.941014160156250000e+03
1.999998092651367188e-01,1.752209067344665527e+00,1.940942993164062500e+03
1.999998092651367188e-01,1.750918149948120117e+00,1.940871215820312500e+03
1.999998092651367188e-01,1.749462008476257324e+00,1.940798583984375000e+03
1.999998092651367188e-01,1.747835993766784668e+00,1.940725097656250000e+03
2.000000476837158203e-01,1.746034622192382812e+00,1.940650634765625000e+03
2.000000476837158203e-01,1.744052171707153320e+00,1.940574951171875000e+03
1.999998092651367188e-01,1.741881847381591797e+00,1.940498168945312500e+03
2.000000476837158203e-01,1.739516019821166992e+00,1.940419921875000000e+03
1.999998092651367188e-01,1.736946582794189453e+00,1.940340209960937500e+03
2.000000476837158203e-01,1.734164237976074219e+00,1.940258789062500000e+03
1.999998092651367188e-01,1.731158733367919922e+00,1.940175659179687500e+03
2.000000476837158203e-01,1.727918624877929688e+00,1.940090576171875000e+03
2.000002861022949219e-01,1.724431514739990234e+00,1.940003417968750000e+03
2.000000476837158203e-01,1.720683455467224121e+00,1.939913818359375000e+03
2.000000476837158203e-01,1.716659069061279297e+00,1.939821777343750000e+03
2.000000476837158203e-01,1.712341070175170898e+00,1.939726928710937500e+03
2.000002861022949219e-01,1.707710742950439453e+00,1.939629150390625000e+03
2.000000476837158203e-01,1.702746868133544922e+00,1.939528076171875000e+03
2.000000476837158203e-01,1.697426080703735352e+00,1.939423339843750000e+03
2.000000476837158203e-01,1.691722273826599121e+00,1.939314819335937500e+03
2.000000476837158203e-01,1.685606241226196289e+00,1.939202148437500000e+03
2.000000476837158203e-01,1.679045438766479492e+00,1.939084716796875000e+03
1.999998092651367188e-01,1.672003149986267090e+00,1.938962280273437500e+03
2.000002861022949219e-01,1.664438247680664062e+00,1.938834228515625000e+03
2.000000476837158203e-01,1.656304121017456055e+00,1.938699951171875000e+03
1.999998092651367188e-01,1.647548437118530273e+00,1.938559082031250000e+03
1.999998092651367188e-01,1.638111114501953125e+00,1.938410644531250000e+03
2.000000476837158203e-01,1.627924442291259766e+00,1.938254028320312500e+03
2.000002861022949219e-01,1.616910099983215332e+00,1.938088134765625000e+03
2.000000476837158203e-01,1.604978561401367188e+00,1.937912109375000000e+03
2.000000476837158203e-01,1.592026233673095703e+00,1.937724609375000000e+03
2.000002861022949219e-01,1.577932953834533691e+00,1.937524291992187500e+03
1.999998092651367188e-01,1.562558174133300781e+00,1.937309448242187500e+03
2.000002861022949219e-01,1.545737028121948242e+00,1.937078369140625000e+03
2.000000476837158203e-01,1.527274131774902344e+00,1.936828491210937500e+03
2.000000476837158203e-01,1.506937384605407715e+00,1.936557250976562500e+03
2.000002861022949219e-01,1.484447717666625977e+00,1.936261596679687500e+03
2.000000476837158203e-01,1.459467172622680664e+00,1.935937377929687500e+03
1.999998092651367188e-01,1.431582808494567871e+00,1.935579956054687500e+03
2.000000476837158203e-01,1.400284051895141602e+00,1.935183349609375000e+03
2.000000476837158203e-01,1.364932894706726074e+00,1.934740234375000000e+03
2.000000476837158203e-01,1.324720621109008789e+00,1.934241333007812500e+03
2.000000476837158203e-01,1.278607964515686035e+00,1.933674560546875000e+03
2.000002861022949219e-01,1.225234985351562500e+00,1.933024291992187500e+03
2.000000476837158203e-01,1.162788629531860352e+00,1.932269653320312500e+03
2.000002861022949219e-01,1.088796377182006836e+00,1.931382080078125000e+03
2.000000476837158203e-01,9.997963905334472656e-01,1.930321777343750000e+03
2.000002861022949219e-01,8.907884359359741211e-01,1.929031005859375000e+03
1.999998092651367188e-01,7.542710304260253906e-01,1.927423461914062500e+03
1.999998092651367188e-01,5.784569978713989258e-01,1.925363159179687500e+03
1.999998092651367188e-01,3.437000513076782227e-01,1.922623901367187500e+03
5.800000190734863281e+00,3.436998128890991211e-01,1.922623901367187500e+03
5.800000190734863281e+00,5.784567594528198242e-01,1.925363159179687500e+03
5.800000190734863281e+00,7.542709112167358398e-01,1.927423461914062500e+03
5.800000190734863281e+00,8.907883167266845703e-01,1.929031005859375000e+03
5.800000190734863281e+00,9.997962713241577148e-01,1.930321777343750000e+03
5.800000190734863281e+00,1.088796138763427734e+00,1.931382080078125000e+03
5.800000190734863281e+00,1.162788391113281250e+00,1.932269653320312500e+03
5.800000190734863281e+00,1.225234866142272949e+00,1.933024291992187500e+03
5.800000190734863281e+00,1.278607845306396484e+00,1.933674560546875000e+03
5.800000190734863281e+00,1.324720621109008789e+00,1.934241210937500000e+03
5.800000190734863281e+00,1.364932775497436523e+00,1.934740234375000000e+03
5.800000190734863281e+00,1.400284051895141602e+00,1.935183349609375000e+03
5.800000190734863281e+00,1.431582689285278320e+00,1.935579956054687500e+03
5.800000190734863281e+00,1.459467172622680664e+00,1.935937377929687500e+03
5.800000190734863281e+00,1.484447717666625977e+00,1.936261596679687500e+03
5.800000190734863281e+00,1.506937265396118164e+00,1.936557250976562500e+03
5.800000190734863281e+00,1.527274131774902344e+00,1.936828491210937500e+03
5.800000190734863281e+00,1.545736908912658691e+00,1.937078369140625000e+03
5.800000190734863281e+00,1.562558174133300781e+00,1.937309448242187500e+03
5.800000190734863281e+00,1.577932953834533691e+00,1.937524291992187500e+03
5.800000190734863281e+00,1.592026233673095703e+00,1.937724609375000000e+03
5.800000190734863281e+00,1.604978561401367188e+00,1.937912109375000000e+03
5.800000190734863281e+00,1.616910099983215332e+00,1.938088134765625000e+03
5.800000190734863281e+00,1.627924323081970215e+00,1.938254028320312500e+03
5.800000190734863281e+00,1.638111114501953125e+00,1.938410644531250000e+03
5.800000190734863281e+00,1.647548317909240723e+00,1.938559082031250000e+03
5.800000190734863281e+00,1.656304121017456055e+00,1.938699951171875000e+03
5.800000190734863281e+00,1.664438128471374512e+00,1.938834228515625000e+03
5.800000190734863281e+00,1.672003030776977539e+00,1.938962280273437500e+03
5.800000190734863281e+00,1.679045438766479492e+00,1.939084716796875000e+03
5.800000190734863281e+00,1.685606241226196289e+00,1.939202148437500000e+03
5.800000190734863281e+00,1.691722273826599121e+00,1.939314819335937500e+03
5.800000190734863281e+00,1.697426080703735352e+00,1.939423339843750000e+03
5.800000190734863281e+00,1.702746868133544922e+00,1.939528076171875000e+03
5.800000190734863281e+00,1.707710742950439453e+00,1.939629150390625000e+03
5.800000190734863281e+00,1.712341070175170898e+00,1.939726928710937500e+03
5.800000190734863281e+00,1.716658949851989746e+00,1.939821777343750000e+03
5.800000190734863281e+00,1.720683455467224121e+00,1.939913818359375000e+03
5.800000190734863281e+00,1.724431514739990234e+00,1.940003417968750000e+03
5.800000190734863281e+00,1.727918624877929688e+00,1.940090576171875000e+03
5.800000190734863281e+00,1.731158614158630371e+00,1.940175659179687500e+03
5.800000190734863281e+00,1.734164237976074219e+00,1.940258789062500000e+03
5.800000190734863281e+00,1.736946582794189453e+00,1.940340209960937500e+03
5.800000190734863281e+00,1.739516019821166992e+00,1.940419921875000000e+03
5.800000190734863281e+00,1.741881728172302246e+00,1.940498168945312500e+03
5.800000190734863281e+00,1.744052171707153320e+00,1.940574951171875000e+03
5.800000190734863281e+00,1.746034622192382812e+00,1.940650634765625000e+03
5.800000190734863281e+00,1.747835874557495117e+00,1.940725097656250000e+03
5.800000190734863281e+00,1.749462008476257324e+00,1.940798583984375000e+03
5.800000190734863281e+00,1.750918149948120117e+00,1.940871215820312500e+03
5.800000190734863281e+00,1.752209067344665527e+00,1.940942993164062500e+03
5.800000190734863281e+00,1.753338813781738281e+00,1.941014160156250000e+03
5.800000190734863281e+00,1.754311084747314453e+00,1.941084716796875000e+03
5.800000190734863281e+00,1.755128741264343262e+00,1.941154663085937500e+03
5.800000190734863281e+00,1.755794405937194824e+00,1.941224243164062500e+03
5.800000190734863281e+00,1.756309986114501953e+00,1.941293457031250000e+03
5.800000190734863281e+00,1.756677150726318359e+00,1.941362426757812500e+03
5.800000190734863281e+00,1.756897091865539551e+00,1.941431274414062500e+03
5.800000190734863281e+00,1.811163902282714844e+00,1.941500000000000000e+03
5.800000190734863281e+00,1.811107039451599121e+00,1.941568725585937500e+03
5.800000190734863281e+00,1.810936212539672852e+00,1.941637573242187500e+03
5.800000190734863281e+00,1.810650825500488281e+00,1.941706542968750000e+03
5.800000190734863281e+00,1.810250282287597656e+00,1.941775756835937500e+03
5.800000190734863281e+00,1.809733033180236816e+00,1.941845336914062500e+03
5.800000190734863281e+00,1.809097647666931152e+00,1.941915283203125000e+03
5.800000190734863281e+00,1.808342337608337402e+00,1.941985839843750000e+03
5.800000190734863281e+00,1.807464361190795898e+00,1.942057006835937500e+03
5.800000190734863281e+00,1.806461334228515625e+00,1.942128784179687500e+03
5.800000190734863281e+00,1.805329918861389160e+00,1.942201416015625000e+03
5.800000190734863281e+00,1.804066419601440430e+00,1.942274902343750000e+03
5.800000190734863281e+00,1.802666902542114258e+00,1.942349365234375000e+03
5.800000190734863281e+00,1.801126480102539062e+00,1.942425048828125000e+03
5.800000190734863281e+00,1.799440026283264160e+00,1.942501831054687500e+03
5.800000190734863281e+00,1.797601819038391113e+00,1.942580078125000000e+03
5.800000667572021484e+00,1.795605301856994629e+00,1.942659790039062500e+03
5.800000190734863281e+00,1.793443441390991211e+00,1.942741210937500000e+03
5.800000190734863281e+00,1.791108012199401855e+00,1.942824340820312500e+03
5.800000190734863281e+00,1.788590550422668457e+00,1.942909423828125000e+03
5.800000190734863281e+00,1.785881042480468750e+00,1.942996582031250000e+03
5.800000190734863281e+00,1.782968759536743164e+00,1.943086181640625000e+03
5.800000190734863281e+00,1.779841661453247070e+00,1.943178222656250000e+03
5.800000190734863281e+00,1.776486635208129883e+00,1.943273071289062500e+03
5.800000190734863281e+00,1.772888779640197754e+00,1.943370849609375000e+03
5.800000190734863281e+00,1.769031882286071777e+00,1.943471923828125000e+03
5.800000190734863281e+00,1.764897584915161133e+00,1.943576660156250000e+03
5.800000190734863281e+00,1.760465621948242188e+00,1.943685180664062500e+03
5.800000190734863281e+00,1.755713462829589844e+00,1.943797851562500000e+03
5.800000190734863281e+00,1.750615596771240234e+00,1.943915283203125000e+03
5.800000190734863281e+00,1.745143651962280273e+00,1.944037719726562500e+03
5.800000190734863281e+00,1.739265680313110352e+00,1.944165771484375000e+03
5.800000190734863281e+00,1.732945442199707031e+00,1.944300048828125000e+03
5.800000190734863281e+00,1.726142168045043945e+00,1.944440917968750000e+03
5.800000190734863281e+00,1.718809366226196289e+00,1.944589355468750000e+03
5.800000190734863281e+00,1.710894227027893066e+00,1.944745971679687500e+03
5.800000190734863281e+00,1.702335953712463379e+00,1.944911865234375000e+03
5.800000190734863281e+00,1.693065047264099121e+00,1.945087890625000000e+03
5.800000190734863281e+00,1.683001041412353516e+00,1.945275390625000000e+03
5.800000190734863281e+00,1.672050476074218750e+00,1.945475708007812500e+03
5.800000190734863281e+00,1.660104036331176758e+00,1.945690551757812500e+03
5.800000190734863281e+00,1.647033929824829102e+00,1.945921630859375000e+03
5.800000190734863281e+00,1.632688045501708984e+00,1.946171508789062500e+03
5.800000190734863281e+00,1.616886258125305176e+00,1.946442749023437500e+03
5.800000190734863281e+00,1.599411487579345703e+00,1.946738403320312500e+03
5.800000190734863281e+00,1.580001473426818848e+00,1.947062622070312500e+03
5.800000190734863281e+00,1.558335065841674805e+00,1.947420043945312500e+03
5.800000190734863281e+00,1.534015774726867676e+00,1.947816650390625000e+03
5.800000190734863281e+00,1.506547570228576660e+00,1.948259765625000000e+03
5.800000190734863281e+00,1.475302457809448242e+00,1.948758666992187500e+03
5.800000190734863281e+00,1.439472436904907227e+00,1.949325439453125000e+03
5.800000190734863281e+00,1.398001074790954590e+00,1.949975708007812500e+03
5.800000190734863281e+00,1.349479675292968750e+00,1.950730346679687500e+03
5.800000190734863281e+00,1.291987180709838867e+00,1.951617919921875000e+03
5.800000190734863281e+00,1.222833514213562012e+00,1.952678222656250000e+03
5.800000190734863281e+00,1.138133287429809570e+00,1.953968994140625000e+03
5.800000190734863281e+00,1.032058238983154297e+00,1.955576538085937500e+03
5.800000190734863281e+00,8.954493999481201172e-01,1.957636840820312500e+03
5.800000190734863281e+00,7.130414247512817383e-01,1.960376098632812500e+03
2.000002861022949219e-01,7.130415439605712891e-01,1.960376098632812500e+03
2.000000476837158203e-01,8.954495191574096680e-01,1.957636840820312500e+03
1.999998092651367188e-01,1.032058358192443848e+00,1.955576538085937500e+03
2.000000476837158203e-01,1.138133287429809570e+00,1.953968994140625000e+03
2.000002861022949219e-01,1.222833633422851562e+00,1.952678222656250000e+03
2.000000476837158203e-01,1.291987180709838867e+00,1.951617919921875000e+03
1.999998092651367188e-01,1.349479794502258301e+00,1.950730346679687500e+03
2.000000476837158203e-01,1.398001194000244141e+00,1.949975708007812500e+03
2.000000476837158203e-01,1.439472436904907227e+00,1.949325439453125000e+03
2.000000476837158203e-01,1.475302457809448242e+00,1.948758666992187500e+03
2.000002861022949219e-01,1.506547689437866211e+00,1.948259765625000000e+03
2.000000476837158203e-01,1.534015893936157227e+00,1.947816650390625000e+03
1.999998092651367188e-01,1.558335185050964355e+00,1.947420043945312500e+03
1.999998092651367188e-01,1.580001592636108398e+00,1.947062622070312500e+03
2.000000476837158203e-01,1.599411606788635254e+00,1.946738403320312500e+03
2.000000476837158203e-01,1.616886258125305176e+00,1.946442749023437500e+03
2.000000476837158203e-01,1.632688164710998535e+00,1.946171508789062500e+03
2.000000476837158203e-01,1.647033929824829102e+00,1.945921630859375000e+03
2.000002861022949219e-01,1.660104036331176758e+00,1.945690551757812500e+03
2.000002861022949219e-01,1.672050476074218750e+00,1.945475708007812500e+03
2.000000476837158203e-01,1.683001041412353516e+00,1.945275390625000000e+03
2.000000476837158203e-01,1.693065166473388672e+00,1.945087890625000000e+03
2.000000476837158203e-01,1.702336072921752930e+00,1.944911865234375000e+03
2.000000476837158203e-01,1.710894227027893066e+00,1.944745971679687500e+03
1.999998092651367188e-01,1.718809366226196289e+00,1.944589355468750000e+03
2.000000476837158203e-01,1.726142168045043945e+00,1.944440917968750000e+03
1.999998092651367188e-01,1.732945442199707031e+00,1.944300048828125000e+03
2.000000476837158203e-01,1.739265680313110352e+00,1.944165771484375000e+03
2.000000476837158203e-01,1.745143651962280273e+00,1.944037719726562500e+03
2.000000476837158203e-01,1.750615596771240234e+00,1.943915283203125000e+03
2.000000476837158203e-01,1.755713462829589844e+00,1.943797851562500000e+03
2.000000476837158203e-01,1.760465621948242188e+00,1.943685180664062500e+03
2.000002861022949219e-01,1.764897584915161133e+00,1.943576660156250000e+03
2.000000476837158203e-01,1.769031882286071777e+00,1.943471923828125000e+03
2.000000476837158203e-01,1.772888779640197754e+00,1.943370849609375000e+03
1.999998092651367188e-01,1.776486635208129883e+00,1.943273071289062500e+03
2.000000476837158203e-01,1.779841780662536621e+00,1.943178222656250000e+03
1.999998092651367188e-01,1.782968759536743164e+00,1.943086181640625000e+03
2.000002861022949219e-01,1.785881042480468750e+00,1.942996582031250000e+03
2.000000476837158203e-01,1.788590550422668457e+00,1.942909423828125000e+03
1.999998092651367188e-01,1.791108131408691406e+00,1.942824340820312500e+03
2.000000476837158203e-01,1.793443441390991211e+00,1.942741210937500000e+03
1.999998092651367188e-01,1.795605301856994629e+00,1.942659790039062500e+03
2.000000476837158203e-01,1.797601819038391113e+00,1.942580078125000000e+03
2.000000476837158203e-01,1.799440026283264160e+00,1.942501831054687500e+03
2.000000476837158203e-01,1.801126480102539062e+00,1.942425048828125000e+03
2.000000476837158203e-01,1.802666902542114258e+00,1.942349365234375000e+03
2.000000476837158203e-01,1.804066419601440430e+00,1.942274902343750000e+03
2.000002861022949219e-01,1.805329918861389160e+00,1.942201416015625000e+03
2.000000476837158203e-01,1.806461334228515625e+00,1.942128784179687500e+03
1.999998092651367188e-01,1.807464361190795898e+00,1.942057006835937500e+03
2.000000476837158203e-01,1.808342337608337402e+00,1.941985839843750000e+03
1.999998092651367188e-01,1.809097766876220703e+00,1.941915283203125000e+03
2.000000476837158203e-01,1.809733033180236816e+00,1.941845336914062500e+03
2.000000476837158203e-01,1.810250282287597656e+00,1.941775756835937500e+03
2.000000476837158203e-01,1.810650944709777832e+00,1.941706542968750000e+03
2.000000476837158203e-01,1.810936212539672852e+00,1.941637573242187500e+03
2.000002861022949219e-01,1.811107039451599121e+00,1.941568725585937500e+03
2.000000476837158203e-01,1.811163902282714844e+00,1.941500000000000000e+03
2.000002861022949219e-01,1.811107039451599121e+00,1.941431274414062500e+03
2.000000476837158203e-01,1.810936212539672852e+00,1.941362426757812500e+03
2.000000476837158203e-01,1.810650944709777832e+00,1.941293457031250000e+03
2.000000476837158203e-01,1.810250282287597656e+00,1.941224243164062500e+03
2.000000476837158203e-01,1.809733033180236816e+00,1.941154663085937500e+03
1.999998092651367188e-01,1.809097766876220703e+00,1.941084716796875000e+03
2.000000476837158203e-01,1.808342337608337402e+00,1.941014160156250000e+03
1.999998092651367188e-01,1.807464361190795898e+00,1.940942993164062500e+03
2.000000476837158203e-01,1.806461334228515625e+00,1.940871215820312500e+03
2.000002861022949219e-01,1.805329918861389160e+00,1.940798583984375000e+03
2.000000476837158203e-01,1.804066419601440430e+00,1.940725097656250000e+03
2.000000476837158203e-01,1.802666902542114258e+00,1.940650634765625000e+03
2.000000476837158203e-01,1.801126480102539062e+00,1.940574951171875000e+03
2.000000476837158203e-01,1.799440026283264160e+00,1.940498168945312500e+03
2.000000476837158203e-01,1.797601819038391113e+00,1.940419921875000000e+03
1.999998092651367188e-01,1.795605301856994629e+00,1.940340209960937500e+03
2.000000476837158203e-01,1.793443441390991211e+00,1.940258789062500000e+03
1.999998092651367188e-01,1.791108131408691406e+00,1.940175659179687500e+03
2.000000476837158203e-01,1.788590550422668457e+00,1.940090576171875000e+03
2.000002861022949219e-01,1.785881042480468750e+00,1.940003417968750000e+03
1.999998092651367188e-01,1.782968759536743164e+00,1.939913818359375000e+03
2.000000476837158203e-01,1.779841780662536621e+00,1.939821777343750000e+03
1.999998092651367188e-01,1.776486635208129883e+00,1.939726928710937500e+03
2.000000476837158203e-01,1.772888779640197754e+00,1.939629150390625000e+03
2.000000476837158203e-01,1.769031882286071777e+00,1.939528076171875000e+03
2.000002861022949219e-01,1.764897584915161133e+00,1.939423339843750000e+03
2.000000476837158203e-01,1.760465621948242188e+00,1.939314819335937500e+03
2.000000476837158203e-01,1.755713462829589844e+00,1.939202148437500000e+03
2.000000476837158203e-01,1.750615596771240234e+00,1.939084716796875000e+03
2.000000476837158203e-01,1.745143651962280273e+00,1.938962280273437500e+03
2.000000476837158203e-01,1.739265680313110352e+00,1.938834228515625000e+03
1.999998092651367188e-01,1.732945442199707031e+00,1.938699951171875000e+03
2.000000476837158203e-01,1.726142168045043945e+00,1.938559082031250000e+03
1.999998092651367188e-01,1.718809366226196289e+00,1.938410644531250000e+03
2.000000476837158203e-01,1.710894227027893066e+00,1.938254028320312500e+03
2.000000476837158203e-01,1.702336072921752930e+00,1.938088134765625000e+03
2.000000476837158203e-01,1.693065166473388672e+00,1.937912109375000000e+03
2.000000476837158203e-01,1.683001041412353516e+00,1.937724609375000000e+03
2.000002861022949219e-01,1.672050476074218750e+00,1.937524291992187500e+03
2.000002861022949219e-01,1.660104036331176758e+00,1.937309448242187500e+03
2.000000476837158203e-01,1.647033929824829102e+00,1.937078369140625000e+03
2.000000476837158203e-01,1.632688164710998535e+00,1.936828491210937500e+03
2.000000476837158203e-01,1.616886258125305176e+00,1.936557250976562500e+03
2.000000476837158203e-01,1.599411606788635254e+00,1.936261596679687500e+03
1.999998092651367188e-01,1.580001592636108398e+00,1.935937377929687500e+03
1.999998092651367188e-01,1.558335185050964355e+00,1.935579956054687500e+03
2.000000476837158203e-01,1.534015893936157227e+00,1.935183349609375000e+03
2.000002861022949219e-01,1.506547689437866211e+00,1.934740234375000000e+03
2.000000476837158203e-01,1.475302457809448242e+00,1.934241333007812500e+03
2.000000476837158203e-01,1.439472436904907227e+00,1.933674560546875000e+03
2.000000476837158203e-01,1.398001194000244141e+00,1.933024291992187500e+03
1.999998092651367188e-01,1.349479794502258301e+00,1.932269653320312500e+03
2.000000476837158203e-01,1.291987180709838867e+00,1.931382080078125000e+03
2.000002861022949219e-01,1.222833633422851562e+00,1.930321777343750000e+03
2.000000476837158203e-01,1.138133287429809570e+00,1.929031005859375000e+03
1.999998092651367188e-01,1.032058358192443848e+00,1.927423461914062500e+03
2.000000476837158203e-01,8.954495191574096680e-01,1.925363159179687500e+03
2.000002861022949219e-01,7.130415439605712891e-01,1.922623901367187500e+03
5.800000190734863281e+00,7.130414247512817383e-01,1.922623901367187500e+03
5.800000190734863281e+00,8.954493999481201172e-01,1.925363159179687500e+03
5.800000190734863281e+00,1.032058238983154297e+00,1.927423461914062500e+03
5.800000190734863281e+00,1.138133287429809570e+00,1.929031005859375000e+03
5.800000190734863281e+00,1.222833514213562012e+00,1.930321777343750000e+03
5.800000190734863281e+00,1.291987180709838867e+00,1.931382080078125000e+03
5.800000190734863281e+00,1.349479675292968750e+00,1.932269653320312500e+03
5.800000190734863281e+00,1.398001074790954590e+00,1.933024291992187500e+03
5.800000190734863281e+00,1.439472436904907227e+00,1.933674560546875000e+03
5.800000190734863281e+00,1.475302457809448242e+00,1.934241333007812500e+03
5.800000190734863281e+00,1.506547570228576660e+00,1.934740234375000000e+03
5.800000190734863281e+00,1.534015774726867676e+00,1.935183349609375000e+03
5.800000190734863281e+00,1.558335065841674805e+00,1.935579956054687500e+03
5.800000190734863281e+00,1.580001473426818848e+00,1.935937377929687500e+03
5.800000190734863281e+00,1.599411487579345703e+00,1.936261596679687500e+03
5.800000190734863281e+00,1.616886258125305176e+00,1.936557250976562500e+03
5.800000190734863281e+00,1.632688045501708984e+00,1.936828491210937500e+03
5.800000190734863281e+00,1.647033929824829102e+00,1.937078369140625000e+03
5.800000190734863281e+00,1.660104036331176758e+00,1.937309448242187500e+03
5.800000190734863281e+00,1.672050476074218750e+00,1.937524291992187500e+03
5.800000190734863281e+00,1.683001041412353516e+00,1.937724609375000000e+03
5.800000190734863281e+00,1.693065047264099121e+00,1.937912109375000000e+03
5.800000190734863281e+00,1.702335953712463379e+00,1.938088134765625000e+03
5.800000190734863281e+00,1.710894227027893066e+00,1.938254028320312500e+03
5.800000190734863281e+00,1.718809366226196289e+00,1.938410644531250000e+03
5.800000190734863281e+00,1.726142168045043945e+00,1.938559082031250000e+03
5.800000190734863281e+00,1.732945442199707031e+00,1.938699951171875000e+03
5.800000190734863281e+00,1.739265680313110352e+00,1.938834228515625000e+03
5.800000190734863281e+00,1.745143651962280273e+00,1.938962280273437500e+03
5.800000190734863281e+00,1.750615596771240234e+00,1.939084716796875000e+03
5.800000190734863281e+00,1.755713462829589844e+00,1.939202148437500000e+03
5.800000190734863281e+00,1.760465621948242188e+00,1.939314819335937500e+03
5.800000190734863281e+00,1.764897584915161133e+00,1.939423339843750000e+03
5.800000190734863281e+00,1.769031882286071777e+00,1.939528076171875000e+03
5.800000190734863281e+00,1.772888779640197754e+00,1.939629150390625000e+03
5.800000190734863281e+00,1.776486635208129883e+00,1.939726928710937500e+03
5.800000190734863281e+00,1.779841661453247070e+00,1.939821777343750000e+03
5.800000190734863281e+00,1.782968759536743164e+00,1.939913818359375000e+03
5.800000190734863281e+00,1.785881042480468750e+00,1.940003417968750000e+03
5.800000190734863281e+00,1.788590550422668457e+00,1.940090576171875000e+03
5.800000190734863281e+00,1.791108012199401855e+00,1.940175659179687500e+03
5.800000190734863281e+00,1.793443441390991211e+00,1.940258789062500000e+03
5.800000667572021484e+00,1.795605301856994629e+00,1.940340209960937500e+03
5.800000190734863281e+00,1.797601819038391113e+00,1.940419921875000000e+03
5.800000190734863281e+00,1.799440026283264160e+00,1.940498168945312500e+03
5.800000190734863281e+00,1.801126480102539062e+00,1.940574951171875000e+03
5.800000190734863281e+00,1.802666902542114258e+00,1.940650634765625000e+03
5.800000190734863281e+00,1.804066419601440430e+00,1.940725097656250000e+03
5.800000190734863281e+00,1.805329918861389160e+00,1.940798583984375000e+03
5.800000190734863281e+00,1.806461334228515625e+00,1.940871215820312500e+03
5.800000190734863281e+00,1.807464361190795898e+00,1.940942993164062500e+03
5.800000190734863281e+00,1.808342337608337402e+00,1.941014160156250000e+03
5.800000190734863281e+00,1.809097647666931152e+00,1.941084716796875000e+03
5.800000190734863281e+00,1.809733033180236816e+00,1.941154663085937500e+03
5.800000190734863281e+00,1.810250282287597656e+00,1.941224243164062500e+03
5.800000190734863281e+00,1.810650825500488281e+00,1.941293457031250000e+03
5.800000190734863281e+00,1.810936212539672852e+00,1.941362426757812500e+03
5.800000190734863281e+00,1.811107039451599121e+00,1.941431274414062500e+03
5.800000190734863281e+00,1.865217089653015137e+00,1.941500000000000000e+03
5.800000190734863281e+00,1.865176439285278320e+00,1.941568725585937500e+03
5.800000190734863281e+00,1.865054488182067871e+00,1.941637573242187500e+03
5.800000190734863281e+00,1.864850878715515137e+00,1.941706542968750000e+03
5.800000190734863281e+00,1.864564895629882812e+00,1.941775756835937500e+03
5.800000190734863281e+00,1.864195823669433594e+00,1.941845336914062500e+03
5.800000190734863281e+00,1.863742351531982422e+00,1.941915283203125000e+03
5.800000190734863281e+00,1.863203048706054688e+00,1.941985839843750000e+03
5.800000190734863281e+00,1.862576484680175781e+00,1.942057006835937500e+03
5.800000190734863281e+00,1.861860632896423340e+00,1.942128784179687500e+03
5.800000190734863281e+00,1.861052989959716797e+00,1.942201416015625000e+03
5.800000190734863281e+00,1.860151171684265137e+00,1.942274902343750000e+03
5.800000190734863281e+00,1.859152197837829590e+00,1.942349365234375000e+03
5.800000190734863281e+00,1.858052730560302734e+00,1.942425048828125000e+03
5.800000190734863281e+00,1.856849074363708496e+00,1.942501831054687500e+03
5.800000190734863281e+00,1.855537056922912598e+00,1.942580078125000000e+03
5.800000190734863281e+00,1.854112029075622559e+00,1.942659790039062500e+03
5.800000190734863281e+00,1.852568864822387695e+00,1.942741210937500000e+03
5.800000190734863281e+00,1.850902080535888672e+00,1.942824340820312500e+03
5.800000190734863281e+00,1.849105119705200195e+00,1.942909423828125000e+03
5.800000190734863281e+00,1.847171306610107422e+00,1.942996582031250000e+03
5.800000190734863281e+00,1.845092535018920898e+00,1.943086181640625000e+03
5.800000190734863281e+00,1.842860698699951172e+00,1.943178222656250000e+03
5.800000190734863281e+00,1.840465903282165527e+00,1.943273071289062500e+03
5.800000190734863281e+00,1.837897896766662598e+00,1.943370849609375000e+03
5.800000190734863281e+00,1.835144996643066406e+00,1.943471923828125000e+03
5.800000190734863281e+00,1.832194089889526367e+00,1.943576660156250000e+03
5.800000190734863281e+00,1.829030871391296387e+00,1.943685180664062500e+03
5.800000190734863281e+00,1.825639009475708008e+00,1.943797851562500000e+03
5.800000190734863281e+00,1.822000384330749512e+00,1.943915283203125000e+03
5.800000667572021484e+00,1.818094730377197266e+00,1.944037719726562500e+03
5.800000190734863281e+00,1.813899278640747070e+00,1.944165771484375000e+03
5.800000190734863281e+00,1.809388160705566406e+00,1.944300048828125000e+03
5.800000190734863281e+00,1.804532289505004883e+00,1.944440917968750000e+03
5.800000190734863281e+00,1.799298405647277832e+00,1.944589355468750000e+03
5.800000190734863281e+00,1.793648958206176758e+00,1.944745971679687500e+03
5.800000190734863281e+00,1.787540435791015625e+00,1.944911865234375000e+03
5.800000190734863281e+00,1.780923247337341309e+00,1.945087890625000000e+03
5.800000190734863281e+00,1.773740053176879883e+00,1.945275390625000000e+03
5.800000190734863281e+00,1.765923857688903809e+00,1.945475708007812500e+03
5.800000190734863281e+00,1.757397174835205078e+00,1.945690551757812500e+03
5.800000190734863281e+00,1.748068213462829590e+00,1.945921630859375000e+03
5.800000190734863281e+00,1.737828850746154785e+00,1.946171508789062500e+03
5.800000190734863281e+00,1.726550102233886719e+00,1.946442749023437500e+03
5.800000190734863281e+00,1.714077472686767578e+00,1.946738403320312500e+03
5.800000190734863281e+00,1.700223445892333984e+00,1.947062622070312500e+03
5.800000190734863281e+00,1.684758901596069336e+00,1.947420043945312500e+03
5.800000190734863281e+00,1.667400836944580078e+00,1.947816650390625000e+03
5.800000190734863281e+00,1.647795200347900391e+00,1.948259765625000000e+03
5.800000190734863281e+00,1.625493764877319336e+00,1.948758666992187500e+03
5.800000190734863281e+00,1.599919915199279785e+00,1.949325439453125000e+03
5.800000190734863281e+00,1.570319533348083496e+00,1.949975708007812500e+03
5.800000190734863281e+00,1.535687088966369629e+00,1.950730346679687500e+03
5.800000190734863281e+00,1.494651317596435547e+00,1.951617919921875000e+03
5.800000190734863281e+00,1.445292472839355469e+00,1.952678222656250000e+03
5.800000190734863281e+00,1.384837150573730469e+00,1.953968994140625000e+03
5.800000190734863281e+00,1.309125423431396484e+00,1.955576538085937500e+03
5.800000190734863281e+00,1.211620092391967773e+00,1.957636840820312500e+03
5.800000190734863281e+00,1.081425189971923828e+00,1.960376098632812500e+03
2.000000476837158203e-01,1.081425189971923828e+00,1.960376098632812500e+03
2.000000476837158203e-01,1.211620092391967773e+00,1.957636840820312500e+03
2.000000476837158203e-01,1.309125661849975586e+00,1.955576538085937500e+03
2.000000476837158203e-01,1.384837388992309570e+00,1.953968994140625000e+03
2.000000476837158203e-01,1.445292592048645020e+00,1.952678222656250000e+03
2.000000476837158203e-01,1.494651436805725098e+00,1.951617919921875000e+03
2.000000476837158203e-01,1.535687088966369629e+00,1.950730346679687500e+03
2.000000476837158203e-01,1.570319533348083496e+00,1.949975708007812500e+03
2.000002861022949219e-01,1.599920034408569336e+00,1.949325439453125000e+03
2.000000476837158203e-01,1.625493884086608887e+00,1.948758666992187500e+03
2.000000476837158203e-01,1.647795319557189941e+00,1.948259765625000000e+03
2.000000476837158203e-01,1.667400836944580078e+00,1.947816650390625000e+03
2.000000476837158203e-01,1.684758901596069336e+00,1.947420043945312500e+03
2.000000476837158203e-01,1.700223445892333984e+00,1.947062622070312500e+03
1.999998092651367188e-01,1.714077472686767578e+00,1.946738403320312500e+03
1.999998092651367188e-01,1.726550221443176270e+00,1.946442749023437500e+03
2.000002861022949219e-01,1.737828850746154785e+00,1.946171508789062500e+03
2.000002861022949219e-01,1.748068213462829590e+00,1.945921630859375000e+03
1.999998092651367188e-01,1.757397174835205078e+00,1.945690551757812500e+03
2.000000476837158203e-01,1.765923976898193359e+00,1.945475708007812500e+03
2.000000476837158203e-01,1.773740053176879883e+00,1.945275390625000000e+03
2.000000476837158203e-01,1.780923247337341309e+00,1.945087890625000000e+03
2.000000476837158203e-01,1.787540435791015625e+00,1.944911865234375000e+03
2.000002861022949219e-01,1.793648958206176758e+00,1.944745971679687500e+03
1.999998092651367188e-01,1.799298405647277832e+00,1.944589355468750000e+03
2.000002861022949219e-01,1.804532289505004883e+00,1.944440917968750000e+03
2.000000476837158203e-01,1.809388160705566406e+00,1.944300048828125000e+03
2.000002861022949219e-01,1.813899278640747070e+00,1.944165771484375000e+03
1.999998092651367188e-01,1.818094730377197266e+00,1.944037719726562500e+03
2.000002861022949219e-01,1.822000384330749512e+00,1.943915283203125000e+03
2.000000476837158203e-01,1.825639009475708008e+00,1.943797851562500000e+03
2.000000476837158203e-01,1.829030871391296387e+00,1.943685180664062500e+03
2.000000476837158203e-01,1.832194209098815918e+00,1.943576660156250000e+03
2.000000476837158203e-01,1.835144996643066406e+00,1.943471923828125000e+03
1.999998092651367188e-01,1.837898015975952148e+00,1.943370849609375000e+03
1.999998092651367188e-01,1.840465903282165527e+00,1.943273071289062500e+03
2.000000476837158203e-01,1.842860698699951172e+00,1.943178222656250000e+03
2.000000476837158203e-01,1.845092535018920898e+00,1.943086181640625000e+03
2.000000476837158203e-01,1.847171306610107422e+00,1.942996582031250000e+03
2.000000476837158203e-01,1.849105119705200195e+00,1.942909423828125000e+03
2.000000476837158203e-01,1.850902080535888672e+00,1.942824340820312500e+03
2.000000476837158203e-01,1.852568984031677246e+00,1.942741210937500000e+03
2.000000476837158203e-01,1.854112029075622559e+00,1.942659790039062500e+03
2.000002861022949219e-01,1.855537056922912598e+00,1.942580078125000000e+03
2.000002861022949219e-01,1.856849074363708496e+00,1.942501831054687500e+03
2.000002861022949219e-01,1.858052730560302734e+00,1.942425048828125000e+03
2.000000476837158203e-01,1.859152197837829590e+00,1.942349365234375000e+03
1.999998092651367188e-01,1.860151171684265137e+00,1.942274902343750000e+03
2.000000476837158203e-01,1.861052989959716797e+00,1.942201416015625000e+03
2.000000476837158203e-01,1.861860632896423340e+00,1.942128784179687500e+03
1.999998092651367188e-01,1.862576484680175781e+00,1.942057006835937500e+03
2.000000476837158203e-01,1.863203167915344238e+00,1.941985839843750000e+03
2.000002861022949219e-01,1.863742351531982422e+00,1.941915283203125000e+03
2.000000476837158203e-01,1.864195823669433594e+00,1.941845336914062500e+03
1.999998092651367188e-01,1.864564895629882812e+00,1.941775756835937500e+03
2.000000476837158203e-01,1.864850878715515137e+00,1.941706542968750000e+03
2.000000476837158203e-01,1.865054607391357422e+00,1.941637573242187500e+03
2.000000476837158203e-01,1.865176439285278320e+00,1.941568725585937500e+03
2.000000476837158203e-01,1.865217089653015137e+00,1.941500000000000000e+03
2.000000476837158203e-01,1.865176439285278320e+00,1.941431274414062500e+03
2.000000476837158203e-01,1.865054607391357422e+00,1.941362426757812500e+03
2.000000476837158203e-01,1.864850878715515137e+00,1.941293457031250000e+03
1.999998092651367188e-01,1.864564895629882812e+00,1.941224243164062500e+03
2.000000476837158203e-01,1.864195823669433594e+00,1.941154663085937500e+03
2.000002861022949219e-01,1.863742351531982422e+00,1.941084716796875000e+03
2.000000476837158203e-01,1.863203167915344238e+00,1.941014160156250000e+03
1.999998092651367188e-01,1.862576484680175781e+00,1.940942993164062500e+03
2.000000476837158203e-01,1.861860632896423340e+00,1.940871215820312500e+03
2.000000476837158203e-01,1.861052989959716797e+00,1.940798583984375000e+03
1.999998092651367188e-01,1.860151171684265137e+00,1.940725097656250000e+03
2.000000476837158203e-01,1.859152197837829590e+00,1.940650634765625000e+03
2.000002861022949219e-01,1.858052730560302734e+00,1.940574951171875000e+03
2.000002861022949219e-01,1.856849074363708496e+00,1.940498168945312500e+03
2.000002861022949219e-01,1.855537056922912598e+00,1.940419921875000000e+03
2.000000476837158203e-01,1.854112029075622559e+00,1.940340209960937500e+03
2.000000476837158203e-01,1.852568984031677246e+00,1.940258789062500000e+03
2.000000476837158203e-01,1.850902080535888672e+00,1.940175659179687500e+03
2.000000476837158203e-01,1.849105119705200195e+00,1.940090576171875000e+03
2.000000476837158203e-01,1.847171306610107422e+00,1.940003417968750000e+03
2.000000476837158203e-01,1.845092535018920898e+00,1.939913818359375000e+03
2.000000476837158203e-01,1.842860698699951172e+00,1.939821777343750000e+03
1.999998092651367188e-01,1.840465903282165527e+00,1.939726928710937500e+03
1.999998092651367188e-01,1.837898015975952148e+00,1.939629150390625000e+03
2.000000476837158203e-01,1.835144996643066406e+00,1.939528076171875000e+03
2.000000476837158203e-01,1.832194209098815918e+00,1.939423339843750000e+03
2.000000476837158203e-01,1.829030871391296387e+00,1.939314819335937500e+03
2.000000476837158203e-01,1.825639009475708008e+00,1.939202148437500000e+03
2.000002861022949219e-01,1.822000384330749512e+00,1.939084716796875000e+03
1.999998092651367188e-01,1.818094730377197266e+00,1.938962280273437500e+03
2.000002861022949219e-01,1.813899278640747070e+00,1.938834228515625000e+03
2.000000476837158203e-01,1.809388160705566406e+00,1.938699951171875000e+03
2.000002861022949219e-01,1.804532289505004883e+00,1.938559082031250000e+03
1.999998092651367188e-01,1.799298405647277832e+00,1.938410644531250000e+03
2.000002861022949219e-01,1.793648958206176758e+00,1.938254028320312500e+03
2.000000476837158203e-01,1.787540435791015625e+00,1.938088134765625000e+03
2.000000476837158203e-01,1.780923247337341309e+00,1.937912109375000000e+03
2.000000476837158203e-01,1.773740053176879883e+00,1.937724609375000000e+03
2.000000476837158203e-01,1.765923976898193359e+00,1.937524291992187500e+03
1.999998092651367188e-01,1.757397174835205078e+00,1.937309448242187500e+03
2.000002861022949219e-01,1.748068213462829590e+00,1.937078369140625000e+03
2.000002861022949219e-01,1.737828850746154785e+00,1.936828491210937500e+03
1.999998092651367188e-01,1.726550221443176270e+00,1.936557250976562500e+03
1.999998092651367188e-01,1.714077472686767578e+00,1.936261596679687500e+03
2.000000476837158203e-01,1.700223445892333984e+00,1.935937377929687500e+03
2.000000476837158203e-01,1.684758901596069336e+00,1.935579956054687500e+03
2.000000476837158203e-01,1.667400836944580078e+00,1.935183349609375000e+03
2.000000476837158203e-01,1.647795319557189941e+00,1.934740234375000000e+03
2.000000476837158203e-01,1.625493884086608887e+00,1.934241333007812500e+03
2.000002861022949219e-01,1.599920034408569336e+00,1.933674560546875000e+03
2.000000476837158203e-01,1.570319533348083496e+00,1.933024291992187500e+03
2.000000476837158203e-01,1.535687088966369629e+00,1.932269653320312500e+03
2.000000476837158203e-01,1.494651436805725098e+00,1.931382080078125000e+03
2.000000476837158203e-01,1.445292592048645020e+00,1.930321777343750000e+03
2.000000476837158203e-01,1.384837388992309570e+00,1.929031005859375000e+03
2.000000476837158203e-01,1.309125661849975586e+00,1.927423461914062500e+03
2.000000476837158203e-01,1.211620092391967773e+00,1.925363159179687500e+03
2.000000476837158203e-01,1.081425189971923828e+00,1.922623901367187500e+03
5.800000190734863281e+00,1.081425189971923828e+00,1.922623901367187500e+03
5.800000190734863281e+00,1.211620092391967773e+00,1.925363159179687500e+03
5.800000190734863281e+00,1.309125423431396484e+00,1.927423461914062500e+03
5.800000190734863281e+00,1.384837150573730469e+00,1.929031005859375000e+03
5.800000190734863281e+00,1.445292472839355469e+00,1.930321777343750000e+03
5.800000190734863281e+00,1.494651317596435547e+00,1.931382080078125000e+03
5.800000190734863281e+00,1.535687088966369629e+00,1.932269653320312500e+03
5.800000190734863281e+00,1.570319533348083496e+00,1.933024291992187500e+03
5.800000190734863281e+00,1.599919915199279785e+00,1.933674560546875000e+03
5.800000190734863281e+00,1.625493764877319336e+00,1.934241333007812500e+03
5.800000190734863281e+00,1.647795200347900391e+00,1.934740234375000000e+03
5.800000190734863281e+00,1.667400836944580078e+00,1.935183349609375000e+03
5.800000190734863281e+00,1.684758901596069336e+00,1.935579956054687500e+03
5.800000190734863281e+00,1.700223445892333984e+00,1.935937377929687500e+03
5.800000190734863281e+00,1.714077472686767578e+00,1.936261596679687500e+03
5.800000190734863281e+00,1.726550102233886719e+00,1.936557250976562500e+03
5.800000190734863281e+00,1.737828850746154785e+00,1.936828491210937500e+03
5.800000190734863281e+00,1.748068213462829590e+00,1.937078369140625000e+03
5.800000190734863281e+00,1.757397174835205078e+00,1.937309448242187500e+03
5.800000190734863281e+00,1.765923857688903809e+00,1.937524291992187500e+03
5.800000190734863281e+00,1.773740053176879883e+00,1.937724609375000000e+03
5.800000190734863281e+00,1.780923247337341309e+00,1.937912109375000000e+03
5.800000190734863281e+00,1.787540435791015625e+00,1.938088134765625000e+03
5.800000190734863281e+00,1.793648958206176758e+00,1.938254028320312500e+03
5.800000190734863281e+00,1.799298405647277832e+00,1.938410644531250000e+03
5.800000190734863281e+00,1.804532289505004883e+00,1.938559082031250000e+03
5.800000190734863281e+00,1.809388160705566406e+00,1.938699951171875000e+03
5.800000190734863281e+00,1.813899278640747070e+00,1.938834228515625000e+03
5.800000667572021484e+00,1.818094730377197266e+00,1.938962280273437500e+03
5.800000190734863281e+00,1.822000384330749512e+00,1.939084716796875000e+03
5.800000190734863281e+00,1.825639009475708008e+00,1.939202148437500000e+03
5.800000190734863281e+00,1.829030871391296387e+00,1.939314819335937500e+03
5.800000190734863281e+00,1.832194089889526367e+00,1.939423339843750000e+03
5.800000190734863281e+00,1.835144996643066406e+00,1.939528076171875000e+03
5.800000190734863281e+00,1.837897896766662598e+00,1.939629150390625000e+03
5.800000190734863281e+00,1.840465903282165527e+00,1.939726928710937500e+03
5.800000190734863281e+00,1.842860698699951172e+00,1.939821777343750000e+03
5.800000190734863281e+00,1.845092535018920898e+00,1.939913818359375000e+03
5.800000190734863281e+00,1.847171306610107422e+00,1.940003417968750000e+03
5.800000190734863281e+00,1.849105119705200195e+00,1.940090576171875000e+03
5.800000190734863281e+00,1.850902080535888672e+00,1.940175659179687500e+03
5.800000190734863281e+00,1.852568864822387695e+00,1.940258789062500000e+03
5.800000190734863281e+00,1.854112029075622559e+00,1.940340209960937500e+03
5.800000190734863281e+00,1.855537056922912598e+00,1.940419921875000000e+03
5.800000190734863281e+00,1.856849074363708496e+00,1.940498168945312500e+03
5.800000190734863281e+00,1.858052730560302734e+00,1.940574951171875000e+03
5.800000190734863281e+00,1.859152197837829590e+00,1.940650634765625000e+03
5.800000190734863281e+00,1.860151171684265137e+00,1.940725097656250000e+03
5.800000190734863281e+00,1.861052989959716797e+00,1.940798583984375000e+03
5.800000190734863281e+00,1.861860632896423340e+00,1.940871215820312500e+03
5.800000190734863281e+00,1.862576484680175781e+00,1.940942993164062500e+03
5.800000190734863281e+00,1.863203048706054688e+00,1.941014160156250000e+03
5.800000190734863281e+00,1.863742351531982422e+00,1.941084716796875000e+03
5.800000190734863281e+00,1.864195823669433594e+00,1.941154663085937500e+03
5.800000190734863281e+00,1.864564895629882812e+00,1.941224243164062500e+03
5.800000190734863281e+00,1.864850878715515137e+00,1.941293457031250000e+03
5.800000190734863281e+00,1.865054488182067871e+00,1.941362426757812500e+03
5.800000190734863281e+00,1.865176439285278320e+00,1.941431274414062500e+03
5.800000190734863281e+00,1.919170141220092773e+00,1.941500000000000000e+03
5.800000190734863281e+00,1.919145822525024414e+00,1.941568725585937500e+03
5.800000190734863281e+00,1.919072747230529785e+00,1.941637573242187500e+03
5.800000190734863281e+00,1.918950557708740234e+00,1.941706542968750000e+03
5.800000190734863281e+00,1.918779134750366211e+00,1.941775756835937500e+03
5.800000190734863281e+00,1.918557643890380859e+00,1.941845336914062500e+03
5.800000190734863281e+00,1.918285727500915527e+00,1.941915283203125000e+03
5.800000190734863281e+00,1.917962431907653809e+00,1.941985839843750000e+03
5.800000190734863281e+00,1.917586684226989746e+00,1.942057006835937500e+03
5.800000190734863281e+00,1.917157292366027832e+00,1.942128784179687500e+03
5.800000190734863281e+00,1.916672945022583008e+00,1.942201416015625000e+03
5.800000190734863281e+00,1.916132211685180664e+00,1.942274902343750000e+03
5.800000190734863281e+00,1.915533065795898438e+00,1.942349365234375000e+03
5.800000190734863281e+00,1.914873719215393066e+00,1.942425048828125000e+03
5.800000190734863281e+00,1.914151787757873535e+00,1.942501831054687500e+03
5.800000190734863281e+00,1.913365006446838379e+00,1.942580078125000000e+03
5.800000190734863281e+00,1.912510395050048828e+00,1.942659790039062500e+03
5.800000190734863281e+00,1.911585092544555664e+00,1.942741210937500000e+03
5.800000190734863281e+00,1.910585403442382812e+00,1.942824340820312500e+03
5.800000190734863281e+00,1.909507870674133301e+00,1.942909423828125000e+03
5.800000190734863281e+00,1.908348083496093750e+00,1.942996582031250000e+03
5.800000190734863281e+00,1.907101392745971680e+00,1.943086181640625000e+03
5.800000190734863281e+00,1.905762910842895508e+00,1.943178222656250000e+03
5.800000190734863281e+00,1.904326796531677246e+00,1.943273071289062500e+03
5.800000190734863281e+00,1.902786850929260254e+00,1.943370849609375000e+03
5.800000190734863281e+00,1.901135921478271484e+00,1.943471923828125000e+03
5.800000190734863281e+00,1.899366259574890137e+00,1.943576660156250000e+03
5.800000190734863281e+00,1.897469162940979004e+00,1.943685180664062500e+03
5.800000190734863281e+00,1.895434975624084473e+00,1.943797851562500000e+03
5.800000190734863281e+00,1.893252968788146973e+00,1.943915283203125000e+03
5.800000190734863281e+00,1.890910744667053223e+00,1.944037719726562500e+03
5.800000190734863281e+00,1.888394713401794434e+00,1.944165771484375000e+03
5.800000190734863281e+00,1.885689377784729004e+00,1.944300048828125000e+03
5.800000190734863281e+00,1.882777333259582520e+00,1.944440917968750000e+03
5.800000190734863281e+00,1.879638552665710449e+00,1.944589355468750000e+03
5.800000190734863281e+00,1.876250505447387695e+00,1.944745971679687500e+03
5.800000190734863281e+00,1.872587203979492188e+00,1.944911865234375000e+03
5.800000190734863281e+00,1.868618845939636230e+00,1.945087890625000000e+03
5.800000190734863281e+00,1.864310979843139648e+00,1.945275390625000000e+03
5.800000190734863281e+00,1.859623670578002930e+00,1.945475708007812500e+03
5.800000190734863281e+00,1.854510188102722168e+00,1.945690551757812500e+03
5.800000190734863281e+00,1.848915576934814453e+00,1.945921630859375000e+03
5.800000190734863281e+00,1.842774987220764160e+00,1.946171508789062500e+03
5.800000190734863281e+00,1.836011171340942383e+00,1.946442749023437500e+03
5.800000190734863281e+00,1.828531265258789062e+00,1.946738403320312500e+03
5.800000190734863281e+00,1.820222854614257812e+00,1.947062622070312500e+03
5.800000190734863281e+00,1.810948729515075684e+00,1.947420043945312500e+03
5.800000667572021484e+00,1.800539016723632812e+00,1.947816650390625000e+03
5.800000190734863281e+00,1.788781523704528809e+00,1.948259765625000000e+03
5.800000190734863281e+00,1.775407195091247559e+00,1.948758789062500000e+03
5.800000190734863281e+00,1.760070443153381348e+00,1.949325439453125000e+03
5.800000190734863281e+00,1.742318987846374512e+00,1.949975708007812500e+03
5.800000190734863281e+00,1.721549749374389648e+00,1.950730346679687500e+03
5.800000190734863281e+00,1.696940541267395020e+00,1.951617919921875000e+03
5.800000190734863281e+00,1.667339801788330078e+00,1.952678222656250000e+03
5.800000190734863281e+00,1.631084680557250977e+00,1.953968994140625000e+03
5.800000190734863281e+00,1.585680007934570312e+00,1.955576538085937500e+03
5.800000190734863281e+00,1.527205705642700195e+00,1.957636840820312500e+03
5.800000190734863281e+00,1.449127197265625000e+00,1.960376098632812500e+03
2.000000476837158203e-01,1.449127316474914551e+00,1.960376098632812500e+03
2.000000476837158203e-01,1.527205705642700195e+00,1.957636840820312500e+03
2.000000476837158203e-01,1.585680007934570312e+00,1.955576538085937500e+03
2.000000476837158203e-01,1.631084680557250977e+00,1.953968994140625000e+03
2.000000476837158203e-01,1.667339920997619629e+00,1.952678222656250000e+03
2.000002861022949219e-01,1.696940660476684570e+00,1.951617919921875000e+03
1.999998092651367188e-01,1.721549749374389648e+00,1.950730346679687500e+03
2.000000476837158203e-01,1.742319107055664062e+00,1.949975708007812500e+03
2.000002861022949219e-01,1.760070562362670898e+00,1.949325439453125000e+03
1.999998092651367188e-01,1.775407314300537109e+00,1.948758666992187500e+03
2.000000476837158203e-01,1.788781523704528809e+00,1.948259765625000000e+03
1.999998092651367188e-01,1.800539016723632812e+00,1.947816650390625000e+03
1.999998092651367188e-01,1.810948729515075684e+00,1.947420043945312500e+03
1.999998092651367188e-01,1.820222854614257812e+00,1.947062622070312500e+03
2.000000476837158203e-01,1.828531265258789062e+00,1.946738403320312500e+03
2.000000476837158203e-01,1.836011171340942383e+00,1.946442749023437500e+03
1.999998092651367188e-01,1.842774987220764160e+00,1.946171508789062500e+03
2.000000476837158203e-01,1.848915576934814453e+00,1.945921630859375000e+03
2.000000476837158203e-01,1.854510188102722168e+00,1.945690551757812500e+03
2.000002861022949219e-01,1.859623670578002930e+00,1.945475708007812500e+03
2.000000476837158203e-01,1.864311099052429199e+00,1.945275390625000000e+03
2.000000476837158203e-01,1.868618845939636230e+00,1.945087890625000000e+03
2.000000476837158203e-01,1.872587203979492188e+00,1.944911865234375000e+03
2.000000476837158203e-01,1.876250505447387695e+00,1.944745971679687500e+03
1.999998092651367188e-01,1.879638552665710449e+00,1.944589355468750000e+03
2.000000476837158203e-01,1.882777333259582520e+00,1.944440917968750000e+03
2.000000476837158203e-01,1.885689377784729004e+00,1.944300048828125000e+03
1.999998092651367188e-01,1.888394713401794434e+00,1.944165771484375000e+03
2.000000476837158203e-01,1.890910744667053223e+00,1.944037719726562500e+03
2.000000476837158203e-01,1.893252968788146973e+00,1.943915283203125000e+03
2.000000476837158203e-01,1.895435094833374023e+00,1.943797851562500000e+03
2.000000476837158203e-01,1.897469162940979004e+00,1.943685180664062500e+03
1.999998092651367188e-01,1.899366259574890137e+00,1.943576660156250000e+03
2.000000476837158203e-01,1.901135921478271484e+00,1.943471923828125000e+03
2.000000476837158203e-01,1.902786850929260254e+00,1.943370849609375000e+03
1.999998092651367188e-01,1.904326796531677246e+00,1.943273071289062500e+03
2.000000476837158203e-01,1.905762910842895508e+00,1.943178222656250000e+03
1.999998092651367188e-01,1.907101511955261230e+00,1.943086181640625000e+03
2.000000476837158203e-01,1.908348083496093750e+00,1.942996582031250000e+03
2.000000476837158203e-01,1.909507870674133301e+00,1.942909423828125000e+03
2.000000476837158203e-01,1.910585403442382812e+00,1.942824340820312500e+03
2.000000476837158203e-01,1.911585092544555664e+00,1.942741210937500000e+03
2.000000476837158203e-01,1.912510395050048828e+00,1.942659790039062500e+03
2.000002861022949219e-01,1.913365006446838379e+00,1.942580078125000000e+03
2.000000476837158203e-01,1.914151906967163086e+00,1.942501831054687500e+03
2.000000476837158203e-01,1.914873719215393066e+00,1.942425048828125000e+03
2.000000476837158203e-01,1.915533065795898438e+00,1.942349365234375000e+03
2.000000476837158203e-01,1.916132211685180664e+00,1.942274902343750000e+03
2.000002861022949219e-01,1.916672945022583008e+00,1.942201416015625000e+03
2.000000476837158203e-01,1.917157292366027832e+00,1.942128784179687500e+03
2.000000476837158203e-01,1.917586684226989746e+00,1.942057006835937500e+03
2.000000476837158203e-01,1.917962431907653809e+00,1.941985839843750000e+03
1.999998092651367188e-01,1.918285727500915527e+00,1.941915283203125000e+03
1.999998092651367188e-01,1.918557643890380859e+00,1.941845336914062500e+03
2.000000476837158203e-01,1.918779134750366211e+00,1.941775756835937500e+03
1.999998092651367188e-01,1.918950557708740234e+00,1.941706542968750000e+03
2.000002861022949219e-01,1.919072747230529785e+00,1.941637573242187500e+03
2.000000476837158203e-01,1.919145822525024414e+00,1.941568725585937500e+03
2.000000476837158203e-01,1.919170141220092773e+00,1.941500000000000000e+03
2.000000476837158203e-01,1.919145822525024414e+00,1.941431274414062500e+03
2.000002861022949219e-01,1.919072747230529785e+00,1.941362426757812500e+03
1.999998092651367188e-01,1.918950557708740234e+00,1.941293457031250000e+03
2.000000476837158203e-01,1.918779134750366211e+00,1.941224243164062500e+03
1.999998092651367188e-01,1.918557643890380859e+00,1.941154663085937500e+03
1.999998092651367188e-01,1.918285727500915527e+00,1.941084716796875000e+03
2.000000476837158203e-01,1.917962431907653809e+00,1.941014160156250000e+03
2.000000476837158203e-01,1.917586684226989746e+00,1.940942993164062500e+03
2.000000476837158203e-01,1.917157292366027832e+00,1.940871215820312500e+03
2.000002861022949219e-01,1.916672945022583008e+00,1.940798583984375000e+03
2.000000476837158203e-01,1.916132211685180664e+00,1.940725097656250000e+03
2.000000476837158203e-01,1.915533065795898438e+00,1.940650634765625000e+03
2.000000476837158203e-01,1.914873719215393066e+00,1.940574951171875000e+03
2.000000476837158203e-01,1.914151906967163086e+00,1.940498168945312500e+03
2.000002861022949219e-01,1.913365006446838379e+00,1.940419921875000000e+03
2.000000476837158203e-01,1.912510395050048828e+00,1.940340209960937500e+03
2.000000476837158203e-01,1.911585092544555664e+00,1.940258789062500000e+03
2.000000476837158203e-01,1.910585403442382812e+00,1.940175659179687500e+03
2.000000476837158203e-01,1.909507870674133301e+00,1.940090576171875000e+03
2.000000476837158203e-01,1.908348083496093750e+00,1.940003417968750000e+03
1.999998092651367188e-01,1.907101511955261230e+00,1.939913818359375000e+03
2.000000476837158203e-01,1.905762910842895508e+00,1.939821777343750000e+03
1.999998092651367188e-01,1.904326796531677246e+00,1.939726928710937500e+03
2.000000476837158203e-01,1.902786850929260254e+00,1.939629150390625000e+03
2.000000476837158203e-01,1.901135921478271484e+00,1.939528076171875000e+03
1.999998092651367188e-01,1.899366259574890137e+00,1.939423339843750000e+03
2.000000476837158203e-01,1.897469162940979004e+00,1.939314819335937500e+03
2.000000476837158203e-01,1.895435094833374023e+00,1.939202148437500000e+03
2.000000476837158203e-01,1.893252968788146973e+00,1.939084716796875000e+03
2.000000476837158203e-01,1.890910744667053223e+00,1.938962280273437500e+03
1.999998092651367188e-01,1.888394713401794434e+00,1.938834228515625000e+03
2.000000476837158203e-01,1.885689377784729004e+00,1.938699951171875000e+03
2.000000476837158203e-01,1.882777333259582520e+00,1.938559082031250000e+03
1.999998092651367188e-01,1.879638552665710449e+00,1.938410644531250000e+03
2.000000476837158203e-01,1.876250505447387695e+00,1.938254028320312500e+03
2.000000476837158203e-01,1.872587203979492188e+00,1.938088134765625000e+03
2.000000476837158203e-01,1.868618845939636230e+00,1.937912109375000000e+03
2.000000476837158203e-01,1.864311099052429199e+00,1.937724609375000000e+03
2.000002861022949219e-01,1.859623670578002930e+00,1.937524291992187500e+03
2.000000476837158203e-01,1.854510188102722168e+00,1.937309448242187500e+03
2.000000476837158203e-01,1.848915576934814453e+00,1.937078369140625000e+03
1.999998092651367188e-01,1.842774987220764160e+00,1.936828491210937500e+03
2.000000476837158203e-01,1.836011171340942383e+00,1.936557250976562500e+03
2.000000476837158203e-01,1.828531265258789062e+00,1.936261596679687500e+03
1.999998092651367188e-01,1.820222854614257812e+00,1.935937377929687500e+03
1.999998092651367188e-01,1.810948729515075684e+00,1.935579956054687500e+03
1.999998092651367188e-01,1.800539016723632812e+00,1.935183349609375000e+03
2.000000476837158203e-01,1.788781523704528809e+00,1.934740234375000000e+03
1.999998092651367188e-01,1.775407314300537109e+00,1.934241333007812500e+03
2.000002861022949219e-01,1.760070562362670898e+00,1.933674560546875000e+03
2.000000476837158203e-01,1.742319107055664062e+00,1.933024291992187500e+03
1.999998092651367188e-01,1.721549749374389648e+00,1.932269653320312500e+03
2.000002861022949219e-01,1.696940660476684570e+00,1.931382080078125000e+03
2.000000476837158203e-01,1.667339920997619629e+00,1.930321777343750000e+03
2.000000476837158203e-01,1.631084680557250977e+00,1.929031005859375000e+03
2.000000476837158203e-01,1.585680007934570312e+00,1.927423461914062500e+03
2.000000476837158203e-01,1.527205705642700195e+00,1.925363159179687500e+03
2.000000476837158203e-01,1.449127316474914551e+00,1.922623901367187500e+03
5.800000190734863281e+00,1.449127197265625000e+00,1.922623901367187500e+03
5.800000190734863281e+00,1.527205705642700195e+00,1.925363159179687500e+03
5.800000190734863281e+00,1.585680007934570312e+00,1.927423461914062500e+03
5.800000190734863281e+00,1.631084680557250977e+00,1.929031005859375000e+03
5.800000190734863281e+00,1.667339801788330078e+00,1.930321777343750000e+03
5.800000190734863281e+00,1.696940541267395020e+00,1.931382080078125000e+03
5.800000190734863281e+00,1.721549749374389648e+00,1.932269653320312500e+03
5.800000190734863281e+00,1.742318987846374512e+00,1.933024291992187500e+03
5.800000190734863281e+00,1.760070443153381348e+00,1.933674560546875000e+03
5.800000190734863281e+00,1.775407195091247559e+00,1.934241210937500000e+03
5.800000190734863281e+00,1.788781523704528809e+00,1.934740234375000000e+03
5.800000667572021484e+00,1.800539016723632812e+00,1.935183349609375000e+03
5.800000190734863281e+00,1.810948729515075684e+00,1.935579956054687500e+03
5.800000190734863281e+00,1.820222854614257812e+00,1.935937377929687500e+03
5.800000190734863281e+00,1.828531265258789062e+00,1.936261596679687500e+03
5.800000190734863281e+00,1.836011171340942383e+00,1.936557250976562500e+03
5.800000190734863281e+00,1.842774987220764160e+00,1.936828491210937500e+03
5.800000190734863281e+00,1.848915576934814453e+00,1.937078369140625000e+03
5.800000190734863281e+00,1.854510188102722168e+00,1.937309448242187500e+03
5.800000190734863281e+00,1.859623670578002930e+00,1.937524291992187500e+03
5.800000190734863281e+00,1.864310979843139648e+00,1.937724609375000000e+03
5.800000190734863281e+00,1.868618845939636230e+00,1.937912109375000000e+03
5.800000190734863281e+00,1.872587203979492188e+00,1.938088134765625000e+03
5.800000190734863281e+00,1.876250505447387695e+00,1.938254028320312500e+03
5.800000190734863281e+00,1.879638552665710449e+00,1.938410644531250000e+03
5.800000190734863281e+00,1.882777333259582520e+00,1.938559082031250000e+03
5.800000190734863281e+00,1.885689377784729004e+00,1.938699951171875000e+03
5.800000190734863281e+00,1.888394713401794434e+00,1.938834228515625000e+03
5.800000190734863281e+00,1.890910744667053223e+00,1.938962280273437500e+03
5.800000190734863281e+00,1.893252968788146973e+00,1.939084716796875000e+03
5.800000190734863281e+00,1.895434975624084473e+00,1.939202148437500000e+03
5.800000190734863281e+00,1.897469162940979004e+00,1.939314819335937500e+03
5.800000190734863281e+00,1.899366259574890137e+00,1.939423339843750000e+03
5.800000190734863281e+00,1.901135921478271484e+00,1.939528076171875000e+03
5.800000190734863281e+00,1.902786850929260254e+00,1.939629150390625000e+03
5.800000190734863281e+00,1.904326796531677246e+00,1.939726928710937500e+03
5.800000190734863281e+00,1.905762910842895508e+00,1.939821777343750000e+03
5.800000190734863281e+00,1.907101392745971680e+00,1.939913818359375000e+03
5.800000190734863281e+00,1.908348083496093750e+00,1.940003417968750000e+03
5.800000190734863281e+00,1.909507870674133301e+00,1.940090576171875000e+03
5.800000190734863281e+00,1.910585403442382812e+00,1.940175659179687500e+03
5.800000190734863281e+00,1.911585092544555664e+00,1.940258789062500000e+03
5.800000190734863281e+00,1.912510395050048828e+00,1.940340209960937500e+03
5.800000190734863281e+00,1.913365006446838379e+00,1.940419921875000000e+03
5.800000190734863281e+00,1.914151787757873535e+00,1.940498168945312500e+03
5.800000190734863281e+00,1.914873719215393066e+00,1.940574951171875000e+03
5.800000190734863281e+00,1.915533065795898438e+00,1.940650634765625000e+03
5.800000190734863281e+00,1.916132211685180664e+00,1.940725097656250000e+03
5.800000190734863281e+00,1.916672945022583008e+00,1.940798583984375000e+03
5.800000190734863281e+00,1.917157292366027832e+00,1.940871215820312500e+03
5.800000190734863281e+00,1.917586684226989746e+00,1.940942993164062500e+03
5.800000190734863281e+00,1.917962431907653809e+00,1.941014160156250000e+03
5.800000190734863281e+00,1.918285727500915527e+00,1.941084716796875000e+03
5.800000190734863281e+00,1.918557643890380859e+00,1.941154663085937500e+03
5.800000190734863281e+00,1.918779134750366211e+00,1.941224243164062500e+03
5.800000190734863281e+00,1.918950557708740234e+00,1.941293457031250000e+03
5.800000190734863281e+00,1.919072747230529785e+00,1.941362426757812500e+03
5.800000190734863281e+00,1.919145822525024414e+00,1.941431274414062500e+03
5.800000190734863281e+00,1.973063349723815918e+00,1.941500000000000000e+03
5.800000190734863281e+00,1.973055243492126465e+00,1.941568725585937500e+03
5.800000190734863281e+00,1.973030924797058105e+00,1.941637573242187500e+03
5.800000190734863281e+00,1.972990155220031738e+00,1.941706542968750000e+03
5.800000190734863281e+00,1.972933053970336914e+00,1.941775756835937500e+03
5.800000190734863281e+00,1.972859263420104980e+00,1.941845336914062500e+03
5.800000190734863281e+00,1.972768664360046387e+00,1.941915283203125000e+03
5.800000190734863281e+00,1.972660899162292480e+00,1.941985839843750000e+03
5.800000190734863281e+00,1.972535610198974609e+00,1.942057006835937500e+03
5.800000190734863281e+00,1.972392559051513672e+00,1.942128784179687500e+03
5.800000190734863281e+00,1.972231149673461914e+00,1.942201416015625000e+03
5.800000190734863281e+00,1.972050905227661133e+00,1.942274902343750000e+03
5.800000190734863281e+00,1.971851348876953125e+00,1.942349365234375000e+03
5.800000190734863281e+00,1.971631526947021484e+00,1.942425048828125000e+03
5.800000190734863281e+00,1.971390962600708008e+00,1.942501831054687500e+03
5.800000190734863281e+00,1.971128821372985840e+00,1.942580078125000000e+03
5.800000190734863281e+00,1.970844030380249023e+00,1.942659790039062500e+03
5.800000190734863281e+00,1.970535635948181152e+00,1.942741210937500000e+03
5.800000190734863281e+00,1.970202445983886719e+00,1.942824340820312500e+03
5.800000190734863281e+00,1.969843387603759766e+00,1.942909423828125000e+03
5.800000190734863281e+00,1.969456911087036133e+00,1.942996582031250000e+03
5.800000190734863281e+00,1.969041466712951660e+00,1.943086181640625000e+03
5.800000190734863281e+00,1.968595385551452637e+00,1.943178222656250000e+03
5.800000190734863281e+00,1.968116760253906250e+00,1.943273071289062500e+03
5.800000190734863281e+00,1.967603564262390137e+00,1.943370849609375000e+03
5.800000190734863281e+00,1.967053413391113281e+00,1.943471923828125000e+03
5.800000190734863281e+00,1.966463685035705566e+00,1.943576660156250000e+03
5.800000190734863281e+00,1.965831518173217773e+00,1.943685180664062500e+03
5.800000190734863281e+00,1.965153574943542480e+00,1.943797851562500000e+03
5.800000190734863281e+00,1.964426398277282715e+00,1.943915283203125000e+03
5.800000190734863281e+00,1.963645935058593750e+00,1.944037719726562500e+03
5.800000190734863281e+00,1.962807416915893555e+00,1.944165771484375000e+03
5.800000190734863281e+00,1.961905837059020996e+00,1.944300048828125000e+03
5.800000190734863281e+00,1.960935354232788086e+00,1.944440917968750000e+03
5.800000190734863281e+00,1.959889411926269531e+00,1.944589355468750000e+03
5.800000190734863281e+00,1.958760380744934082e+00,1.944745971679687500e+03
5.800000190734863281e+00,1.957539558410644531e+00,1.944911865234375000e+03
5.800000190734863281e+00,1.956217050552368164e+00,1.945087890625000000e+03
5.800000190734863281e+00,1.954781532287597656e+00,1.945275390625000000e+03
5.800000190734863281e+00,1.953219413757324219e+00,1.945475708007812500e+03
5.800000190734863281e+00,1.951515316963195801e+00,1.945690551757812500e+03
5.800000190734863281e+00,1.949651002883911133e+00,1.945921630859375000e+03
5.800000190734863281e+00,1.947604537010192871e+00,1.946171508789062500e+03
5.800000190734863281e+00,1.945350527763366699e+00,1.946442749023437500e+03
5.800000190734863281e+00,1.942857861518859863e+00,1.946738403320312500e+03
5.800000190734863281e+00,1.940089106559753418e+00,1.947062622070312500e+03
5.800000190734863281e+00,1.936998486518859863e+00,1.947420043945312500e+03
5.800000190734863281e+00,1.933529376983642578e+00,1.947816650390625000e+03
5.800000190734863281e+00,1.929611206054687500e+00,1.948259765625000000e+03
5.800000190734863281e+00,1.925154209136962891e+00,1.948758666992187500e+03
5.800000190734863281e+00,1.920043230056762695e+00,1.949325439453125000e+03
5.800000190734863281e+00,1.914127588272094727e+00,1.949975708007812500e+03
5.800000190734863281e+00,1.907206177711486816e+00,1.950730346679687500e+03
5.800000190734863281e+00,1.899005055427551270e+00,1.951617919921875000e+03
5.800000190734863281e+00,1.889140605926513672e+00,1.952678222656250000e+03
5.800000190734863281e+00,1.877058506011962891e+00,1.953968994140625000e+03
5.800000190734863281e+00,1.861927390098571777e+00,1.955576538085937500e+03
5.800000190734863281e+00,1.842440724372863770e+00,1.957636840820312500e+03
5.800000190734863281e+00,1.816421031951904297e+00,1.960376098632812500e+03
1.999998092651367188e-01,1.816421031951904297e+00,1.960376098632812500e+03
2.000000476837158203e-01,1.842440724372863770e+00,1.957636840820312500e+03
2.000000476837158203e-01,1.861927390098571777e+00,1.955576538085937500e+03
2.000002861022949219e-01,1.877058625221252441e+00,1.953968994140625000e+03
2.000000476837158203e-01,1.889140605926513672e+00,1.952678222656250000e+03
2.000002861022949219e-01,1.899005174636840820e+00,1.951617919921875000e+03
2.000000476837158203e-01,1.907206177711486816e+00,1.950730346679687500e+03
2.000002861022949219e-01,1.914127588272094727e+00,1.949975708007812500e+03
1.999998092651367188e-01,1.920043230056762695e+00,1.949325439453125000e+03
2.000000476837158203e-01,1.925154209136962891e+00,1.948758666992187500e+03
2.000000476837158203e-01,1.929611206054687500e+00,1.948259765625000000e+03
2.000002861022949219e-01,1.933529376983642578e+00,1.947816650390625000e+03
1.999998092651367188e-01,1.936998486518859863e+00,1.947420043945312500e+03
2.000000476837158203e-01,1.940089106559753418e+00,1.947062622070312500e+03
1.999998092651367188e-01,1.942857861518859863e+00,1.946738403320312500e+03
1.999998092651367188e-01,1.945350527763366699e+00,1.946442749023437500e+03
2.000000476837158203e-01,1.947604656219482422e+00,1.946171508789062500e+03
2.000002861022949219e-01,1.949651002883911133e+00,1.945921630859375000e+03
1.999998092651367188e-01,1.951515316963195801e+00,1.945690551757812500e+03
2.000000476837158203e-01,1.953219413757324219e+00,1.945475708007812500e+03
2.000002861022949219e-01,1.954781532287597656e+00,1.945275390625000000e+03
1.999998092651367188e-01,1.956217050552368164e+00,1.945087890625000000e+03
1.999998092651367188e-01,1.957539558410644531e+00,1.944911865234375000e+03
2.000000476837158203e-01,1.958760380744934082e+00,1.944745971679687500e+03
2.000000476837158203e-01,1.959889411926269531e+00,1.944589355468750000e+03
2.000000476837158203e-01,1.960935354232788086e+00,1.944440917968750000e+03
2.000000476837158203e-01,1.961905837059020996e+00,1.944300048828125000e+03
2.000000476837158203e-01,1.962807416915893555e+00,1.944165771484375000e+03
2.000000476837158203e-01,1.963645935058593750e+00,1.944037719726562500e+03
2.000000476837158203e-01,1.964426398277282715e+00,1.943915283203125000e+03
2.000000476837158203e-01,1.965153574943542480e+00,1.943797851562500000e+03
2.000000476837158203e-01,1.965831518173217773e+00,1.943685180664062500e+03
2.000000476837158203e-01,1.966463685035705566e+00,1.943576660156250000e+03
2.000000476837158203e-01,1.967053413391113281e+00,1.943471923828125000e+03
2.000000476837158203e-01,1.967603564262390137e+00,1.943370849609375000e+03
1.999998092651367188e-01,1.968116760253906250e+00,1.943273071289062500e+03
2.000000476837158203e-01,1.968595385551452637e+00,1.943178222656250000e+03
1.999998092651367188e-01,1.969041466712951660e+00,1.943086181640625000e+03
1.999998092651367188e-01,1.969456911087036133e+00,1.942996582031250000e+03
2.000000476837158203e-01,1.969843387603759766e+00,1.942909423828125000e+03
2.000000476837158203e-01,1.970202445983886719e+00,1.942824340820312500e+03
2.000000476837158203e-01,1.970535635948181152e+00,1.942741210937500000e+03
2.000000476837158203e-01,1.970844030380249023e+00,1.942659790039062500e+03
2.000000476837158203e-01,1.971128821372985840e+00,1.942580078125000000e+03
2.000000476837158203e-01,1.971390962600708008e+00,1.942501831054687500e+03
1.999998092651367188e-01,1.971631526947021484e+00,1.942425048828125000e+03
2.000000476837158203e-01,1.971851348876953125e+00,1.942349365234375000e+03
2.000000476837158203e-01,1.972050905227661133e+00,1.942274902343750000e+03
2.000000476837158203e-01,1.972231149673461914e+00,1.942201416015625000e+03
2.000000476837158203e-01,1.972392559051513672e+00,1.942128784179687500e+03
2.000000476837158203e-01,1.972535610198974609e+00,1.942057006835937500e+03
1.999998092651367188e-01,1.972660899162292480e+00,1.941985839843750000e+03
1.999998092651367188e-01,1.972768664360046387e+00,1.941915283203125000e+03
2.000000476837158203e-01,1.972859263420104980e+00,1.941845336914062500e+03
1.999998092651367188e-01,1.972933053970336914e+00,1.941775756835937500e+03
2.000000476837158203e-01,1.972990155220031738e+00,1.941706542968750000e+03
2.000000476837158203e-01,1.973030924797058105e+00,1.941637573242187500e+03
2.000002861022949219e-01,1.973055243492126465e+00,1.941568725585937500e+03
1.999998092651367188e-01,1.973063349723815918e+00,1.941500000000000000e+03
2.000002861022949219e-01,1.973055243492126465e+00,1.941431274414062500e+03
2.000000476837158203e-01,1.973030924797058105e+00,1.941362426757812500e+03
2.000000476837158203e-01,1.972990155220031738e+00,1.941293457031250000e+03
1.999998092651367188e-01,1.972933053970336914e+00,1.941224243164062500e+03
2.000000476837158203e-01,1.972859263420104980e+00,1.941154663085937500e+03
1.999998092651367188e-01,1.972768664360046387e+00,1.941084716796875000e+03
1.999998092651367188e-01,1.972660899162292480e+00,1.941014160156250000e+03
2.000000476837158203e-01,1.972535610198974609e+00,1.940942993164062500e+03
2.000000476837158203e-01,1.972392559051513672e+00,1.940871215820312500e+03
2.000000476837158203e-01,1.972231149673461914e+00,1.940798583984375000e+03
2.000000476837158203e-01,1.972050905227661133e+00,1.940725097656250000e+03
2.000000476837158203e-01,1.971851348876953125e+00,1.940650634765625000e+03
1.999998092651367188e-01,1.971631526947021484e+00,1.940574951171875000e+03
2.000000476837158203e-01,1.971390962600708008e+00,1.940498168945312500e+03
2.000000476837158203e-01,1.971128821372985840e+00,1.940419921875000000e+03
2.000000476837158203e-01,1.970844030380249023e+00,1.940340209960937500e+03
2.000000476837158203e-01,1.970535635948181152e+00,1.940258789062500000e+03
2.000000476837158203e-01,1.970202445983886719e+00,1.940175659179687500e+03
2.000000476837158203e-01,1.969843387603759766e+00,1.940090576171875000e+03
1.999998092651367188e-01,1.969456911087036133e+00,1.940003417968750000e+03
1.999998092651367188e-01,1.969041466712951660e+00,1.939913818359375000e+03
2.000000476837158203e-01,1.968595385551452637e+00,1.939821777343750000e+03
1.999998092651367188e-01,1.968116760253906250e+00,1.939726928710937500e+03
2.000000476837158203e-01,1.967603564262390137e+00,1.939629150390625000e+03
2.000000476837158203e-01,1.967053413391113281e+00,1.939528076171875000e+03
2.000000476837158203e-01,1.966463685035705566e+00,1.939423339843750000e+03
2.000000476837158203e-01,1.965831518173217773e+00,1.939314819335937500e+03
2.000000476837158203e-01,1.965153574943542480e+00,1.939202148437500000e+03
2.000000476837158203e-01,1.964426398277282715e+00,1.939084716796875000e+03
2.000000476837158203e-01,1.963645935058593750e+00,1.938962280273437500e+03
2.000000476837158203e-01,1.962807416915893555e+00,1.938834228515625000e+03
2.000000476837158203e-01,1.961905837059020996e+00,1.938699951171875000e+03
2.000000476837158203e-01,1.960935354232788086e+00,1.938559082031250000e+03
2.000000476837158203e-01,1.959889411926269531e+00,1.938410644531250000e+03
2.000000476837158203e-01,1.958760380744934082e+00,1.938254028320312500e+03
1.999998092651367188e-01,1.957539558410644531e+00,1.938088134765625000e+03
1.999998092651367188e-01,1.956217050552368164e+00,1.937912109375000000e+03
2.000002861022949219e-01,1.954781532287597656e+00,1.937724609375000000e+03
2.000000476837158203e-01,1.953219413757324219e+00,1.937524291992187500e+03
1.999998092651367188e-01,1.951515316963195801e+00,1.937309448242187500e+03
2.000002861022949219e-01,1.949651002883911133e+00,1.937078369140625000e+03
2.000000476837158203e-01,1.947604656219482422e+00,1.936828491210937500e+03
1.999998092651367188e-01,1.945350527763366699e+00,1.936557250976562500e+03
1.999998092651367188e-01,1.942857861518859863e+00,1.936261596679687500e+03
2.000000476837158203e-01,1.940089106559753418e+00,1.935937377929687500e+03
1.999998092651367188e-01,1.936998486518859863e+00,1.935579956054687500e+03
2.000002861022949219e-01,1.933529376983642578e+00,1.935183349609375000e+03
2.000000476837158203e-01,1.929611206054687500e+00,1.934740234375000000e+03
2.000000476837158203e-01,1.925154209136962891e+00,1.934241333007812500e+03
1.999998092651367188e-01,1.920043230056762695e+00,1.933674560546875000e+03
2.000002861022949219e-01,1.914127588272094727e+00,1.933024291992187500e+03
2.000000476837158203e-01,1.907206177711486816e+00,1.932269653320312500e+03
2.000002861022949219e-01,1.899005174636840820e+00,1.931382080078125000e+03
2.000000476837158203e-01,1.889140605926513672e+00,1.930321777343750000e+03
2.000002861022949219e-01,1.877058625221252441e+00,1.929031005859375000e+03
2.000000476837158203e-01,1.861927390098571777e+00,1.927423461914062500e+03
2.000000476837158203e-01,1.842440724372863770e+00,1.925363159179687500e+03
1.999998092651367188e-01,1.816421031951904297e+00,1.922623901367187500e+03
5.800000190734863281e+00,1.816421031951904297e+00,1.922623901367187500e+03
5.800000190734863281e+00,1.842440724372863770e+00,1.925363159179687500e+03
5.800000190734863281e+00,1.861927390098571777e+00,1.927423461914062500e+03
5.800000190734863281e+00,1.877058506011962891e+00,1.929031005859375000e+03
5.800000190734863281e+00,1.889140605926513672e+00,1.930321777343750000e+03
5.800000190734863281e+00,1.899005055427551270e+00,1.931382080078125000e+03
5.800000190734863281e+00,1.907206177711486816e+00,1.932269653320312500e+03
5.800000190734863281e+00,1.914127588272094727e+00,1.933024291992187500e+03
5.800000190734863281e+00,1.920043230056762695e+00,1.933674560546875000e+03
5.800000190734863281e+00,1.925154209136962891e+00,1.934241333007812500e+03
5.800000190734863281e+00,1.929611206054687500e+00,1.934740234375000000e+03
5.800000190734863281e+00,1.933529376983642578e+00,1.935183349609375000e+03
5.800000190734863281e+00,1.936998486518859863e+00,1.935579956054687500e+03
5.800000190734863281e+00,1.940089106559753418e+00,1.935937377929687500e+03
5.800000190734863281e+00,1.942857861518859863e+00,1.936261596679687500e+03
5.800000190734863281e+00,1.945350527763366699e+00,1.936557250976562500e+03
5.800000190734863281e+00,1.947604537010192871e+00,1.936828491210937500e+03
5.800000190734863281e+00,1.949651002883911133e+00,1.937078369140625000e+03
5.800000190734863281e+00,1.951515316963195801e+00,1.937309448242187500e+03
5.800000190734863281e+00,1.953219413757324219e+00,1.937524291992187500e+03
5.800000190734863281e+00,1.954781532287597656e+00,1.937724609375000000e+03
5.800000190734863281e+00,1.956217050552368164e+00,1.937912109375000000e+03
5.800000190734863281e+00,1.957539558410644531e+00,1.938088134765625000e+03
5.800000190734863281e+00,1.958760380744934082e+00,1.938254028320312500e+03
5.800000190734863281e+00,1.959889411926269531e+00,1.938410644531250000e+03
5.800000190734863281e+00,1.960935354232788086e+00,1.938559082031250000e+03
5.800000190734863281e+00,1.961905837059020996e+00,1.938699951171875000e+03
5.800000190734863281e+00,1.962807416915893555e+00,1.938834228515625000e+03
5.800000190734863281e+00,1.963645935058593750e+00,1.938962280273437500e+03
5.800000190734863281e+00,1.964426398277282715e+00,1.939084716796875000e+03
5.800000190734863281e+00,1.965153574943542480e+00,1.939202148437500000e+03
5.800000190734863281e+00,1.965831518173217773e+00,1.939314819335937500e+03
5.800000190734863281e+00,1.966463685035705566e+00,1.939423339843750000e+03
5.800000190734863281e+00,1.967053413391113281e+00,1.939528076171875000e+03
5.800000190734863281e+00,1.967603564262390137e+00,1.939629150390625000e+03
5.800000190734863281e+00,1.968116760253906250e+00,1.939726928710937500e+03
5.800000190734863281e+00,1.968595385551452637e+00,1.939821777343750000e+03
5.800000190734863281e+00,1.969041466712951660e+00,1.939913818359375000e+03
5.800000190734863281e+00,1.969456911087036133e+00,1.940003417968750000e+03
5.800000190734863281e+00,1.969843387603759766e+00,1.940090576171875000e+03
5.800000190734863281e+00,1.970202445983886719e+00,1.940175659179687500e+03
5.800000190734863281e+00,1.970535635948181152e+00,1.940258789062500000e+03
5.800000190734863281e+00,1.970844030380249023e+00,1.940340209960937500e+03
5.800000190734863281e+00,1.971128821372985840e+00,1.940419921875000000e+03
5.800000190734863281e+00,1.971390962600708008e+00,1.940498168945312500e+03
5.800000190734863281e+00,1.971631526947021484e+00,1.940574951171875000e+03
5.800000190734863281e+00,1.971851348876953125e+00,1.940650634765625000e+03
5.800000190734863281e+00,1.972050905227661133e+00,1.940725097656250000e+03
5.800000190734863281e+00,1.972231149673461914e+00,1.940798583984375000e+03
5.800000190734863281e+00,1.972392559051513672e+00,1.940871215820312500e+03
5.800000190734863281e+00,1.972535610198974609e+00,1.940942993164062500e+03
5.800000190734863281e+00,1.972660899162292480e+00,1.941014160156250000e+03
5.800000190734863281e+00,1.972768664360046387e+00,1.941084716796875000e+03
5.800000190734863281e+00,1.972859263420104980e+00,1.941154663085937500e+03
5.800000190734863281e+00,1.972933053970336914e+00,1.941224243164062500e+03
5.800000190734863281e+00,1.972990155220031738e+00,1.941293457031250000e+03
5.800000190734863281e+00,1.973030924797058105e+00,1.941362426757812500e+03
5.800000190734863281e+00,1.973055243492126465e+00,1.941431274414062500e+03
5.800000190734863281e+00,2.026936531066894531e+00,1.941500000000000000e+03
5.800000190734863281e+00,2.026944637298583984e+00,1.941568725585937500e+03
5.800000190734863281e+00,2.026969194412231445e+00,1.941637573242187500e+03
5.800000190734863281e+00,2.027009725570678711e+00,1.941706542968750000e+03
5.800000190734863281e+00,2.027066946029663086e+00,1.941775756835937500e+03
5.800000190734863281e+00,2.027140855789184570e+00,1.941845336914062500e+03
5.800000190734863281e+00,2.027231454849243164e+00,1.941915283203125000e+03
5.800000190734863281e+00,2.027339220046997070e+00,1.941985839843750000e+03
5.800000190734863281e+00,2.027464389801025391e+00,1.942057006835937500e+03
5.800000190734863281e+00,2.027607440948486328e+00,1.942128784179687500e+03
5.800000190734863281e+00,2.027768850326538086e+00,1.942201416015625000e+03
5.800000190734863281e+00,2.027949094772338867e+00,1.942274902343750000e+03
5.800000190734863281e+00,2.028148651123046875e+00,1.942349365234375000e+03
5.800000190734863281e+00,2.028368473052978516e+00,1.942425048828125000e+03
5.800000190734863281e+00,2.028609037399291992e+00,1.942501831054687500e+03
5.800000190734863281e+00,2.028871297836303711e+00,1.942580078125000000e+03
5.800000190734863281e+00,2.029155969619750977e+00,1.942659790039062500e+03
5.800000190734863281e+00,2.029464483261108398e+00,1.942741210937500000e+03
5.800000190734863281e+00,2.029797554016113281e+00,1.942824340820312500e+03
5.800000190734863281e+00,2.030156612396240234e+00,1.942909423828125000e+03
5.800000190734863281e+00,2.030543088912963867e+00,1.942996582031250000e+03
5.800000190734863281e+00,2.030958652496337891e+00,1.943086181640625000e+03
5.800000190734863281e+00,2.031404495239257812e+00,1.943178222656250000e+03
5.800000190734863281e+00,2.031883239746093750e+00,1.943273071289062500e+03
5.800000190734863281e+00,2.032396316528320312e+00,1.943370849609375000e+03
5.800000190734863281e+00,2.032946586608886719e+00,1.943471923828125000e+03
5.800000190734863281e+00,2.033536434173583984e+00,1.943576660156250000e+03
5.800000190734863281e+00,2.034168481826782227e+00,1.943685180664062500e+03
5.800000190734863281e+00,2.034846305847167969e+00,1.943797851562500000e+03
5.800000190734863281e+00,2.035573482513427734e+00,1.943915283203125000e+03
5.800000190734863281e+00,2.036354064941406250e+00,1.944037719726562500e+03
5.800000190734863281e+00,2.037192583084106445e+00,1.944165771484375000e+03
5.800000190734863281e+00,2.038094043731689453e+00,1.944300048828125000e+03
5.800000190734863281e+00,2.039064645767211914e+00,1.944440917968750000e+03
5.800000190734863281e+00,2.040110588073730469e+00,1.944589355468750000e+03
5.800000190734863281e+00,2.041239738464355469e+00,1.944745971679687500e+03
5.800000190734863281e+00,2.042460441589355469e+00,1.944911865234375000e+03
5.800000190734863281e+00,2.043782949447631836e+00,1.945087890625000000e+03
5.800000190734863281e+00,2.045218467712402344e+00,1.945275390625000000e+03
5.800000190734863281e+00,2.046780586242675781e+00,1.945475708007812500e+03
5.800000190734863281e+00,2.048484563827514648e+00,1.945690551757812500e+03
5.800000190734863281e+00,2.050348997116088867e+00,1.945921630859375000e+03
5.800000190734863281e+00,2.052395343780517578e+00,1.946171508789062500e+03
5.800000190734863281e+00,2.054649353027343750e+00,1.946442749023437500e+03
5.800000190734863281e+00,2.057142257690429688e+00,1.946738403320312500e+03
5.800000190734863281e+00,2.059911012649536133e+00,1.947062622070312500e+03
5.800000190734863281e+00,2.063001632690429688e+00,1.947420043945312500e+03
5.800000190734863281e+00,2.066470623016357422e+00,1.947816650390625000e+03
5.800000190734863281e+00,2.070388793945312500e+00,1.948259765625000000e+03
5.800000190734863281e+00,2.074845790863037109e+00,1.948758666992187500e+03
5.800000190734863281e+00,2.079956769943237305e+00,1.949325439453125000e+03
5.800000190734863281e+00,2.085872411727905273e+00,1.949975708007812500e+03
5.800000190734863281e+00,2.092793703079223633e+00,1.950730346679687500e+03
5.800000190734863281e+00,2.100994825363159180e+00,1.951617919921875000e+03
5.800000190734863281e+00,2.110859394073486328e+00,1.952678222656250000e+03
5.800000190734863281e+00,2.122941493988037109e+00,1.953968994140625000e+03
5.800000190734863281e+00,2.138072490692138672e+00,1.955576538085937500e+03
5.800000190734863281e+00,2.157559156417846680e+00,1.957636840820312500e+03
5.800000190734863281e+00,2.183578968048095703e+00,1.960376098632812500e+03
1.999998092651367188e-01,2.183578968048095703e+00,1.960376098632812500e+03
2.000000476837158203e-01,2.157559156417846680e+00,1.957636840820312500e+03
2.000000476837158203e-01,2.138072490692138672e+00,1.955576538085937500e+03
2.000002861022949219e-01,2.122941493988037109e+00,1.953968994140625000e+03
2.000000476837158203e-01,2.110859394073486328e+00,1.952678222656250000e+03
2.000002861022949219e-01,2.100994825363159180e+00,1.951617919921875000e+03
2.000000476837158203e-01,2.092793703079223633e+00,1.950730346679687500e+03
2.000002861022949219e-01,2.085872411727905273e+00,1.949975708007812500e+03
1.999998092651367188e-01,2.079956769943237305e+00,1.949325439453125000e+03
2.000000476837158203e-01,2.074845790863037109e+00,1.948758666992187500e+03
2.000000476837158203e-01,2.070388793945312500e+00,1.948259765625000000e+03
2.000002861022949219e-01,2.066470623016357422e+00,1.947816650390625000e+03
1.999998092651367188e-01,2.063001632690429688e+00,1.947420043945312500e+03
2.000000476837158203e-01,2.059911012649536133e+00,1.947062622070312500e+03
1.999998092651367188e-01,2.057142257690429688e+00,1.946738403320312500e+03
1.999998092651367188e-01,2.054649353027343750e+00,1.946442749023437500e+03
2.000000476837158203e-01,2.052395343780517578e+00,1.946171508789062500e+03
2.000002861022949219e-01,2.050348997116088867e+00,1.945921630859375000e+03
1.999998092651367188e-01,2.048484563827514648e+00,1.945690551757812500e+03
2.000000476837158203e-01,2.046780586242675781e+00,1.945475708007812500e+03
2.000002861022949219e-01,2.045218467712402344e+00,1.945275390625000000e+03
1.999998092651367188e-01,2.043782949447631836e+00,1.945087890625000000e+03
1.999998092651367188e-01,2.042460441589355469e+00,1.944911865234375000e+03
2.000000476837158203e-01,2.041239738464355469e+00,1.944745971679687500e+03
2.000000476837158203e-01,2.040110588073730469e+00,1.944589355468750000e+03
2.000000476837158203e-01,2.039064645767211914e+00,1.944440917968750000e+03
2.000000476837158203e-01,2.038094043731689453e+00,1.944300048828125000e+03
2.000000476837158203e-01,2.037192583084106445e+00,1.944165771484375000e+03
2.000000476837158203e-01,2.036354064941406250e+00,1.944037719726562500e+03
2.000000476837158203e-01,2.035573482513427734e+00,1.943915283203125000e+03
2.000000476837158203e-01,2.034846305847167969e+00,1.943797851562500000e+03
2.000000476837158203e-01,2.034168481826782227e+00,1.943685180664062500e+03
2.000000476837158203e-01,2.033536434173583984e+00,1.943576660156250000e+03
2.000000476837158203e-01,2.032946586608886719e+00,1.943471923828125000e+03
2.000000476837158203e-01,2.032396316528320312e+00,1.943370849609375000e+03
1.999998092651367188e-01,2.031883239746093750e+00,1.943273071289062500e+03
2.000000476837158203e-01,2.031404495239257812e+00,1.943178222656250000e+03
1.999998092651367188e-01,2.030958652496337891e+00,1.943086181640625000e+03
1.999998092651367188e-01,2.030543088912963867e+00,1.942996582031250000e+03
2.000000476837158203e-01,2.030156612396240234e+00,1.942909423828125000e+03
2.000000476837158203e-01,2.029797554016113281e+00,1.942824340820312500e+03
2.000000476837158203e-01,2.029464483261108398e+00,1.942741210937500000e+03
2.000000476837158203e-01,2.029155969619750977e+00,1.942659790039062500e+03
2.000000476837158203e-01,2.028871297836303711e+00,1.942580078125000000e+03
2.000000476837158203e-01,2.028609037399291992e+00,1.942501831054687500e+03
1.999998092651367188e-01,2.028368473052978516e+00,1.942425048828125000e+03
2.000000476837158203e-01,2.028148651123046875e+00,1.942349365234375000e+03
2.000000476837158203e-01,2.027949094772338867e+00,1.942274902343750000e+03
2.000000476837158203e-01,2.027768850326538086e+00,1.942201416015625000e+03
2.000000476837158203e-01,2.027607440948486328e+00,1.942128784179687500e+03
2.000000476837158203e-01,2.027464389801025391e+00,1.942057006835937500e+03
1.999998092651367188e-01,2.027339220046997070e+00,1.941985839843750000e+03
1.999998092651367188e-01,2.027231454849243164e+00,1.941915283203125000e+03
2.000000476837158203e-01,2.027140617370605469e+00,1.941845336914062500e+03
1.999998092651367188e-01,2.027066946029663086e+00,1.941775756835937500e+03
2.000000476837158203e-01,2.027009725570678711e+00,1.941706542968750000e+03
2.000000476837158203e-01,2.026969194412231445e+00,1.941637573242187500e+03
2.000002861022949219e-01,2.026944637298583984e+00,1.941568725585937500e+03
1.999998092651367188e-01,2.026936531066894531e+00,1.941500000000000000e+03
2.000002861022949219e-01,2.026944637298583984e+00,1.941431274414062500e+03
2.000000476837158203e-01,2.026969194412231445e+00,1.941362426757812500e+03
2.000000476837158203e-01,2.027009725570678711e+00,1.941293457031250000e+03
1.999998092651367188e-01,2.027066946029663086e+00,1.941224243164062500e+03
2.000000476837158203e-01,2.027140617370605469e+00,1.941154663085937500e+03
1.999998092651367188e-01,2.027231454849243164e+00,1.941084716796875000e+03
1.999998092651367188e-01,2.027339220046997070e+00,1.941014160156250000e+03
2.000000476837158203e-01,2.027464389801025391e+00,1.940942993164062500e+03
2.000000476837158203e-01,2.027607440948486328e+00,1.940871215820312500e+03
2.000000476837158203e-01,2.027768850326538086e+00,1.940798583984375000e+03
2.000000476837158203e-01,2.027949094772338867e+00,1.940725097656250000e+03
2.000000476837158203e-01,2.028148651123046875e+00,1.940650634765625000e+03
1.999998092651367188e-01,2.028368473052978516e+00,1.940574951171875000e+03
2.000000476837158203e-01,2.028609037399291992e+00,1.940498168945312500e+03
2.000000476837158203e-01,2.028871297836303711e+00,1.940419921875000000e+03
2.000000476837158203e-01,2.029155969619750977e+00,1.940340209960937500e+03
2.000000476837158203e-01,2.029464483261108398e+00,1.940258789062500000e+03
2.000000476837158203e-01,2.029797554016113281e+00,1.940175659179687500e+03
2.000000476837158203e-01,2.030156612396240234e+00,1.940090576171875000e+03
1.999998092651367188e-01,2.030543088912963867e+00,1.940003417968750000e+03
1.999998092651367188e-01,2.030958652496337891e+00,1.939913818359375000e+03
2.000000476837158203e-01,2.031404495239257812e+00,1.939821777343750000e+03
1.999998092651367188e-01,2.031883239746093750e+00,1.939726928710937500e+03
2.000000476837158203e-01,2.032396316528320312e+00,1.939629150390625000e+03
2.000000476837158203e-01,2.032946586608886719e+00,1.939528076171875000e+03
2.000000476837158203e-01,2.033536434173583984e+00,1.939423339843750000e+03
2.000000476837158203e-01,2.034168481826782227e+00,1.939314819335937500e+03
2.000000476837158203e-01,2.034846305847167969e+00,1.939202148437500000e+03
2.000000476837158203e-01,2.035573482513427734e+00,1.939084716796875000e+03
2.000000476837158203e-01,2.036354064941406250e+00,1.938962280273437500e+03
2.000000476837158203e-01,2.037192583084106445e+00,1.938834228515625000e+03
2.000000476837158203e-01,2.038094043731689453e+00,1.938699951171875000e+03
2.000000476837158203e-01,2.039064645767211914e+00,1.938559082031250000e+03
2.000000476837158203e-01,2.040110588073730469e+00,1.938410644531250000e+03
2.000000476837158203e-01,2.041239738464355469e+00,1.938254028320312500e+03
1.999998092651367188e-01,2.042460441589355469e+00,1.938088134765625000e+03
1.999998092651367188e-01,2.043782949447631836e+00,1.937912109375000000e+03
2.000002861022949219e-01,2.045218467712402344e+00,1.937724609375000000e+03
2.000000476837158203e-01,2.046780586242675781e+00,1.937524291992187500e+03
1.999998092651367188e-01,2.048484563827514648e+00,1.937309448242187500e+03
2.000002861022949219e-01,2.050348997116088867e+00,1.937078369140625000e+03
2.000000476837158203e-01,2.052395343780517578e+00,1.936828491210937500e+03
1.999998092651367188e-01,2.054649353027343750e+00,1.936557250976562500e+03
1.999998092651367188e-01,2.057142257690429688e+00,1.936261596679687500e+03
2.000000476837158203e-01,2.059911012649536133e+00,1.935937377929687500e+03
1.999998092651367188e-01,2.063001632690429688e+00,1.935579956054687500e+03
2.000002861022949219e-01,2.066470623016357422e+00,1.935183349609375000e+03
2.000000476837158203e-01,2.070388793945312500e+00,1.934740234375000000e+03
2.000000476837158203e-01,2.074845790863037109e+00,1.934241333007812500e+03
1.999998092651367188e-01,2.079956769943237305e+00,1.933674560546875000e+03
2.000002861022949219e-01,2.085872411727905273e+00,1.933024291992187500e+03
2.000000476837158203e-01,2.092793703079223633e+00,1.932269653320312500e+03
2.000002861022949219e-01,2.100994825363159180e+00,1.931382080078125000e+03
2.000000476837158203e-01,2.110859394073486328e+00,1.930321777343750000e+03
2.000002861022949219e-01,2.122941493988037109e+00,1.929031005859375000e+03
2.000000476837158203e-01,2.138072490692138672e+00,1.927423461914062500e+03
2.000000476837158203e-01,2.157559156417846680e+00,1.925363159179687500e+03
1.999998092651367188e-01,2.183578968048095703e+00,1.922623901367187500e+03
5.800000190734863281e+00,2.183578968048095703e+00,1.922623901367187500e+03
5.800000190734863281e+00,2.157559156417846680e+00,1.925363159179687500e+03
5.800000190734863281e+00,2.138072490692138672e+00,1.927423461914062500e+03
5.800000190734863281e+00,2.122941493988037109e+00,1.929031005859375000e+03
5.800000190734863281e+00,2.110859394073486328e+00,1.930321777343750000e+03
5.800000190734863281e+00,2.100994825363159180e+00,1.931382080078125000e+03
5.800000190734863281e+00,2.092793703079223633e+00,1.932269653320312500e+03
5.800000190734863281e+00,2.085872411727905273e+00,1.933024291992187500e+03
5.800000190734863281e+00,2.079956769943237305e+00,1.933674560546875000e+03
5.800000190734863281e+00,2.074845790863037109e+00,1.934241333007812500e+03
5.800000190734863281e+00,2.070388793945312500e+00,1.934740234375000000e+03
5.800000190734863281e+00,2.066470623016357422e+00,1.935183349609375000e+03
5.800000190734863281e+00,2.063001632690429688e+00,1.935579956054687500e+03
5.800000190734863281e+00,2.059911012649536133e+00,1.935937377929687500e+03
5.800000190734863281e+00,2.057142257690429688e+00,1.936261596679687500e+03
5.800000190734863281e+00,2.054649353027343750e+00,1.936557250976562500e+03
5.800000190734863281e+00,2.052395343780517578e+00,1.936828491210937500e+03
5.800000190734863281e+00,2.050348997116088867e+00,1.937078369140625000e+03
5.800000190734863281e+00,2.048484563827514648e+00,1.937309448242187500e+03
5.800000190734863281e+00,2.046780586242675781e+00,1.937524291992187500e+03
5.800000190734863281e+00,2.045218467712402344e+00,1.937724609375000000e+03
5.800000190734863281e+00,2.043782949447631836e+00,1.937912109375000000e+03
5.800000190734863281e+00,2.042460441589355469e+00,1.938088134765625000e+03
5.800000190734863281e+00,2.041239738464355469e+00,1.938254028320312500e+03
5.800000190734863281e+00,2.040110588073730469e+00,1.938410644531250000e+03
5.800000190734863281e+00,2.039064645767211914e+00,1.938559082031250000e+03
5.800000190734863281e+00,2.038094043731689453e+00,1.938699951171875000e+03
5.800000190734863281e+00,2.037192583084106445e+00,1.938834228515625000e+03
5.800000190734863281e+00,2.036354064941406250e+00,1.938962280273437500e+03
5.800000190734863281e+00,2.035573482513427734e+00,1.939084716796875000e+03
5.800000190734863281e+00,2.034846305847167969e+00,1.939202148437500000e+03
5.800000190734863281e+00,2.034168481826782227e+00,1.939314819335937500e+03
5.800000190734863281e+00,2.033536434173583984e+00,1.939423339843750000e+03
5.800000190734863281e+00,2.032946586608886719e+00,1.939528076171875000e+03
5.800000190734863281e+00,2.032396316528320312e+00,1.939629150390625000e+03
5.800000190734863281e+00,2.031883239746093750e+00,1.939726928710937500e+03
5.800000190734863281e+00,2.031404495239257812e+00,1.939821777343750000e+03
5.800000190734863281e+00,2.030958652496337891e+00,1.939913818359375000e+03
5.800000190734863281e+00,2.030543088912963867e+00,1.940003417968750000e+03
5.800000190734863281e+00,2.030156612396240234e+00,1.940090576171875000e+03
5.800000190734863281e+00,2.029797554016113281e+00,1.940175659179687500e+03
5.800000190734863281e+00,2.029464483261108398e+00,1.940258789062500000e+03
5.800000190734863281e+00,2.029155969619750977e+00,1.940340209960937500e+03
5.800000190734863281e+00,2.028871297836303711e+00,1.940419921875000000e+03
5.800000190734863281e+00,2.028609037399291992e+00,1.940498168945312500e+03
5.800000190734863281e+00,2.028368473052978516e+00,1.940574951171875000e+03
5.800000190734863281e+00,2.028148651123046875e+00,1.940650634765625000e+03
5.800000190734863281e+00,2.027949094772338867e+00,1.940725097656250000e+03
5.800000190734863281e+00,2.027768850326538086e+00,1.940798583984375000e+03
5.800000190734863281e+00,2.027607440948486328e+00,1.940871215820312500e+03
5.800000190734863281e+00,2.027464389801025391e+00,1.940942993164062500e+03
5.800000190734863281e+00,2.027339220046997070e+00,1.941014160156250000e+03
5.800000190734863281e+00,2.027231454849243164e+00,1.941084716796875000e+03
5.800000190734863281e+00,2.027140855789184570e+00,1.941154663085937500e+03
5.800000190734863281e+00,2.027066946029663086e+00,1.941224243164062500e+03
5.800000190734863281e+00,2.027009725570678711e+00,1.941293457031250000e+03
5.800000190734863281e+00,2.026969194412231445e+00,1.941362426757812500e+03
5.800000190734863281e+00,2.026944637298583984e+00,1.941431274414062500e+03
5.800000190734863281e+00,2.080829858779907227e+00,1.941500000000000000e+03
5.800000190734863281e+00,2.080854177474975586e+00,1.941568725585937500e+03
5.800000190734863281e+00,2.080927371978759766e+00,1.941637573242187500e+03
5.800000190734863281e+00,2.081049442291259766e+00,1.941706542968750000e+03
5.800000190734863281e+00,2.081220865249633789e+00,1.941775756835937500e+03
5.800000190734863281e+00,2.081442356109619141e+00,1.941845336914062500e+03
5.800000190734863281e+00,2.081714153289794922e+00,1.941915283203125000e+03
5.800000190734863281e+00,2.082037687301635742e+00,1.941985839843750000e+03
5.800000190734863281e+00,2.082413434982299805e+00,1.942057006835937500e+03
5.800000190734863281e+00,2.082842826843261719e+00,1.942128784179687500e+03
5.800000190734863281e+00,2.083327054977416992e+00,1.942201416015625000e+03
5.800000190734863281e+00,2.083867788314819336e+00,1.942274902343750000e+03
5.800000190734863281e+00,2.084466934204101562e+00,1.942349365234375000e+03
5.800000190734863281e+00,2.085126399993896484e+00,1.942425048828125000e+03
5.800000190734863281e+00,2.085848093032836914e+00,1.942501831054687500e+03
5.800000190734863281e+00,2.086634874343872070e+00,1.942580078125000000e+03
5.800000190734863281e+00,2.087489604949951172e+00,1.942659790039062500e+03
5.800000190734863281e+00,2.088414907455444336e+00,1.942741210937500000e+03
5.800000190734863281e+00,2.089414596557617188e+00,1.942824340820312500e+03
5.800000190734863281e+00,2.090492248535156250e+00,1.942909423828125000e+03
5.800000190734863281e+00,2.091651916503906250e+00,1.942996582031250000e+03
5.800000190734863281e+00,2.092898607254028320e+00,1.943086181640625000e+03
5.800000190734863281e+00,2.094237089157104492e+00,1.943178222656250000e+03
5.800000190734863281e+00,2.095673084259033203e+00,1.943273071289062500e+03
5.800000190734863281e+00,2.097213268280029297e+00,1.943370849609375000e+03
5.800000190734863281e+00,2.098864078521728516e+00,1.943471923828125000e+03
5.800000190734863281e+00,2.100633859634399414e+00,1.943576660156250000e+03
5.800000190734863281e+00,2.102530956268310547e+00,1.943685180664062500e+03
5.800000190734863281e+00,2.104564905166625977e+00,1.943797851562500000e+03
5.800000190734863281e+00,2.106747150421142578e+00,1.943915283203125000e+03
5.800000190734863281e+00,2.109089374542236328e+00,1.944037719726562500e+03
5.800000190734863281e+00,2.111605405807495117e+00,1.944165771484375000e+03
5.800000190734863281e+00,2.114310741424560547e+00,1.944300048828125000e+03
5.800000190734863281e+00,2.117222785949707031e+00,1.944440917968750000e+03
5.800000190734863281e+00,2.120361566543579102e+00,1.944589355468750000e+03
5.800000190734863281e+00,2.123749494552612305e+00,1.944745971679687500e+03
5.800000190734863281e+00,2.127412796020507812e+00,1.944911865234375000e+03
5.800000190734863281e+00,2.131381034851074219e+00,1.945087890625000000e+03
5.800000190734863281e+00,2.135689020156860352e+00,1.945275390625000000e+03
5.800000190734863281e+00,2.140376329421997070e+00,1.945475708007812500e+03
5.800000190734863281e+00,2.145489931106567383e+00,1.945690551757812500e+03
5.800000190734863281e+00,2.151084423065185547e+00,1.945921630859375000e+03
5.800000190734863281e+00,2.157225131988525391e+00,1.946171508789062500e+03
5.800000190734863281e+00,2.163988828659057617e+00,1.946442749023437500e+03
5.800000190734863281e+00,2.171468734741210938e+00,1.946738403320312500e+03
5.800000190734863281e+00,2.179777145385742188e+00,1.947062622070312500e+03
5.800000190734863281e+00,2.189051151275634766e+00,1.947420043945312500e+03
5.800000667572021484e+00,2.199460983276367188e+00,1.947816650390625000e+03
5.800000190734863281e+00,2.211218595504760742e+00,1.948259765625000000e+03
5.800000190734863281e+00,2.224592685699462891e+00,1.948758789062500000e+03
5.800000190734863281e+00,2.239929437637329102e+00,1.949325439453125000e+03
5.800000190734863281e+00,2.257680892944335938e+00,1.949975708007812500e+03
5.800000190734863281e+00,2.278450250625610352e+00,1.950730346679687500e+03
5.800000190734863281e+00,2.303059339523315430e+00,1.951617919921875000e+03
5.800000190734863281e+00,2.332660198211669922e+00,1.952678222656250000e+03
5.800000190734863281e+00,2.368915319442749023e+00,1.953968994140625000e+03
5.800000190734863281e+00,2.414319992065429688e+00,1.955576538085937500e+03
5.800000190734863281e+00,2.472794294357299805e+00,1.957636840820312500e+03
5.800000190734863281e+00,2.550872802734375000e+00,1.960376098632812500e+03
2.000000476837158203e-01,2.550872802734375000e+00,1.960376098632812500e+03
2.000000476837158203e-01,2.472794294357299805e+00,1.957636840820312500e+03
2.000000476837158203e-01,2.414319992065429688e+00,1.955576538085937500e+03
2.000000476837158203e-01,2.368915319442749023e+00,1.953968994140625000e+03
2.000000476837158203e-01,2.332660198211669922e+00,1.952678222656250000e+03
2.000002861022949219e-01,2.303059339523315430e+00,1.951617919921875000e+03
1.999998092651367188e-01,2.278450250625610352e+00,1.950730346679687500e+03
2.000000476837158203e-01,2.257680892944335938e+00,1.949975708007812500e+03
2.000002861022949219e-01,2.239929437637329102e+00,1.949325439453125000e+03
1.999998092651367188e-01,2.224592685699462891e+00,1.948758666992187500e+03
2.000000476837158203e-01,2.211218357086181641e+00,1.948259765625000000e+03
1.999998092651367188e-01,2.199460983276367188e+00,1.947816650390625000e+03
1.999998092651367188e-01,2.189051151275634766e+00,1.947420043945312500e+03
1.999998092651367188e-01,2.179777145385742188e+00,1.947062622070312500e+03
2.000000476837158203e-01,2.171468734741210938e+00,1.946738403320312500e+03
2.000000476837158203e-01,2.163988828659057617e+00,1.946442749023437500e+03
1.999998092651367188e-01,2.157225131988525391e+00,1.946171508789062500e+03
2.000000476837158203e-01,2.151084423065185547e+00,1.945921630859375000e+03
2.000000476837158203e-01,2.145489692687988281e+00,1.945690551757812500e+03
2.000002861022949219e-01,2.140376329421997070e+00,1.945475708007812500e+03
2.000000476837158203e-01,2.135689020156860352e+00,1.945275390625000000e+03
2.000000476837158203e-01,2.131381034851074219e+00,1.945087890625000000e+03
2.000000476837158203e-01,2.127412796020507812e+00,1.944911865234375000e+03
2.000000476837158203e-01,2.123749494552612305e+00,1.944745971679687500e+03
1.999998092651367188e-01,2.120361566543579102e+00,1.944589355468750000e+03
2.000000476837158203e-01,2.117222785949707031e+00,1.944440917968750000e+03
2.000000476837158203e-01,2.114310503005981445e+00,1.944300048828125000e+03
1.999998092651367188e-01,2.111605405807495117e+00,1.944165771484375000e+03
2.000000476837158203e-01,2.109089374542236328e+00,1.944037719726562500e+03
2.000000476837158203e-01,2.106747150421142578e+00,1.943915283203125000e+03
2.000000476837158203e-01,2.104564905166625977e+00,1.943797851562500000e+03
2.000000476837158203e-01,2.102530717849731445e+00,1.943685180664062500e+03
1.999998092651367188e-01,2.100633859634399414e+00,1.943576660156250000e+03
2.000000476837158203e-01,2.098864078521728516e+00,1.943471923828125000e+03
2.000000476837158203e-01,2.097213268280029297e+00,1.943370849609375000e+03
1.999998092651367188e-01,2.095673084259033203e+00,1.943273071289062500e+03
2.000000476837158203e-01,2.094237089157104492e+00,1.943178222656250000e+03
1.999998092651367188e-01,2.092898607254028320e+00,1.943086181640625000e+03
2.000000476837158203e-01,2.091651916503906250e+00,1.942996582031250000e+03
2.000000476837158203e-01,2.090492248535156250e+00,1.942909423828125000e+03
2.000000476837158203e-01,2.089414596557617188e+00,1.942824340820312500e+03
2.000000476837158203e-01,2.088414907455444336e+00,1.942741210937500000e+03
2.000000476837158203e-01,2.087489604949951172e+00,1.942659790039062500e+03
2.000002861022949219e-01,2.086634874343872070e+00,1.942580078125000000e+03
2.000000476837158203e-01,2.085848093032836914e+00,1.942501831054687500e+03
2.000000476837158203e-01,2.085126399993896484e+00,1.942425048828125000e+03
2.000000476837158203e-01,2.084466934204101562e+00,1.942349365234375000e+03
2.000000476837158203e-01,2.083867788314819336e+00,1.942274902343750000e+03
2.000002861022949219e-01,2.083327054977416992e+00,1.942201416015625000e+03
2.000000476837158203e-01,2.082842826843261719e+00,1.942128784179687500e+03
2.000000476837158203e-01,2.082413434982299805e+00,1.942057006835937500e+03
2.000000476837158203e-01,2.082037687301635742e+00,1.941985839843750000e+03
1.999998092651367188e-01,2.081714153289794922e+00,1.941915283203125000e+03
1.999998092651367188e-01,2.081442356109619141e+00,1.941845336914062500e+03
2.000000476837158203e-01,2.081220865249633789e+00,1.941775756835937500e+03
1.999998092651367188e-01,2.081049442291259766e+00,1.941706542968750000e+03
2.000002861022949219e-01,2.080927371978759766e+00,1.941637573242187500e+03
2.000000476837158203e-01,2.080854177474975586e+00,1.941568725585937500e+03
2.000000476837158203e-01,2.080829858779907227e+00,1.941500000000000000e+03
2.000000476837158203e-01,2.080854177474975586e+00,1.941431274414062500e+03
2.000002861022949219e-01,2.080927371978759766e+00,1.941362426757812500e+03
1.999998092651367188e-01,2.081049442291259766e+00,1.941293457031250000e+03
2.000000476837158203e-01,2.081220865249633789e+00,1.941224243164062500e+03
1.999998092651367188e-01,2.081442356109619141e+00,1.941154663085937500e+03
1.999998092651367188e-01,2.081714153289794922e+00,1.941084716796875000e+03
2.000000476837158203e-01,2.082037687301635742e+00,1.941014160156250000e+03
2.000000476837158203e-01,2.082413434982299805e+00,1.940942993164062500e+03
2.000000476837158203e-01,2.082842826843261719e+00,1.940871215820312500e+03
2.000002861022949219e-01,2.083327054977416992e+00,1.940798583984375000e+03
2.000000476837158203e-01,2.083867788314819336e+00,1.940725097656250000e+03
2.000000476837158203e-01,2.084466934204101562e+00,1.940650634765625000e+03
2.000000476837158203e-01,2.085126399993896484e+00,1.940574951171875000e+03
2.000000476837158203e-01,2.085848093032836914e+00,1.940498168945312500e+03
2.000002861022949219e-01,2.086634874343872070e+00,1.940419921875000000e+03
2.000000476837158203e-01,2.087489604949951172e+00,1.940340209960937500e+03
2.000000476837158203e-01,2.088414907455444336e+00,1.940258789062500000e+03
2.000000476837158203e-01,2.089414596557617188e+00,1.940175659179687500e+03
2.000000476837158203e-01,2.090492248535156250e+00,1.940090576171875000e+03
2.000000476837158203e-01,2.091651916503906250e+00,1.940003417968750000e+03
1.999998092651367188e-01,2.092898607254028320e+00,1.939913818359375000e+03
2.000000476837158203e-01,2.094237089157104492e+00,1.939821777343750000e+03
1.999998092651367188e-01,2.095673084259033203e+00,1.939726928710937500e+03
2.000000476837158203e-01,2.097213268280029297e+00,1.939629150390625000e+03
2.000000476837158203e-01,2.098864078521728516e+00,1.939528076171875000e+03
1.999998092651367188e-01,2.100633859634399414e+00,1.939423339843750000e+03
2.000000476837158203e-01,2.102530717849731445e+00,1.939314819335937500e+03
2.000000476837158203e-01,2.104564905166625977e+00,1.939202148437500000e+03
2.000000476837158203e-01,2.106747150421142578e+00,1.939084716796875000e+03
2.000000476837158203e-01,2.109089374542236328e+00,1.938962280273437500e+03
1.999998092651367188e-01,2.111605405807495117e+00,1.938834228515625000e+03
2.000000476837158203e-01,2.114310503005981445e+00,1.938699951171875000e+03
2.000000476837158203e-01,2.117222785949707031e+00,1.938559082031250000e+03
1.999998092651367188e-01,2.120361566543579102e+00,1.938410644531250000e+03
2.000000476837158203e-01,2.123749494552612305e+00,1.938254028320312500e+03
2.000000476837158203e-01,2.127412796020507812e+00,1.938088134765625000e+03
2.000000476837158203e-01,2.131381034851074219e+00,1.937912109375000000e+03
2.000000476837158203e-01,2.135689020156860352e+00,1.937724609375000000e+03
2.000002861022949219e-01,2.140376329421997070e+00,1.937524291992187500e+03
2.000000476837158203e-01,2.145489692687988281e+00,1.937309448242187500e+03
2.000000476837158203e-01,2.151084423065185547e+00,1.937078369140625000e+03
1.999998092651367188e-01,2.157225131988525391e+00,1.936828491210937500e+03
2.000000476837158203e-01,2.163988828659057617e+00,1.936557250976562500e+03
2.000000476837158203e-01,2.171468734741210938e+00,1.936261596679687500e+03
1.999998092651367188e-01,2.179777145385742188e+00,1.935937377929687500e+03
1.999998092651367188e-01,2.189051151275634766e+00,1.935579956054687500e+03
1.999998092651367188e-01,2.199460983276367188e+00,1.935183349609375000e+03
2.000000476837158203e-01,2.211218357086181641e+00,1.934740234375000000e+03
1.999998092651367188e-01,2.224592685699462891e+00,1.934241333007812500e+03
2.000002861022949219e-01,2.239929437637329102e+00,1.933674560546875000e+03
2.000000476837158203e-01,2.257680892944335938e+00,1.933024291992187500e+03
1.999998092651367188e-01,2.278450250625610352e+00,1.932269653320312500e+03
2.000002861022949219e-01,2.303059339523315430e+00,1.931382080078125000e+03
2.000000476837158203e-01,2.332660198211669922e+00,1.930321777343750000e+03
2.000000476837158203e-01,2.368915319442749023e+00,1.929031005859375000e+03
2.000000476837158203e-01,2.414319992065429688e+00,1.927423461914062500e+03
2.000000476837158203e-01,2.472794294357299805e+00,1.925363159179687500e+03
2.000000476837158203e-01,2.550872802734375000e+00,1.922623901367187500e+03
5.800000190734863281e+00,2.550872802734375000e+00,1.922623901367187500e+03
5.800000190734863281e+00,2.472794294357299805e+00,1.925363159179687500e+03
5.800000190734863281e+00,2.414319992065429688e+00,1.927423461914062500e+03
5.800000190734863281e+00,2.368915319442749023e+00,1.929031005859375000e+03
5.800000190734863281e+00,2.332660198211669922e+00,1.930321777343750000e+03
5.800000190734863281e+00,2.303059339523315430e+00,1.931382080078125000e+03
5.800000190734863281e+00,2.278450250625610352e+00,1.932269653320312500e+03
5.800000190734863281e+00,2.257680892944335938e+00,1.933024291992187500e+03
5.800000190734863281e+00,2.239929437637329102e+00,1.933674560546875000e+03
5.800000190734863281e+00,2.224592685699462891e+00,1.934241210937500000e+03
5.800000190734863281e+00,2.211218595504760742e+00,1.934740234375000000e+03
5.800000667572021484e+00,2.199460983276367188e+00,1.935183349609375000e+03
5.800000190734863281e+00,2.189051151275634766e+00,1.935579956054687500e+03
5.800000190734863281e+00,2.179777145385742188e+00,1.935937377929687500e+03
5.800000190734863281e+00,2.171468734741210938e+00,1.936261596679687500e+03
5.800000190734863281e+00,2.163988828659057617e+00,1.936557250976562500e+03
5.800000190734863281e+00,2.157225131988525391e+00,1.936828491210937500e+03
5.800000190734863281e+00,2.151084423065185547e+00,1.937078369140625000e+03
5.800000190734863281e+00,2.145489931106567383e+00,1.937309448242187500e+03
5.800000190734863281e+00,2.140376329421997070e+00,1.937524291992187500e+03
5.800000190734863281e+00,2.135689020156860352e+00,1.937724609375000000e+03
5.800000190734863281e+00,2.131381034851074219e+00,1.937912109375000000e+03
5.800000190734863281e+00,2.127412796020507812e+00,1.938088134765625000e+03
5.800000190734863281e+00,2.123749494552612305e+00,1.938254028320312500e+03
5.800000190734863281e+00,2.120361566543579102e+00,1.938410644531250000e+03
5.800000190734863281e+00,2.117222785949707031e+00,1.938559082031250000e+03
5.800000190734863281e+00,2.114310741424560547e+00,1.938699951171875000e+03
5.800000190734863281e+00,2.111605405807495117e+00,1.938834228515625000e+03
5.800000190734863281e+00,2.109089374542236328e+00,1.938962280273437500e+03
5.800000190734863281e+00,2.106747150421142578e+00,1.939084716796875000e+03
5.800000190734863281e+00,2.104564905166625977e+00,1.939202148437500000e+03
5.800000190734863281e+00,2.102530956268310547e+00,1.939314819335937500e+03
5.800000190734863281e+00,2.100633859634399414e+00,1.939423339843750000e+03
5.800000190734863281e+00,2.098864078521728516e+00,1.939528076171875000e+03
5.800000190734863281e+00,2.097213268280029297e+00,1.939629150390625000e+03
5.800000190734863281e+00,2.095673084259033203e+00,1.939726928710937500e+03
5.800000190734863281e+00,2.094237089157104492e+00,1.939821777343750000e+03
5.800000190734863281e+00,2.092898607254028320e+00,1.939913818359375000e+03
5.800000190734863281e+00,2.091651916503906250e+00,1.940003417968750000e+03
5.800000190734863281e+00,2.090492248535156250e+00,1.940090576171875000e+03
5.800000190734863281e+00,2.089414596557617188e+00,1.940175659179687500e+03
5.800000190734863281e+00,2.088414907455444336e+00,1.940258789062500000e+03
5.800000190734863281e+00,2.087489604949951172e+00,1.940340209960937500e+03
5.800000190734863281e+00,2.086634874343872070e+00,1.940419921875000000e+03
5.800000190734863281e+00,2.085848093032836914e+00,1.940498168945312500e+03
5.800000190734863281e+00,2.085126399993896484e+00,1.940574951171875000e+03
5.800000190734863281e+00,2.084466934204101562e+00,1.940650634765625000e+03
5.800000190734863281e+00,2.083867788314819336e+00,1.940725097656250000e+03
5.800000190734863281e+00,2.083327054977416992e+00,1.940798583984375000e+03
5.800000190734863281e+00,2.082842826843261719e+00,1.940871215820312500e+03
5.800000190734863281e+00,2.082413434982299805e+00,1.940942993164062500e+03
5.800000190734863281e+00,2.082037687301635742e+00,1.941014160156250000e+03
5.800000190734863281e+00,2.081714153289794922e+00,1.941084716796875000e+03
5.800000190734863281e+00,2.081442356109619141e+00,1.941154663085937500e+03
5.800000190734863281e+00,2.081220865249633789e+00,1.941224243164062500e+03
5.800000190734863281e+00,2.081049442291259766e+00,1.941293457031250000e+03
5.800000190734863281e+00,2.080927371978759766e+00,1.941362426757812500e+03
5.800000190734863281e+00,2.080854177474975586e+00,1.941431274414062500e+03
5.800000190734863281e+00,2.134783029556274414e+00,1.941500000000000000e+03
5.800000190734863281e+00,2.134823560714721680e+00,1.941568725585937500e+03
5.800000190734863281e+00,2.134945392608642578e+00,1.941637573242187500e+03
5.800000190734863281e+00,2.135149002075195312e+00,1.941706542968750000e+03
5.800000190734863281e+00,2.135435104370117188e+00,1.941775756835937500e+03
5.800000190734863281e+00,2.135804176330566406e+00,1.941845336914062500e+03
5.800000190734863281e+00,2.136257648468017578e+00,1.941915283203125000e+03
5.800000190734863281e+00,2.136796951293945312e+00,1.941985839843750000e+03
5.800000190734863281e+00,2.137423515319824219e+00,1.942057006835937500e+03
5.800000190734863281e+00,2.138139486312866211e+00,1.942128784179687500e+03
5.800000190734863281e+00,2.138947010040283203e+00,1.942201416015625000e+03
5.800000190734863281e+00,2.139848709106445312e+00,1.942274902343750000e+03
5.800000190734863281e+00,2.140847682952880859e+00,1.942349365234375000e+03
5.800000190734863281e+00,2.141947269439697266e+00,1.942425048828125000e+03
5.800000190734863281e+00,2.143151044845581055e+00,1.942501831054687500e+03
5.800000190734863281e+00,2.144463062286376953e+00,1.942580078125000000e+03
5.800000190734863281e+00,2.145888090133666992e+00,1.942659790039062500e+03
5.800000190734863281e+00,2.147431135177612305e+00,1.942741210937500000e+03
5.800000190734863281e+00,2.149097919464111328e+00,1.942824340820312500e+03
5.800000190734863281e+00,2.150894880294799805e+00,1.942909423828125000e+03
5.800000190734863281e+00,2.152828693389892578e+00,1.942996582031250000e+03
5.800000190734863281e+00,2.154907464981079102e+00,1.943086181640625000e+03
5.800000190734863281e+00,2.157139301300048828e+00,1.943178222656250000e+03
5.800000190734863281e+00,2.159533977508544922e+00,1.943273071289062500e+03
5.800000190734863281e+00,2.162101984024047852e+00,1.943370849609375000e+03
5.800000190734863281e+00,2.164855003356933594e+00,1.943471923828125000e+03
5.800000190734863281e+00,2.167805910110473633e+00,1.943576660156250000e+03
5.800000190734863281e+00,2.170969247817993164e+00,1.943685180664062500e+03
5.800000190734863281e+00,2.174360990524291992e+00,1.943797851562500000e+03
5.800000190734863281e+00,2.177999734878540039e+00,1.943915283203125000e+03
5.800000667572021484e+00,2.181905269622802734e+00,1.944037719726562500e+03
5.800000190734863281e+00,2.186100721359252930e+00,1.944165771484375000e+03
5.800000190734863281e+00,2.190611839294433594e+00,1.944300048828125000e+03
5.800000190734863281e+00,2.195467710494995117e+00,1.944440917968750000e+03
5.800000190734863281e+00,2.200701475143432617e+00,1.944589355468750000e+03
5.800000190734863281e+00,2.206351041793823242e+00,1.944745971679687500e+03
5.800000190734863281e+00,2.212459564208984375e+00,1.944911865234375000e+03
5.800000190734863281e+00,2.219076633453369141e+00,1.945087890625000000e+03
5.800000190734863281e+00,2.226259946823120117e+00,1.945275390625000000e+03
5.800000190734863281e+00,2.234076023101806641e+00,1.945475708007812500e+03
5.800000190734863281e+00,2.242602825164794922e+00,1.945690551757812500e+03
5.800000190734863281e+00,2.251931905746459961e+00,1.945921630859375000e+03
5.800000190734863281e+00,2.262171268463134766e+00,1.946171508789062500e+03
5.800000190734863281e+00,2.273449897766113281e+00,1.946442749023437500e+03
5.800000190734863281e+00,2.285922527313232422e+00,1.946738403320312500e+03
5.800000190734863281e+00,2.299776554107666016e+00,1.947062622070312500e+03
5.800000190734863281e+00,2.315241098403930664e+00,1.947420043945312500e+03
5.800000190734863281e+00,2.332599163055419922e+00,1.947816650390625000e+03
5.800000190734863281e+00,2.352204799652099609e+00,1.948259765625000000e+03
5.800000190734863281e+00,2.374506235122680664e+00,1.948758666992187500e+03
5.800000190734863281e+00,2.400079965591430664e+00,1.949325439453125000e+03
5.800000190734863281e+00,2.429680585861206055e+00,1.949975708007812500e+03
5.800000190734863281e+00,2.464313030242919922e+00,1.950730346679687500e+03
5.800000190734863281e+00,2.505348682403564453e+00,1.951617919921875000e+03
5.800000190734863281e+00,2.554707527160644531e+00,1.952678222656250000e+03
5.800000190734863281e+00,2.615162849426269531e+00,1.953968994140625000e+03
5.800000190734863281e+00,2.690874576568603516e+00,1.955576538085937500e+03
5.800000190734863281e+00,2.788379907608032227e+00,1.957636840820312500e+03
5.800000190734863281e+00,2.918574810028076172e+00,1.960376098632812500e+03
2.000000476837158203e-01,2.918574810028076172e+00,1.960376098632812500e+03
2.000000476837158203e-01,2.788379907608032227e+00,1.957636840820312500e+03
2.000000476837158203e-01,2.690874338150024414e+00,1.955576538085937500e+03
2.000000476837158203e-01,2.615162611007690430e+00,1.953968994140625000e+03
2.000000476837158203e-01,2.554707527160644531e+00,1.952678222656250000e+03
2.000000476837158203e-01,2.505348682403564453e+00,1.951617919921875000e+03
2.000000476837158203e-01,2.464312791824340820e+00,1.950730346679687500e+03
2.000000476837158203e-01,2.429680347442626953e+00,1.949975708007812500e+03
2.000002861022949219e-01,2.400079965591430664e+00,1.949325439453125000e+03
2.000000476837158203e-01,2.374506235122680664e+00,1.948758666992187500e+03
2.000000476837158203e-01,2.352204799652099609e+00,1.948259765625000000e+03
2.000000476837158203e-01,2.332599163055419922e+00,1.947816650390625000e+03
2.000000476837158203e-01,2.315241098403930664e+00,1.947420043945312500e+03
2.000000476837158203e-01,2.299776554107666016e+00,1.947062622070312500e+03
1.999998092651367188e-01,2.285922527313232422e+00,1.946738403320312500e+03
1.999998092651367188e-01,2.273449897766113281e+00,1.946442749023437500e+03
2.000002861022949219e-01,2.262171268463134766e+00,1.946171508789062500e+03
2.000002861022949219e-01,2.251931667327880859e+00,1.945921630859375000e+03
1.999998092651367188e-01,2.242602825164794922e+00,1.945690551757812500e+03
2.000000476837158203e-01,2.234076023101806641e+00,1.945475708007812500e+03
2.000000476837158203e-01,2.226259946823120117e+00,1.945275390625000000e+03
2.000000476837158203e-01,2.219076633453369141e+00,1.945087890625000000e+03
2.000000476837158203e-01,2.212459564208984375e+00,1.944911865234375000e+03
2.000002861022949219e-01,2.206351041793823242e+00,1.944745971679687500e+03
1.999998092651367188e-01,2.200701475143432617e+00,1.944589355468750000e+03
2.000002861022949219e-01,2.195467710494995117e+00,1.944440917968750000e+03
2.000000476837158203e-01,2.190611839294433594e+00,1.944300048828125000e+03
2.000002861022949219e-01,2.186100721359252930e+00,1.944165771484375000e+03
1.999998092651367188e-01,2.181905269622802734e+00,1.944037719726562500e+03
2.000002861022949219e-01,2.177999734878540039e+00,1.943915283203125000e+03
2.000000476837158203e-01,2.174360990524291992e+00,1.943797851562500000e+03
2.000000476837158203e-01,2.170969247817993164e+00,1.943685180664062500e+03
2.000000476837158203e-01,2.167805910110473633e+00,1.943576660156250000e+03
2.000000476837158203e-01,2.164855003356933594e+00,1.943471923828125000e+03
1.999998092651367188e-01,2.162101984024047852e+00,1.943370849609375000e+03
1.999998092651367188e-01,2.159533977508544922e+00,1.943273071289062500e+03
2.000000476837158203e-01,2.157139301300048828e+00,1.943178222656250000e+03
2.000000476837158203e-01,2.154907464981079102e+00,1.943086181640625000e+03
2.000000476837158203e-01,2.152828693389892578e+00,1.942996582031250000e+03
2.000000476837158203e-01,2.150894880294799805e+00,1.942909423828125000e+03
2.000000476837158203e-01,2.149097919464111328e+00,1.942824340820312500e+03
2.000000476837158203e-01,2.147431135177612305e+00,1.942741210937500000e+03
2.000000476837158203e-01,2.145887851715087891e+00,1.942659790039062500e+03
2.000002861022949219e-01,2.144463062286376953e+00,1.942580078125000000e+03
2.000002861022949219e-01,2.143150806427001953e+00,1.942501831054687500e+03
2.000002861022949219e-01,2.141947269439697266e+00,1.942425048828125000e+03
2.000000476837158203e-01,2.140847682952880859e+00,1.942349365234375000e+03
1.999998092651367188e-01,2.139848709106445312e+00,1.942274902343750000e+03
2.000000476837158203e-01,2.138947010040283203e+00,1.942201416015625000e+03
2.000000476837158203e-01,2.138139486312866211e+00,1.942128784179687500e+03
1.999998092651367188e-01,2.137423515319824219e+00,1.942057006835937500e+03
2.000000476837158203e-01,2.136796951293945312e+00,1.941985839843750000e+03
2.000002861022949219e-01,2.136257648468017578e+00,1.941915283203125000e+03
2.000000476837158203e-01,2.135804176330566406e+00,1.941845336914062500e+03
1.999998092651367188e-01,2.135435104370117188e+00,1.941775756835937500e+03
2.000000476837158203e-01,2.135149002075195312e+00,1.941706542968750000e+03
2.000000476837158203e-01,2.134945392608642578e+00,1.941637573242187500e+03
2.000000476837158203e-01,2.134823560714721680e+00,1.941568725585937500e+03
2.000000476837158203e-01,2.134782791137695312e+00,1.941500000000000000e+03
2.000000476837158203e-01,2.134823560714721680e+00,1.941431274414062500e+03
2.000000476837158203e-01,2.134945392608642578e+00,1.941362426757812500e+03
2.000000476837158203e-01,2.135149002075195312e+00,1.941293457031250000e+03
1.999998092651367188e-01,2.135435104370117188e+00,1.941224243164062500e+03
2.000000476837158203e-01,2.135804176330566406e+00,1.941154663085937500e+03
2.000002861022949219e-01,2.136257648468017578e+00,1.941084716796875000e+03
2.000000476837158203e-01,2.136796951293945312e+00,1.941014160156250000e+03
1.999998092651367188e-01,2.137423515319824219e+00,1.940942993164062500e+03
2.000000476837158203e-01,2.138139486312866211e+00,1.940871215820312500e+03
2.000000476837158203e-01,2.138947010040283203e+00,1.940798583984375000e+03
1.999998092651367188e-01,2.139848709106445312e+00,1.940725097656250000e+03
2.000000476837158203e-01,2.140847682952880859e+00,1.940650634765625000e+03
2.000002861022949219e-01,2.141947269439697266e+00,1.940574951171875000e+03
2.000002861022949219e-01,2.143150806427001953e+00,1.940498168945312500e+03
2.000002861022949219e-01,2.144463062286376953e+00,1.940419921875000000e+03
2.000000476837158203e-01,2.145887851715087891e+00,1.940340209960937500e+03
2.000000476837158203e-01,2.147431135177612305e+00,1.940258789062500000e+03
2.000000476837158203e-01,2.149097919464111328e+00,1.940175659179687500e+03
2.000000476837158203e-01,2.150894880294799805e+00,1.940090576171875000e+03
2.000000476837158203e-01,2.152828693389892578e+00,1.940003417968750000e+03
2.000000476837158203e-01,2.154907464981079102e+00,1.939913818359375000e+03
2.000000476837158203e-01,2.157139301300048828e+00,1.939821777343750000e+03
1.999998092651367188e-01,2.159533977508544922e+00,1.939726928710937500e+03
1.999998092651367188e-01,2.162101984024047852e+00,1.939629150390625000e+03
2.000000476837158203e-01,2.164855003356933594e+00,1.939528076171875000e+03
2.000000476837158203e-01,2.167805910110473633e+00,1.939423339843750000e+03
2.000000476837158203e-01,2.170969247817993164e+00,1.939314819335937500e+03
2.000000476837158203e-01,2.174360990524291992e+00,1.939202148437500000e+03
2.000002861022949219e-01,2.177999734878540039e+00,1.939084716796875000e+03
1.999998092651367188e-01,2.181905269622802734e+00,1.938962280273437500e+03
2.000002861022949219e-01,2.186100721359252930e+00,1.938834228515625000e+03
2.000000476837158203e-01,2.190611839294433594e+00,1.938699951171875000e+03
2.000002861022949219e-01,2.195467710494995117e+00,1.938559082031250000e+03
1.999998092651367188e-01,2.200701475143432617e+00,1.938410644531250000e+03
2.000002861022949219e-01,2.206351041793823242e+00,1.938254028320312500e+03
2.000000476837158203e-01,2.212459564208984375e+00,1.938088134765625000e+03
2.000000476837158203e-01,2.219076633453369141e+00,1.937912109375000000e+03
2.000000476837158203e-01,2.226259946823120117e+00,1.937724609375000000e+03
2.000000476837158203e-01,2.234076023101806641e+00,1.937524291992187500e+03
1.999998092651367188e-01,2.242602825164794922e+00,1.937309448242187500e+03
2.000002861022949219e-01,2.251931667327880859e+00,1.937078369140625000e+03
2.000002861022949219e-01,2.262171268463134766e+00,1.936828491210937500e+03
1.999998092651367188e-01,2.273449897766113281e+00,1.936557250976562500e+03
1.999998092651367188e-01,2.285922527313232422e+00,1.936261596679687500e+03
2.000000476837158203e-01,2.299776554107666016e+00,1.935937377929687500e+03
2.000000476837158203e-01,2.315241098403930664e+00,1.935579956054687500e+03
2.000000476837158203e-01,2.332599163055419922e+00,1.935183349609375000e+03
2.000000476837158203e-01,2.352204799652099609e+00,1.934740234375000000e+03
2.000000476837158203e-01,2.374506235122680664e+00,1.934241333007812500e+03
2.000002861022949219e-01,2.400079965591430664e+00,1.933674560546875000e+03
2.000000476837158203e-01,2.429680347442626953e+00,1.933024291992187500e+03
2.000000476837158203e-01,2.464312791824340820e+00,1.932269653320312500e+03
2.000000476837158203e-01,2.505348682403564453e+00,1.931382080078125000e+03
2.000000476837158203e-01,2.554707527160644531e+00,1.930321777343750000e+03
2.000000476837158203e-01,2.615162611007690430e+00,1.929031005859375000e+03
2.000000476837158203e-01,2.690874338150024414e+00,1.927423461914062500e+03
2.000000476837158203e-01,2.788379907608032227e+00,1.925363159179687500e+03
2.000000476837158203e-01,2.918574810028076172e+00,1.922623901367187500e+03
5.800000190734863281e+00,2.918574810028076172e+00,1.922623901367187500e+03
5.800000190734863281e+00,2.788379907608032227e+00,1.925363159179687500e+03
5.800000190734863281e+00,2.690874576568603516e+00,1.927423461914062500e+03
5.800000190734863281e+00,2.615162849426269531e+00,1.929031005859375000e+03
5.800000190734863281e+00,2.554707527160644531e+00,1.930321777343750000e+03
5.800000190734863281e+00,2.505348682403564453e+00,1.931382080078125000e+03
5.800000190734863281e+00,2.464313030242919922e+00,1.932269653320312500e+03
5.800000190734863281e+00,2.429680585861206055e+00,1.933024291992187500e+03
5.800000190734863281e+00,2.400079965591430664e+00,1.933674560546875000e+03
5.800000190734863281e+00,2.374506235122680664e+00,1.934241333007812500e+03
5.800000190734863281e+00,2.352204799652099609e+00,1.934740234375000000e+03
5.800000190734863281e+00,2.332599163055419922e+00,1.935183349609375000e+03
5.800000190734863281e+00,2.315241098403930664e+00,1.935579956054687500e+03
5.800000190734863281e+00,2.299776554107666016e+00,1.935937377929687500e+03
5.800000190734863281e+00,2.285922527313232422e+00,1.936261596679687500e+03
5.800000190734863281e+00,2.273449897766113281e+00,1.936557250976562500e+03
5.800000190734863281e+00,2.262171268463134766e+00,1.936828491210937500e+03
5.800000190734863281e+00,2.251931905746459961e+00,1.937078369140625000e+03
5.800000190734863281e+00,2.242602825164794922e+00,1.937309448242187500e+03
5.800000190734863281e+00,2.234076023101806641e+00,1.937524291992187500e+03
5.800000190734863281e+00,2.226259946823120117e+00,1.937724609375000000e+03
5.800000190734863281e+00,2.219076633453369141e+00,1.937912109375000000e+03
5.800000190734863281e+00,2.212459564208984375e+00,1.938088134765625000e+03
5.800000190734863281e+00,2.206351041793823242e+00,1.938254028320312500e+03
5.800000190734863281e+00,2.200701475143432617e+00,1.938410644531250000e+03
5.800000190734863281e+00,2.195467710494995117e+00,1.938559082031250000e+03
5.800000190734863281e+00,2.190611839294433594e+00,1.938699951171875000e+03
5.800000190734863281e+00,2.186100721359252930e+00,1.938834228515625000e+03
5.800000667572021484e+00,2.181905269622802734e+00,1.938962280273437500e+03
5.800000190734863281e+00,2.177999734878540039e+00,1.939084716796875000e+03
5.800000190734863281e+00,2.174360990524291992e+00,1.939202148437500000e+03
5.800000190734863281e+00,2.170969247817993164e+00,1.939314819335937500e+03
5.800000190734863281e+00,2.167805910110473633e+00,1.939423339843750000e+03
5.800000190734863281e+00,2.164855003356933594e+00,1.939528076171875000e+03
5.800000190734863281e+00,2.162101984024047852e+00,1.939629150390625000e+03
5.800000190734863281e+00,2.159533977508544922e+00,1.939726928710937500e+03
5.800000190734863281e+00,2.157139301300048828e+00,1.939821777343750000e+03
5.800000190734863281e+00,2.154907464981079102e+00,1.939913818359375000e+03
5.800000190734863281e+00,2.152828693389892578e+00,1.940003417968750000e+03
5.800000190734863281e+00,2.150894880294799805e+00,1.940090576171875000e+03
5.800000190734863281e+00,2.149097919464111328e+00,1.940175659179687500e+03
5.800000190734863281e+00,2.147431135177612305e+00,1.940258789062500000e+03
5.800000190734863281e+00,2.145888090133666992e+00,1.940340209960937500e+03
5.800000190734863281e+00,2.144463062286376953e+00,1.940419921875000000e+03
5.800000190734863281e+00,2.143151044845581055e+00,1.940498168945312500e+03
5.800000190734863281e+00,2.141947269439697266e+00,1.940574951171875000e+03
5.800000190734863281e+00,2.140847682952880859e+00,1.940650634765625000e+03
5.800000190734863281e+00,2.139848709106445312e+00,1.940725097656250000e+03
5.800000190734863281e+00,2.138947010040283203e+00,1.940798583984375000e+03
5.800000190734863281e+00,2.138139486312866211e+00,1.940871215820312500e+03
5.800000190734863281e+00,2.137423515319824219e+00,1.940942993164062500e+03
5.800000190734863281e+00,2.136796951293945312e+00,1.941014160156250000e+03
5.800000190734863281e+00,2.136257648468017578e+00,1.941084716796875000e+03
5.800000190734863281e+00,2.135804176330566406e+00,1.941154663085937500e+03
5.800000190734863281e+00,2.135435104370117188e+00,1.941224243164062500e+03
5.800000190734863281e+00,2.135149002075195312e+00,1.941293457031250000e+03
5.800000190734863281e+00,2.134945392608642578e+00,1.941362426757812500e+03
5.800000190734863281e+00,2.134823560714721680e+00,1.941431274414062500e+03
5.800000190734863281e+00,2.188836097717285156e+00,1.941500000000000000e+03
5.800000190734863281e+00,2.188892841339111328e+00,1.941568725585937500e+03
5.800000190734863281e+00,2.189063787460327148e+00,1.941637573242187500e+03
5.800000190734863281e+00,2.189349174499511719e+00,1.941706542968750000e+03
5.800000190734863281e+00,2.189749717712402344e+00,1.941775756835937500e+03
5.800000190734863281e+00,2.190267086029052734e+00,1.941845336914062500e+03
5.800000190734863281e+00,2.190902233123779297e+00,1.941915283203125000e+03
5.800000190734863281e+00,2.191657781600952148e+00,1.941985839843750000e+03
5.800000190734863281e+00,2.192535638809204102e+00,1.942057006835937500e+03
5.800000190734863281e+00,2.193538665771484375e+00,1.942128784179687500e+03
5.800000190734863281e+00,2.194670200347900391e+00,1.942201416015625000e+03
5.800000190734863281e+00,2.195933580398559570e+00,1.942274902343750000e+03
5.800000190734863281e+00,2.197333097457885742e+00,1.942349365234375000e+03
5.800000190734863281e+00,2.198873519897460938e+00,1.942425048828125000e+03
5.800000190734863281e+00,2.200560092926025391e+00,1.942501831054687500e+03
5.800000190734863281e+00,2.202398300170898438e+00,1.942580078125000000e+03
5.800000667572021484e+00,2.204394817352294922e+00,1.942659790039062500e+03
5.800000190734863281e+00,2.206556558609008789e+00,1.942741210937500000e+03
5.800000190734863281e+00,2.208891868591308594e+00,1.942824340820312500e+03
5.800000190734863281e+00,2.211409568786621094e+00,1.942909423828125000e+03
5.800000190734863281e+00,2.214118957519531250e+00,1.942996582031250000e+03
5.800000190734863281e+00,2.217031240463256836e+00,1.943086181640625000e+03
5.800000190734863281e+00,2.220158338546752930e+00,1.943178222656250000e+03
5.800000190734863281e+00,2.223513364791870117e+00,1.943273071289062500e+03
5.800000190734863281e+00,2.227111101150512695e+00,1.943370849609375000e+03
5.800000190734863281e+00,2.230968236923217773e+00,1.943471923828125000e+03
5.800000190734863281e+00,2.235102415084838867e+00,1.943576660156250000e+03
5.800000190734863281e+00,2.239534378051757812e+00,1.943685180664062500e+03
5.800000190734863281e+00,2.244286537170410156e+00,1.943797851562500000e+03
5.800000190734863281e+00,2.249384403228759766e+00,1.943915283203125000e+03
5.800000190734863281e+00,2.254856348037719727e+00,1.944037719726562500e+03
5.800000190734863281e+00,2.260734319686889648e+00,1.944165771484375000e+03
5.800000190734863281e+00,2.267054557800292969e+00,1.944300048828125000e+03
5.800000190734863281e+00,2.273857831954956055e+00,1.944440917968750000e+03
5.800000190734863281e+00,2.281190633773803711e+00,1.944589355468750000e+03
5.800000190734863281e+00,2.289105892181396484e+00,1.944745971679687500e+03
5.800000190734863281e+00,2.297663927078247070e+00,1.944911865234375000e+03
5.800000190734863281e+00,2.306934833526611328e+00,1.945087890625000000e+03
5.800000190734863281e+00,2.316998958587646484e+00,1.945275390625000000e+03
5.800000190734863281e+00,2.327949523925781250e+00,1.945475708007812500e+03
5.800000190734863281e+00,2.339895963668823242e+00,1.945690551757812500e+03
5.800000190734863281e+00,2.352966070175170898e+00,1.945921630859375000e+03
5.800000190734863281e+00,2.367311954498291016e+00,1.946171508789062500e+03
5.800000190734863281e+00,2.383113861083984375e+00,1.946442749023437500e+03
5.800000190734863281e+00,2.400588512420654297e+00,1.946738403320312500e+03
5.800000190734863281e+00,2.419998407363891602e+00,1.947062622070312500e+03
5.800000190734863281e+00,2.441664934158325195e+00,1.947420043945312500e+03
5.800000190734863281e+00,2.465984344482421875e+00,1.947816650390625000e+03
5.800000190734863281e+00,2.493452548980712891e+00,1.948259765625000000e+03
5.800000190734863281e+00,2.524697542190551758e+00,1.948758666992187500e+03
5.800000190734863281e+00,2.560527563095092773e+00,1.949325439453125000e+03
5.800000190734863281e+00,2.601998805999755859e+00,1.949975708007812500e+03
5.800000190734863281e+00,2.650520324707031250e+00,1.950730346679687500e+03
5.800000190734863281e+00,2.708012819290161133e+00,1.951617919921875000e+03
5.800000190734863281e+00,2.777166366577148438e+00,1.952678222656250000e+03
5.800000190734863281e+00,2.861866712570190430e+00,1.953968994140625000e+03
5.800000190734863281e+00,2.967941761016845703e+00,1.955576538085937500e+03
1.999998092651367188e-01,2.967941761016845703e+00,1.955576538085937500e+03
2.000000476837158203e-01,2.861866712570190430e+00,1.953968994140625000e+03
2.000002861022949219e-01,2.777166366577148438e+00,1.952678222656250000e+03
2.000000476837158203e-01,2.708012819290161133e+00,1.951617919921875000e+03
1.999998092651367188e-01,2.650520324707031250e+00,1.950730346679687500e+03
2.000000476837158203e-01,2.601998805999755859e+00,1.949975708007812500e+03
2.000000476837158203e-01,2.560527563095092773e+00,1.949325439453125000e+03
2.000000476837158203e-01,2.524697542190551758e+00,1.948758666992187500e+03
2.000002861022949219e-01,2.493452310562133789e+00,1.948259765625000000e+03
2.000000476837158203e-01,2.465984106063842773e+00,1.947816650390625000e+03
1.999998092651367188e-01,2.441664934158325195e+00,1.947420043945312500e+03
1.999998092651367188e-01,2.419998407363891602e+00,1.947062622070312500e+03
2.000000476837158203e-01,2.400588274002075195e+00,1.946738403320312500e+03
2.000000476837158203e-01,2.383113622665405273e+00,1.946442749023437500e+03
2.000000476837158203e-01,2.367311954498291016e+00,1.946171508789062500e+03
2.000000476837158203e-01,2.352966070175170898e+00,1.945921630859375000e+03
2.000002861022949219e-01,2.339895963668823242e+00,1.945690551757812500e+03
2.000002861022949219e-01,2.327949523925781250e+00,1.945475708007812500e+03
2.000000476837158203e-01,2.316998958587646484e+00,1.945275390625000000e+03
2.000000476837158203e-01,2.306934833526611328e+00,1.945087890625000000e+03
2.000000476837158203e-01,2.297663927078247070e+00,1.944911865234375000e+03
2.000000476837158203e-01,2.289105892181396484e+00,1.944745971679687500e+03
1.999998092651367188e-01,2.281190633773803711e+00,1.944589355468750000e+03
2.000000476837158203e-01,2.273857831954956055e+00,1.944440917968750000e+03
1.999998092651367188e-01,2.267054557800292969e+00,1.944300048828125000e+03
2.000000476837158203e-01,2.260734319686889648e+00,1.944165771484375000e+03
2.000000476837158203e-01,2.254856348037719727e+00,1.944037719726562500e+03
2.000000476837158203e-01,2.249384403228759766e+00,1.943915283203125000e+03
2.000000476837158203e-01,2.244286537170410156e+00,1.943797851562500000e+03
2.000000476837158203e-01,2.239534378051757812e+00,1.943685180664062500e+03
2.000002861022949219e-01,2.235102415084838867e+00,1.943576660156250000e+03
2.000000476837158203e-01,2.230968236923217773e+00,1.943471923828125000e+03
2.000000476837158203e-01,2.227111101150512695e+00,1.943370849609375000e+03
1.999998092651367188e-01,2.223513364791870117e+00,1.943273071289062500e+03
2.000000476837158203e-01,2.220158338546752930e+00,1.943178222656250000e+03
1.999998092651367188e-01,2.217031240463256836e+00,1.943086181640625000e+03
2.000002861022949219e-01,2.214118957519531250e+00,1.942996582031250000e+03
2.000000476837158203e-01,2.211409568786621094e+00,1.942909423828125000e+03
1.999998092651367188e-01,2.208891868591308594e+00,1.942824340820312500e+03
2.000000476837158203e-01,2.206556558609008789e+00,1.942741210937500000e+03
1.999998092651367188e-01,2.204394578933715820e+00,1.942659790039062500e+03
2.000000476837158203e-01,2.202398300170898438e+00,1.942580078125000000e+03
2.000000476837158203e-01,2.200560092926025391e+00,1.942501831054687500e+03
2.000000476837158203e-01,2.198873519897460938e+00,1.942425048828125000e+03
2.000000476837158203e-01,2.197333097457885742e+00,1.942349365234375000e+03
2.000000476837158203e-01,2.195933580398559570e+00,1.942274902343750000e+03
2.000002861022949219e-01,2.194669961929321289e+00,1.942201416015625000e+03
2.000000476837158203e-01,2.193538665771484375e+00,1.942128784179687500e+03
1.999998092651367188e-01,2.192535638809204102e+00,1.942057006835937500e+03
2.000000476837158203e-01,2.191657781600952148e+00,1.941985839843750000e+03
1.999998092651367188e-01,2.190902233123779297e+00,1.941915283203125000e+03
2.000000476837158203e-01,2.190266847610473633e+00,1.941845336914062500e+03
2.000000476837158203e-01,2.189749717712402344e+00,1.941775756835937500e+03
2.000000476837158203e-01,2.189349174499511719e+00,1.941706542968750000e+03
2.000000476837158203e-01,2.189063787460327148e+00,1.941637573242187500e+03
2.000002861022949219e-01,2.188892841339111328e+00,1.941568725585937500e+03
2.000000476837158203e-01,2.188836097717285156e+00,1.941500000000000000e+03
2.000002861022949219e-01,2.188892841339111328e+00,1.941431274414062500e+03
2.000000476837158203e-01,2.189063787460327148e+00,1.941362426757812500e+03
2.000000476837158203e-01,2.189349174499511719e+00,1.941293457031250000e+03
2.000000476837158203e-01,2.189749717712402344e+00,1.941224243164062500e+03
2.000000476837158203e-01,2.190266847610473633e+00,1.941154663085937500e+03
1.999998092651367188e-01,2.190902233123779297e+00,1.941084716796875000e+03
2.000000476837158203e-01,2.191657781600952148e+00,1.941014160156250000e+03
1.999998092651367188e-01,2.192535638809204102e+00,1.940942993164062500e+03
2.000000476837158203e-01,2.193538665771484375e+00,1.940871215820312500e+03
2.000002861022949219e-01,2.194669961929321289e+00,1.940798583984375000e+03
2.000000476837158203e-01,2.195933580398559570e+00,1.940725097656250000e+03
2.000000476837158203e-01,2.197333097457885742e+00,1.940650634765625000e+03
2.000000476837158203e-01,2.198873519897460938e+00,1.940574951171875000e+03
2.000000476837158203e-01,2.200560092926025391e+00,1.940498168945312500e+03
2.000000476837158203e-01,2.202398300170898438e+00,1.940419921875000000e+03
1.999998092651367188e-01,2.204394578933715820e+00,1.940340209960937500e+03
2.000000476837158203e-01,2.206556558609008789e+00,1.940258789062500000e+03
1.999998092651367188e-01,2.208891868591308594e+00,1.940175659179687500e+03
2.000000476837158203e-01,2.211409568786621094e+00,1.940090576171875000e+03
2.000002861022949219e-01,2.214118957519531250e+00,1.940003417968750000e+03
1.999998092651367188e-01,2.217031240463256836e+00,1.939913818359375000e+03
2.000000476837158203e-01,2.220158338546752930e+00,1.939821777343750000e+03
1.999998092651367188e-01,2.223513364791870117e+00,1.939726928710937500e+03
2.000000476837158203e-01,2.227111101150512695e+00,1.939629150390625000e+03
2.000000476837158203e-01,2.230968236923217773e+00,1.939528076171875000e+03
2.000002861022949219e-01,2.235102415084838867e+00,1.939423339843750000e+03
2.000000476837158203e-01,2.239534378051757812e+00,1.939314819335937500e+03
2.000000476837158203e-01,2.244286537170410156e+00,1.939202148437500000e+03
2.000000476837158203e-01,2.249384403228759766e+00,1.939084716796875000e+03
2.000000476837158203e-01,2.254856348037719727e+00,1.938962280273437500e+03
2.000000476837158203e-01,2.260734319686889648e+00,1.938834228515625000e+03
1.999998092651367188e-01,2.267054557800292969e+00,1.938699951171875000e+03
2.000000476837158203e-01,2.273857831954956055e+00,1.938559082031250000e+03
1.999998092651367188e-01,2.281190633773803711e+00,1.938410644531250000e+03
2.000000476837158203e-01,2.289105892181396484e+00,1.938254028320312500e+03
2.000000476837158203e-01,2.297663927078247070e+00,1.938088134765625000e+03
2.000000476837158203e-01,2.306934833526611328e+00,1.937912109375000000e+03
2.000000476837158203e-01,2.316998958587646484e+00,1.937724609375000000e+03
2.000002861022949219e-01,2.327949523925781250e+00,1.937524291992187500e+03
2.000002861022949219e-01,2.339895963668823242e+00,1.937309448242187500e+03
2.000000476837158203e-01,2.352966070175170898e+00,1.937078369140625000e+03
2.000000476837158203e-01,2.367311954498291016e+00,1.936828491210937500e+03
2.000000476837158203e-01,2.383113622665405273e+00,1.936557250976562500e+03
2.000000476837158203e-01,2.400588274002075195e+00,1.936261596679687500e+03
1.999998092651367188e-01,2.419998407363891602e+00,1.935937377929687500e+03
1.999998092651367188e-01,2.441664934158325195e+00,1.935579956054687500e+03
2.000000476837158203e-01,2.465984106063842773e+00,1.935183349609375000e+03
2.000002861022949219e-01,2.493452310562133789e+00,1.934740234375000000e+03
2.000000476837158203e-01,2.524697542190551758e+00,1.934241333007812500e+03
2.000000476837158203e-01,2.560527563095092773e+00,1.933674560546875000e+03
2.000000476837158203e-01,2.601998805999755859e+00,1.933024291992187500e+03
1.999998092651367188e-01,2.650520324707031250e+00,1.932269653320312500e+03
2.000000476837158203e-01,2.708012819290161133e+00,1.931382080078125000e+03
2.000002861022949219e-01,2.777166366577148438e+00,1.930321777343750000e+03
2.000000476837158203e-01,2.861866712570190430e+00,1.929031005859375000e+03
1.999998092651367188e-01,2.967941761016845703e+00,1.927423461914062500e+03
5.800000190734863281e+00,2.967941761016845703e+00,1.927423461914062500e+03
5.800000190734863281e+00,2.861866712570190430e+00,1.929031005859375000e+03
5.800000190734863281e+00,2.777166366577148438e+00,1.930321777343750000e+03
5.800000190734863281e+00,2.708012819290161133e+00,1.931382080078125000e+03
5.800000190734863281e+00,2.650520324707031250e+00,1.932269653320312500e+03
5.800000190734863281e+00,2.601998805999755859e+00,1.933024291992187500e+03
5.800000190734863281e+00,2.560527563095092773e+00,1.933674560546875000e+03
5.800000190734863281e+00,2.524697542190551758e+00,1.934241333007812500e+03
5.800000190734863281e+00,2.493452548980712891e+00,1.934740234375000000e+03
5.800000190734863281e+00,2.465984344482421875e+00,1.935183349609375000e+03
5.800000190734863281e+00,2.441664934158325195e+00,1.935579956054687500e+03
5.800000190734863281e+00,2.419998407363891602e+00,1.935937377929687500e+03
5.800000190734863281e+00,2.400588512420654297e+00,1.936261596679687500e+03
5.800000190734863281e+00,2.383113861083984375e+00,1.936557250976562500e+03
5.800000190734863281e+00,2.367311954498291016e+00,1.936828491210937500e+03
5.800000190734863281e+00,2.352966070175170898e+00,1.937078369140625000e+03
5.800000190734863281e+00,2.339895963668823242e+00,1.937309448242187500e+03
5.800000190734863281e+00,2.327949523925781250e+00,1.937524291992187500e+03
5.800000190734863281e+00,2.316998958587646484e+00,1.937724609375000000e+03
5.800000190734863281e+00,2.306934833526611328e+00,1.937912109375000000e+03
5.800000190734863281e+00,2.297663927078247070e+00,1.938088134765625000e+03
5.800000190734863281e+00,2.289105892181396484e+00,1.938254028320312500e+03
5.800000190734863281e+00,2.281190633773803711e+00,1.938410644531250000e+03
5.800000190734863281e+00,2.273857831954956055e+00,1.938559082031250000e+03
5.800000190734863281e+00,2.267054557800292969e+00,1.938699951171875000e+03
5.800000190734863281e+00,2.260734319686889648e+00,1.938834228515625000e+03
5.800000190734863281e+00,2.254856348037719727e+00,1.938962280273437500e+03
5.800000190734863281e+00,2.249384403228759766e+00,1.939084716796875000e+03
5.800000190734863281e+00,2.244286537170410156e+00,1.939202148437500000e+03
5.800000190734863281e+00,2.239534378051757812e+00,1.939314819335937500e+03
5.800000190734863281e+00,2.235102415084838867e+00,1.939423339843750000e+03
5.800000190734863281e+00,2.230968236923217773e+00,1.939528076171875000e+03
5.800000190734863281e+00,2.227111101150512695e+00,1.939629150390625000e+03
5.800000190734863281e+00,2.223513364791870117e+00,1.939726928710937500e+03
5.800000190734863281e+00,2.220158338546752930e+00,1.939821777343750000e+03
5.800000190734863281e+00,2.217031240463256836e+00,1.939913818359375000e+03
5.800000190734863281e+00,2.214118957519531250e+00,1.940003417968750000e+03
5.800000190734863281e+00,2.211409568786621094e+00,1.940090576171875000e+03
5.800000190734863281e+00,2.208891868591308594e+00,1.940175659179687500e+03
5.800000190734863281e+00,2.206556558609008789e+00,1.940258789062500000e+03
5.800000667572021484e+00,2.204394817352294922e+00,1.940340209960937500e+03
5.800000190734863281e+00,2.202398300170898438e+00,1.940419921875000000e+03
5.800000190734863281e+00,2.200560092926025391e+00,1.940498168945312500e+03
5.800000190734863281e+00,2.198873519897460938e+00,1.940574951171875000e+03
5.800000190734863281e+00,2.197333097457885742e+00,1.940650634765625000e+03
5.800000190734863281e+00,2.195933580398559570e+00,1.940725097656250000e+03
5.800000190734863281e+00,2.194670200347900391e+00,1.940798583984375000e+03
5.800000190734863281e+00,2.193538665771484375e+00,1.940871215820312500e+03
5.800000190734863281e+00,2.192535638809204102e+00,1.940942993164062500e+03
5.800000190734863281e+00,2.191657781600952148e+00,1.941014160156250000e+03
5.800000190734863281e+00,2.190902233123779297e+00,1.941084716796875000e+03
5.800000190734863281e+00,2.190267086029052734e+00,1.941154663085937500e+03
5.800000190734863281e+00,2.189749717712402344e+00,1.941224243164062500e+03
5.800000190734863281e+00,2.189349174499511719e+00,1.941293457031250000e+03
5.800000190734863281e+00,2.189063787460327148e+00,1.941362426757812500e+03
5.800000190734863281e+00,2.188892841339111328e+00,1.941431274414062500e+03
5.800000190734863281e+00,2.243029594421386719e+00,1.941500000000000000e+03
5.800000190734863281e+00,2.243103027343750000e+00,1.941568725585937500e+03
5.800000190734863281e+00,2.243322849273681641e+00,1.941637573242187500e+03
5.800000190734863281e+00,2.243690013885498047e+00,1.941706542968750000e+03
5.800000190734863281e+00,2.244205713272094727e+00,1.941775756835937500e+03
5.800000190734863281e+00,2.244871139526367188e+00,1.941845336914062500e+03
5.800000190734863281e+00,2.245688915252685547e+00,1.941915283203125000e+03
5.800000190734863281e+00,2.246661186218261719e+00,1.941985839843750000e+03
5.800000190734863281e+00,2.247790813446044922e+00,1.942057006835937500e+03
5.800000190734863281e+00,2.249081850051879883e+00,1.942128784179687500e+03
5.800000190734863281e+00,2.250537872314453125e+00,1.942201416015625000e+03
5.800000190734863281e+00,2.252164125442504883e+00,1.942274902343750000e+03
5.800000190734863281e+00,2.253965377807617188e+00,1.942349365234375000e+03
5.800000190734863281e+00,2.255947828292846680e+00,1.942425048828125000e+03
5.800000190734863281e+00,2.258118152618408203e+00,1.942501831054687500e+03
5.800000190734863281e+00,2.260483980178833008e+00,1.942580078125000000e+03
5.800000190734863281e+00,2.263053417205810547e+00,1.942659790039062500e+03
5.800000190734863281e+00,2.265835762023925781e+00,1.942741210937500000e+03
5.800000190734863281e+00,2.268841266632080078e+00,1.942824340820312500e+03
5.800000190734863281e+00,2.272081375122070312e+00,1.942909423828125000e+03
5.800000190734863281e+00,2.275568485260009766e+00,1.942996582031250000e+03
5.800000190734863281e+00,2.279316425323486328e+00,1.943086181640625000e+03
5.800000190734863281e+00,2.283340930938720703e+00,1.943178222656250000e+03
5.800000190734863281e+00,2.287658929824829102e+00,1.943273071289062500e+03
5.800000190734863281e+00,2.292289257049560547e+00,1.943370849609375000e+03
5.800000190734863281e+00,2.297253131866455078e+00,1.943471923828125000e+03
5.800000190734863281e+00,2.302573919296264648e+00,1.943576660156250000e+03
5.800000190734863281e+00,2.308277845382690430e+00,1.943685180664062500e+03
5.800000190734863281e+00,2.314393758773803711e+00,1.943797851562500000e+03
5.800000190734863281e+00,2.320954561233520508e+00,1.943915283203125000e+03
5.800000190734863281e+00,2.327996969223022461e+00,1.944037719726562500e+03
5.800000190734863281e+00,2.335561752319335938e+00,1.944165771484375000e+03
5.800000190734863281e+00,2.343695878982543945e+00,1.944300048828125000e+03
5.800000190734863281e+00,2.352451562881469727e+00,1.944440917968750000e+03
5.800000190734863281e+00,2.361888885498046875e+00,1.944589355468750000e+03
5.800000190734863281e+00,2.372075557708740234e+00,1.944745971679687500e+03
5.800000190734863281e+00,2.383090019226074219e+00,1.944911865234375000e+03
5.800000190734863281e+00,2.395021438598632812e+00,1.945087890625000000e+03
5.800000190734863281e+00,2.407973766326904297e+00,1.945275390625000000e+03
5.800000190734863281e+00,2.422067165374755859e+00,1.945475708007812500e+03
5.800000190734863281e+00,2.437441825866699219e+00,1.945690551757812500e+03
5.800000190734863281e+00,2.454263210296630859e+00,1.945921630859375000e+03
5.800000190734863281e+00,2.472725868225097656e+00,1.946171508789062500e+03
5.800000190734863281e+00,2.493062734603881836e+00,1.946442749023437500e+03
5.800000190734863281e+00,2.515552282333374023e+00,1.946738403320312500e+03
5.800000190734863281e+00,2.540532827377319336e+00,1.947062622070312500e+03
5.800000190734863281e+00,2.568417310714721680e+00,1.947420043945312500e+03
5.800000190734863281e+00,2.599715948104858398e+00,1.947816650390625000e+03
5.800000190734863281e+00,2.635067224502563477e+00,1.948259765625000000e+03
5.800000190734863281e+00,2.675279378890991211e+00,1.948758789062500000e+03
5.800000190734863281e+00,2.721392154693603516e+00,1.949325439453125000e+03
5.800000190734863281e+00,2.774765014648437500e+00,1.949975708007812500e+03
5.800000190734863281e+00,2.837211608886718750e+00,1.950730346679687500e+03
5.800000190734863281e+00,2.911203861236572266e+00,1.951617919921875000e+03
2.000002861022949219e-01,2.911203622817993164e+00,1.951617919921875000e+03
2.000000476837158203e-01,2.837211370468139648e+00,1.950730346679687500e+03
2.000002861022949219e-01,2.774765014648437500e+00,1.949975708007812500e+03
2.000000476837158203e-01,2.721392154693603516e+00,1.949325439453125000e+03
2.000000476837158203e-01,2.675279378890991211e+00,1.948758666992187500e+03
2.000000476837158203e-01,2.635066986083984375e+00,1.948259765625000000e+03
2.000000476837158203e-01,2.599715948104858398e+00,1.947816650390625000e+03
1.999998092651367188e-01,2.568417072296142578e+00,1.947420043945312500e+03
2.000000476837158203e-01,2.540532827377319336e+00,1.947062622070312500e+03
2.000002861022949219e-01,2.515552282333374023e+00,1.946738403320312500e+03
2.000000476837158203e-01,2.493062496185302734e+00,1.946442749023437500e+03
2.000000476837158203e-01,2.472725868225097656e+00,1.946171508789062500e+03
2.000002861022949219e-01,2.454262971878051758e+00,1.945921630859375000e+03
1.999998092651367188e-01,2.437441825866699219e+00,1.945690551757812500e+03
2.000002861022949219e-01,2.422066926956176758e+00,1.945475708007812500e+03
2.000000476837158203e-01,2.407973766326904297e+00,1.945275390625000000e+03
2.000000476837158203e-01,2.395021438598632812e+00,1.945087890625000000e+03
2.000002861022949219e-01,2.383089780807495117e+00,1.944911865234375000e+03
2.000000476837158203e-01,2.372075557708740234e+00,1.944745971679687500e+03
1.999998092651367188e-01,2.361888885498046875e+00,1.944589355468750000e+03
1.999998092651367188e-01,2.352451562881469727e+00,1.944440917968750000e+03
2.000000476837158203e-01,2.343695878982543945e+00,1.944300048828125000e+03
2.000002861022949219e-01,2.335561752319335938e+00,1.944165771484375000e+03
1.999998092651367188e-01,2.327996969223022461e+00,1.944037719726562500e+03
2.000000476837158203e-01,2.320954561233520508e+00,1.943915283203125000e+03
2.000000476837158203e-01,2.314393758773803711e+00,1.943797851562500000e+03
2.000000476837158203e-01,2.308277845382690430e+00,1.943685180664062500e+03
2.000000476837158203e-01,2.302573919296264648e+00,1.943576660156250000e+03
2.000000476837158203e-01,2.297253131866455078e+00,1.943471923828125000e+03
2.000002861022949219e-01,2.292289257049560547e+00,1.943370849609375000e+03
2.000000476837158203e-01,2.287658929824829102e+00,1.943273071289062500e+03
2.000000476837158203e-01,2.283340930938720703e+00,1.943178222656250000e+03
2.000000476837158203e-01,2.279316425323486328e+00,1.943086181640625000e+03
2.000002861022949219e-01,2.275568485260009766e+00,1.942996582031250000e+03
2.000000476837158203e-01,2.272081375122070312e+00,1.942909423828125000e+03
1.999998092651367188e-01,2.268841266632080078e+00,1.942824340820312500e+03
2.000000476837158203e-01,2.265835762023925781e+00,1.942741210937500000e+03
1.999998092651367188e-01,2.263053417205810547e+00,1.942659790039062500e+03
2.000000476837158203e-01,2.260483980178833008e+00,1.942580078125000000e+03
1.999998092651367188e-01,2.258118152618408203e+00,1.942501831054687500e+03
2.000000476837158203e-01,2.255947828292846680e+00,1.942425048828125000e+03
2.000000476837158203e-01,2.253965377807617188e+00,1.942349365234375000e+03
1.999998092651367188e-01,2.252164125442504883e+00,1.942274902343750000e+03
1.999998092651367188e-01,2.250537872314453125e+00,1.942201416015625000e+03
1.999998092651367188e-01,2.249081850051879883e+00,1.942128784179687500e+03
1.999998092651367188e-01,2.247790813446044922e+00,1.942057006835937500e+03
1.999998092651367188e-01,2.246661186218261719e+00,1.941985839843750000e+03
2.000000476837158203e-01,2.245688915252685547e+00,1.941915283203125000e+03
2.000000476837158203e-01,2.244871139526367188e+00,1.941845336914062500e+03
2.000000476837158203e-01,2.244205474853515625e+00,1.941775756835937500e+03
2.000000476837158203e-01,2.243690013885498047e+00,1.941706542968750000e+03
2.000000476837158203e-01,2.243322849273681641e+00,1.941637573242187500e+03
2.000000476837158203e-01,2.243102788925170898e+00,1.941568725585937500e+03
2.000000476837158203e-01,2.243029594421386719e+00,1.941500000000000000e+03
2.000000476837158203e-01,2.243102788925170898e+00,1.941431274414062500e+03
2.000000476837158203e-01,2.243322849273681641e+00,1.941362426757812500e+03
2.000000476837158203e-01,2.243690013885498047e+00,1.941293457031250000e+03
2.000000476837158203e-01,2.244205474853515625e+00,1.941224243164062500e+03
2.000000476837158203e-01,2.244871139526367188e+00,1.941154663085937500e+03
2.000000476837158203e-01,2.245688915252685547e+00,1.941084716796875000e+03
1.999998092651367188e-01,2.246661186218261719e+00,1.941014160156250000e+03
1.999998092651367188e-01,2.247790813446044922e+00,1.940942993164062500e+03
1.999998092651367188e-01,2.249081850051879883e+00,1.940871215820312500e+03
1.999998092651367188e-01,2.250537872314453125e+00,1.940798583984375000e+03
1.999998092651367188e-01,2.252164125442504883e+00,1.940725097656250000e+03
2.000000476837158203e-01,2.253965377807617188e+00,1.940650634765625000e+03
2.000000476837158203e-01,2.255947828292846680e+00,1.940574951171875000e+03
1.999998092651367188e-01,2.258118152618408203e+00,1.940498168945312500e+03
2.000000476837158203e-01,2.260483980178833008e+00,1.940419921875000000e+03
1.999998092651367188e-01,2.263053417205810547e+00,1.940340209960937500e+03
2.000000476837158203e-01,2.265835762023925781e+00,1.940258789062500000e+03
1.999998092651367188e-01,2.268841266632080078e+00,1.940175659179687500e+03
2.000000476837158203e-01,2.272081375122070312e+00,1.940090576171875000e+03
2.000002861022949219e-01,2.275568485260009766e+00,1.940003417968750000e+03
2.000000476837158203e-01,2.279316425323486328e+00,1.939913818359375000e+03
2.000000476837158203e-01,2.283340930938720703e+00,1.939821777343750000e+03
2.000000476837158203e-01,2.287658929824829102e+00,1.939726928710937500e+03
2.000002861022949219e-01,2.292289257049560547e+00,1.939629150390625000e+03
2.000000476837158203e-01,2.297253131866455078e+00,1.939528076171875000e+03
2.000000476837158203e-01,2.302573919296264648e+00,1.939423339843750000e+03
2.000000476837158203e-01,2.308277845382690430e+00,1.939314819335937500e+03
2.000000476837158203e-01,2.314393758773803711e+00,1.939202148437500000e+03
2.000000476837158203e-01,2.320954561233520508e+00,1.939084716796875000e+03
1.999998092651367188e-01,2.327996969223022461e+00,1.938962280273437500e+03
2.000002861022949219e-01,2.335561752319335938e+00,1.938834228515625000e+03
2.000000476837158203e-01,2.343695878982543945e+00,1.938699951171875000e+03
1.999998092651367188e-01,2.352451562881469727e+00,1.938559082031250000e+03
1.999998092651367188e-01,2.361888885498046875e+00,1.938410644531250000e+03
2.000000476837158203e-01,2.372075557708740234e+00,1.938254028320312500e+03
2.000002861022949219e-01,2.383089780807495117e+00,1.938088134765625000e+03
2.000000476837158203e-01,2.395021438598632812e+00,1.937912109375000000e+03
2.000000476837158203e-01,2.407973766326904297e+00,1.937724609375000000e+03
2.000002861022949219e-01,2.422066926956176758e+00,1.937524291992187500e+03
1.999998092651367188e-01,2.437441825866699219e+00,1.937309448242187500e+03
2.000002861022949219e-01,2.454262971878051758e+00,1.937078369140625000e+03
2.000000476837158203e-01,2.472725868225097656e+00,1.936828491210937500e+03
2.000000476837158203e-01,2.493062496185302734e+00,1.936557250976562500e+03
2.000002861022949219e-01,2.515552282333374023e+00,1.936261596679687500e+03
2.000000476837158203e-01,2.540532827377319336e+00,1.935937377929687500e+03
1.999998092651367188e-01,2.568417072296142578e+00,1.935579956054687500e+03
2.000000476837158203e-01,2.599715948104858398e+00,1.935183349609375000e+03
2.000000476837158203e-01,2.635066986083984375e+00,1.934740234375000000e+03
2.000000476837158203e-01,2.675279378890991211e+00,1.934241333007812500e+03
2.000000476837158203e-01,2.721392154693603516e+00,1.933674560546875000e+03
2.000002861022949219e-01,2.774765014648437500e+00,1.933024291992187500e+03
2.000000476837158203e-01,2.837211370468139648e+00,1.932269653320312500e+03
2.000002861022949219e-01,2.911203622817993164e+00,1.931382080078125000e+03
5.800000190734863281e+00,2.911203861236572266e+00,1.931382080078125000e+03
5.800000190734863281e+00,2.837211608886718750e+00,1.932269653320312500e+03
5.800000190734863281e+00,2.774765014648437500e+00,1.933024291992187500e+03
5.800000190734863281e+00,2.721392154693603516e+00,1.933674560546875000e+03
5.800000190734863281e+00,2.675279378890991211e+00,1.934241210937500000e+03
5.800000190734863281e+00,2.635067224502563477e+00,1.934740234375000000e+03
5.800000190734863281e+00,2.599715948104858398e+00,1.935183349609375000e+03
5.800000190734863281e+00,2.568417310714721680e+00,1.935579956054687500e+03
5.800000190734863281e+00,2.540532827377319336e+00,1.935937377929687500e+03
5.800000190734863281e+00,2.515552282333374023e+00,1.936261596679687500e+03
5.800000190734863281e+00,2.493062734603881836e+00,1.936557250976562500e+03
5.800000190734863281e+00,2.472725868225097656e+00,1.936828491210937500e+03
5.800000190734863281e+00,2.454263210296630859e+00,1.937078369140625000e+03
5.800000190734863281e+00,2.437441825866699219e+00,1.937309448242187500e+03
5.800000190734863281e+00,2.422067165374755859e+00,1.937524291992187500e+03
5.800000190734863281e+00,2.407973766326904297e+00,1.937724609375000000e+03
5.800000190734863281e+00,2.395021438598632812e+00,1.937912109375000000e+03
5.800000190734863281e+00,2.383090019226074219e+00,1.938088134765625000e+03
5.800000190734863281e+00,2.372075557708740234e+00,1.938254028320312500e+03
5.800000190734863281e+00,2.361888885498046875e+00,1.938410644531250000e+03
5.800000190734863281e+00,2.352451562881469727e+00,1.938559082031250000e+03
5.800000190734863281e+00,2.343695878982543945e+00,1.938699951171875000e+03
5.800000190734863281e+00,2.335561752319335938e+00,1.938834228515625000e+03
5.800000190734863281e+00,2.327996969223022461e+00,1.938962280273437500e+03
5.800000190734863281e+00,2.320954561233520508e+00,1.939084716796875000e+03
5.800000190734863281e+00,2.314393758773803711e+00,1.939202148437500000e+03
5.800000190734863281e+00,2.308277845382690430e+00,1.939314819335937500e+03
5.800000190734863281e+00,2.302573919296264648e+00,1.939423339843750000e+03
5.800000190734863281e+00,2.297253131866455078e+00,1.939528076171875000e+03
5.800000190734863281e+00,2.292289257049560547e+00,1.939629150390625000e+03
5.800000190734863281e+00,2.287658929824829102e+00,1.939726928710937500e+03
5.800000190734863281e+00,2.283340930938720703e+00,1.939821777343750000e+03
5.800000190734863281e+00,2.279316425323486328e+00,1.939913818359375000e+03
5.800000190734863281e+00,2.275568485260009766e+00,1.940003417968750000e+03
5.800000190734863281e+00,2.272081375122070312e+00,1.940090576171875000e+03
5.800000190734863281e+00,2.268841266632080078e+00,1.940175659179687500e+03
5.800000190734863281e+00,2.265835762023925781e+00,1.940258789062500000e+03
5.800000190734863281e+00,2.263053417205810547e+00,1.940340209960937500e+03
5.800000190734863281e+00,2.260483980178833008e+00,1.940419921875000000e+03
5.800000190734863281e+00,2.258118152618408203e+00,1.940498168945312500e+03
5.800000190734863281e+00,2.255947828292846680e+00,1.940574951171875000e+03
5.800000190734863281e+00,2.253965377807617188e+00,1.940650634765625000e+03
5.800000190734863281e+00,2.252164125442504883e+00,1.940725097656250000e+03
5.800000190734863281e+00,2.250537872314453125e+00,1.940798583984375000e+03
5.800000190734863281e+00,2.249081850051879883e+00,1.940871215820312500e+03
5.800000190734863281e+00,2.247790813446044922e+00,1.940942993164062500e+03
5.800000190734863281e+00,2.246661186218261719e+00,1.941014160156250000e+03
5.800000190734863281e+00,2.245688915252685547e+00,1.941084716796875000e+03
5.800000190734863281e+00,2.244871139526367188e+00,1.941154663085937500e+03
5.800000190734863281e+00,2.244205713272094727e+00,1.941224243164062500e+03
5.800000190734863281e+00,2.243690013885498047e+00,1.941293457031250000e+03
5.800000190734863281e+00,2.243322849273681641e+00,1.941362426757812500e+03
5.800000190734863281e+00,2.243103027343750000e+00,1.941431274414062500e+03
5.800000190734863281e+00,2.297404527664184570e+00,1.941500000000000000e+03
5.800000190734863281e+00,2.297494173049926758e+00,1.941568725585937500e+03
5.800000190734863281e+00,2.297763347625732422e+00,1.941637573242187500e+03
5.800000190734863281e+00,2.298212766647338867e+00,1.941706542968750000e+03
5.800000190734863281e+00,2.298843622207641602e+00,1.941775756835937500e+03
5.800000190734863281e+00,2.299658298492431641e+00,1.941845336914062500e+03
5.800000190734863281e+00,2.300658702850341797e+00,1.941915283203125000e+03
5.800000190734863281e+00,2.301848649978637695e+00,1.941985839843750000e+03
5.800000190734863281e+00,2.303231239318847656e+00,1.942057006835937500e+03
5.800000190734863281e+00,2.304811000823974609e+00,1.942128784179687500e+03
5.800000190734863281e+00,2.306592941284179688e+00,1.942201416015625000e+03
5.800000190734863281e+00,2.308582782745361328e+00,1.942274902343750000e+03
5.800000190734863281e+00,2.310786962509155273e+00,1.942349365234375000e+03
5.800000190734863281e+00,2.313213109970092773e+00,1.942425048828125000e+03
5.800000190734863281e+00,2.315869092941284180e+00,1.942501831054687500e+03
5.800000190734863281e+00,2.318764209747314453e+00,1.942580078125000000e+03
5.800000190734863281e+00,2.321908473968505859e+00,1.942659790039062500e+03
5.800000190734863281e+00,2.325313329696655273e+00,1.942741210937500000e+03
5.800000190734863281e+00,2.328991413116455078e+00,1.942824340820312500e+03
5.800000190734863281e+00,2.332956314086914062e+00,1.942909423828125000e+03
5.800000190734863281e+00,2.337223529815673828e+00,1.942996582031250000e+03
5.800000190734863281e+00,2.341810226440429688e+00,1.943086181640625000e+03
5.800000190734863281e+00,2.346735239028930664e+00,1.943178222656250000e+03
5.800000190734863281e+00,2.352019071578979492e+00,1.943273071289062500e+03
5.800000190734863281e+00,2.357685565948486328e+00,1.943370849609375000e+03
5.800000190734863281e+00,2.363759994506835938e+00,1.943471923828125000e+03
5.800000190734863281e+00,2.370271205902099609e+00,1.943576660156250000e+03
5.800000190734863281e+00,2.377251148223876953e+00,1.943685180664062500e+03
5.800000190734863281e+00,2.384735584259033203e+00,1.943797851562500000e+03
5.800000190734863281e+00,2.392764329910278320e+00,1.943915283203125000e+03
5.800000190734863281e+00,2.401382207870483398e+00,1.944037719726562500e+03
5.800000190734863281e+00,2.410639762878417969e+00,1.944165771484375000e+03
5.800000190734863281e+00,2.420593738555908203e+00,1.944300048828125000e+03
5.800000190734863281e+00,2.431308269500732422e+00,1.944440917968750000e+03
5.800000190734863281e+00,2.442857027053833008e+00,1.944589355468750000e+03
5.800000190734863281e+00,2.455322980880737305e+00,1.944745971679687500e+03
5.800000190734863281e+00,2.468801736831665039e+00,1.944911865234375000e+03
5.800000190734863281e+00,2.483402729034423828e+00,1.945087890625000000e+03
5.800000190734863281e+00,2.499253034591674805e+00,1.945275390625000000e+03
5.800000190734863281e+00,2.516499519348144531e+00,1.945475708007812500e+03
5.800000190734863281e+00,2.535314083099365234e+00,1.945690551757812500e+03
5.800000190734863281e+00,2.555898904800415039e+00,1.945921630859375000e+03
5.800000190734863281e+00,2.578492641448974609e+00,1.946171508789062500e+03
5.800000190734863281e+00,2.603379487991333008e+00,1.946442749023437500e+03
5.800000190734863281e+00,2.630900859832763672e+00,1.946738403320312500e+03
5.800000190734863281e+00,2.661470413208007812e+00,1.947062622070312500e+03
5.800000190734863281e+00,2.695593833923339844e+00,1.947420043945312500e+03
5.800000190734863281e+00,2.733895301818847656e+00,1.947816650390625000e+03
5.800000190734863281e+00,2.777155876159667969e+00,1.948259765625000000e+03
5.800000190734863281e+00,2.826364994049072266e+00,1.948758666992187500e+03
5.800000190734863281e+00,2.882794857025146484e+00,1.949325439453125000e+03
5.800000190734863281e+00,2.948109626770019531e+00,1.949975708007812500e+03
2.000000476837158203e-01,2.948109388351440430e+00,1.949975708007812500e+03
2.000002861022949219e-01,2.882794857025146484e+00,1.949325439453125000e+03
2.000002861022949219e-01,2.826364755630493164e+00,1.948758666992187500e+03
2.000000476837158203e-01,2.777155637741088867e+00,1.948259765625000000e+03
1.999998092651367188e-01,2.733895063400268555e+00,1.947816650390625000e+03
2.000000476837158203e-01,2.695593595504760742e+00,1.947420043945312500e+03
2.000002861022949219e-01,2.661470413208007812e+00,1.947062622070312500e+03
2.000000476837158203e-01,2.630900859832763672e+00,1.946738403320312500e+03
2.000002861022949219e-01,2.603379249572753906e+00,1.946442749023437500e+03
2.000000476837158203e-01,2.578492641448974609e+00,1.946171508789062500e+03
2.000002861022949219e-01,2.555898904800415039e+00,1.945921630859375000e+03
1.999998092651367188e-01,2.535314083099365234e+00,1.945690551757812500e+03
2.000002861022949219e-01,2.516499519348144531e+00,1.945475708007812500e+03
2.000000476837158203e-01,2.499252796173095703e+00,1.945275390625000000e+03
2.000002861022949219e-01,2.483402729034423828e+00,1.945087890625000000e+03
2.000000476837158203e-01,2.468801736831665039e+00,1.944911865234375000e+03
2.000000476837158203e-01,2.455322980880737305e+00,1.944745971679687500e+03
2.000000476837158203e-01,2.442857027053833008e+00,1.944589355468750000e+03
2.000005245208740234e-01,2.431308269500732422e+00,1.944440917968750000e+03
2.000000476837158203e-01,2.420593738555908203e+00,1.944300048828125000e+03
2.000000476837158203e-01,2.410639762878417969e+00,1.944165771484375000e+03
1.999998092651367188e-01,2.401382207870483398e+00,1.944037719726562500e+03
2.000000476837158203e-01,2.392764329910278320e+00,1.943915283203125000e+03
2.000000476837158203e-01,2.384735584259033203e+00,1.943797851562500000e+03
2.000002861022949219e-01,2.377251148223876953e+00,1.943685180664062500e+03
2.000000476837158203e-01,2.370271205902099609e+00,1.943576660156250000e+03
2.000000476837158203e-01,2.363759994506835938e+00,1.943471923828125000e+03
1.999998092651367188e-01,2.357685565948486328e+00,1.943370849609375000e+03
2.000000476837158203e-01,2.352019071578979492e+00,1.943273071289062500e+03
1.999998092651367188e-01,2.346735000610351562e+00,1.943178222656250000e+03
2.000000476837158203e-01,2.341810226440429688e+00,1.943086181640625000e+03
2.000002861022949219e-01,2.337223529815673828e+00,1.942996582031250000e+03
2.000002861022949219e-01,2.332956314086914062e+00,1.942909423828125000e+03
2.000002861022949219e-01,2.328991413116455078e+00,1.942824340820312500e+03
2.000000476837158203e-01,2.325313329696655273e+00,1.942741210937500000e+03
2.000000476837158203e-01,2.321908473968505859e+00,1.942659790039062500e+03
2.000000476837158203e-01,2.318764209747314453e+00,1.942580078125000000e+03
2.000000476837158203e-01,2.315869092941284180e+00,1.942501831054687500e+03
2.000002861022949219e-01,2.313213109970092773e+00,1.942425048828125000e+03
2.000000476837158203e-01,2.310786962509155273e+00,1.942349365234375000e+03
2.000000476837158203e-01,2.308582782745361328e+00,1.942274902343750000e+03
2.000000476837158203e-01,2.306592702865600586e+00,1.942201416015625000e+03
1.999998092651367188e-01,2.304811000823974609e+00,1.942128784179687500e+03
2.000000476837158203e-01,2.303231000900268555e+00,1.942057006835937500e+03
1.999998092651367188e-01,2.301848649978637695e+00,1.941985839843750000e+03
2.000000476837158203e-01,2.300658702850341797e+00,1.941915283203125000e+03
2.000000476837158203e-01,2.299658298492431641e+00,1.941845336914062500e+03
2.000000476837158203e-01,2.298843622207641602e+00,1.941775756835937500e+03
2.000000476837158203e-01,2.298212528228759766e+00,1.941706542968750000e+03
1.999998092651367188e-01,2.297763347625732422e+00,1.941637573242187500e+03
1.999998092651367188e-01,2.297494173049926758e+00,1.941568725585937500e+03
2.000000476837158203e-01,2.297404527664184570e+00,1.941500000000000000e+03
1.999998092651367188e-01,2.297494173049926758e+00,1.941431274414062500e+03
1.999998092651367188e-01,2.297763347625732422e+00,1.941362426757812500e+03
2.000000476837158203e-01,2.298212528228759766e+00,1.941293457031250000e+03
2.000000476837158203e-01,2.298843622207641602e+00,1.941224243164062500e+03
2.000000476837158203e-01,2.299658298492431641e+00,1.941154663085937500e+03
2.000000476837158203e-01,2.300658702850341797e+00,1.941084716796875000e+03
1.999998092651367188e-01,2.301848649978637695e+00,1.941014160156250000e+03
2.000000476837158203e-01,2.303231000900268555e+00,1.940942993164062500e+03
1.999998092651367188e-01,2.304811000823974609e+00,1.940871215820312500e+03
2.000000476837158203e-01,2.306592702865600586e+00,1.940798583984375000e+03
2.000000476837158203e-01,2.308582782745361328e+00,1.940725097656250000e+03
2.000000476837158203e-01,2.310786962509155273e+00,1.940650634765625000e+03
2.000002861022949219e-01,2.313213109970092773e+00,1.940574951171875000e+03
2.000000476837158203e-01,2.315869092941284180e+00,1.940498168945312500e+03
2.000000476837158203e-01,2.318764209747314453e+00,1.940419921875000000e+03
2.000000476837158203e-01,2.321908473968505859e+00,1.940340209960937500e+03
2.000000476837158203e-01,2.325313329696655273e+00,1.940258789062500000e+03
2.000002861022949219e-01,2.328991413116455078e+00,1.940175659179687500e+03
2.000002861022949219e-01,2.332956314086914062e+00,1.940090576171875000e+03
2.000002861022949219e-01,2.337223529815673828e+00,1.940003417968750000e+03
2.000000476837158203e-01,2.341810226440429688e+00,1.939913818359375000e+03
1.999998092651367188e-01,2.346735000610351562e+00,1.939821777343750000e+03
2.000000476837158203e-01,2.352019071578979492e+00,1.939726928710937500e+03
1.999998092651367188e-01,2.357685565948486328e+00,1.939629150390625000e+03
2.000000476837158203e-01,2.363759994506835938e+00,1.939528076171875000e+03
2.000000476837158203e-01,2.370271205902099609e+00,1.939423339843750000e+03
2.000002861022949219e-01,2.377251148223876953e+00,1.939314819335937500e+03
2.000000476837158203e-01,2.384735584259033203e+00,1.939202148437500000e+03
2.000000476837158203e-01,2.392764329910278320e+00,1.939084716796875000e+03
1.999998092651367188e-01,2.401382207870483398e+00,1.938962280273437500e+03
2.000000476837158203e-01,2.410639762878417969e+00,1.938834228515625000e+03
2.000000476837158203e-01,2.420593738555908203e+00,1.938699951171875000e+03
2.000005245208740234e-01,2.431308269500732422e+00,1.938559082031250000e+03
2.000000476837158203e-01,2.442857027053833008e+00,1.938410644531250000e+03
2.000000476837158203e-01,2.455322980880737305e+00,1.938254028320312500e+03
2.000000476837158203e-01,2.468801736831665039e+00,1.938088134765625000e+03
2.000002861022949219e-01,2.483402729034423828e+00,1.937912109375000000e+03
2.000000476837158203e-01,2.499252796173095703e+00,1.937724609375000000e+03
2.000002861022949219e-01,2.516499519348144531e+00,1.937524291992187500e+03
1.999998092651367188e-01,2.535314083099365234e+00,1.937309448242187500e+03
2.000002861022949219e-01,2.555898904800415039e+00,1.937078369140625000e+03
2.000000476837158203e-01,2.578492641448974609e+00,1.936828491210937500e+03
2.000002861022949219e-01,2.603379249572753906e+00,1.936557250976562500e+03
2.000000476837158203e-01,2.630900859832763672e+00,1.936261596679687500e+03
2.000002861022949219e-01,2.661470413208007812e+00,1.935937377929687500e+03
2.000000476837158203e-01,2.695593595504760742e+00,1.935579956054687500e+03
1.999998092651367188e-01,2.733895063400268555e+00,1.935183349609375000e+03
2.000000476837158203e-01,2.777155637741088867e+00,1.934740234375000000e+03
2.000002861022949219e-01,2.826364755630493164e+00,1.934241333007812500e+03
2.000002861022949219e-01,2.882794857025146484e+00,1.933674560546875000e+03
2.000000476837158203e-01,2.948109388351440430e+00,1.933024291992187500e+03
5.800000190734863281e+00,2.948109626770019531e+00,1.933024291992187500e+03
5.800000190734863281e+00,2.882794857025146484e+00,1.933674560546875000e+03
5.800000190734863281e+00,2.826364994049072266e+00,1.934241333007812500e+03
5.800000190734863281e+00,2.777155876159667969e+00,1.934740234375000000e+03
5.800000190734863281e+00,2.733895301818847656e+00,1.935183349609375000e+03
5.800000190734863281e+00,2.695593833923339844e+00,1.935579956054687500e+03
5.800000190734863281e+00,2.661470413208007812e+00,1.935937377929687500e+03
5.800000190734863281e+00,2.630900859832763672e+00,1.936261596679687500e+03
5.800000190734863281e+00,2.603379487991333008e+00,1.936557250976562500e+03
5.800000190734863281e+00,2.578492641448974609e+00,1.936828491210937500e+03
5.800000190734863281e+00,2.555898904800415039e+00,1.937078369140625000e+03
5.800000190734863281e+00,2.535314083099365234e+00,1.937309448242187500e+03
5.800000190734863281e+00,2.516499519348144531e+00,1.937524291992187500e+03
5.800000190734863281e+00,2.499253034591674805e+00,1.937724609375000000e+03
5.800000190734863281e+00,2.483402729034423828e+00,1.937912109375000000e+03
5.800000190734863281e+00,2.468801736831665039e+00,1.938088134765625000e+03
5.800000190734863281e+00,2.455322980880737305e+00,1.938254028320312500e+03
5.800000190734863281e+00,2.442857027053833008e+00,1.938410644531250000e+03
5.800000190734863281e+00,2.431308269500732422e+00,1.938559082031250000e+03
5.800000190734863281e+00,2.420593738555908203e+00,1.938699951171875000e+03
5.800000190734863281e+00,2.410639762878417969e+00,1.938834228515625000e+03
5.800000190734863281e+00,2.401382207870483398e+00,1.938962280273437500e+03
5.800000190734863281e+00,2.392764329910278320e+00,1.939084716796875000e+03
5.800000190734863281e+00,2.384735584259033203e+00,1.939202148437500000e+03
5.800000190734863281e+00,2.377251148223876953e+00,1.939314819335937500e+03
5.800000190734863281e+00,2.370271205902099609e+00,1.939423339843750000e+03
5.800000190734863281e+00,2.363759994506835938e+00,1.939528076171875000e+03
5.800000190734863281e+00,2.357685565948486328e+00,1.939629150390625000e+03
5.800000190734863281e+00,2.352019071578979492e+00,1.939726928710937500e+03
5.800000190734863281e+00,2.346735239028930664e+00,1.939821777343750000e+03
5.800000190734863281e+00,2.341810226440429688e+00,1.939913818359375000e+03
5.800000190734863281e+00,2.337223529815673828e+00,1.940003417968750000e+03
5.800000190734863281e+00,2.332956314086914062e+00,1.940090576171875000e+03
5.800000190734863281e+00,2.328991413116455078e+00,1.940175659179687500e+03
5.800000190734863281e+00,2.325313329696655273e+00,1.940258789062500000e+03
5.800000190734863281e+00,2.321908473968505859e+00,1.940340209960937500e+03
5.800000190734863281e+00,2.318764209747314453e+00,1.940419921875000000e+03
5.800000190734863281e+00,2.315869092941284180e+00,1.940498168945312500e+03
5.800000190734863281e+00,2.313213109970092773e+00,1.940574951171875000e+03
5.800000190734863281e+00,2.310786962509155273e+00,1.940650634765625000e+03
5.800000190734863281e+00,2.308582782745361328e+00,1.940725097656250000e+03
5.800000190734863281e+00,2.306592941284179688e+00,1.940798583984375000e+03
5.800000190734863281e+00,2.304811000823974609e+00,1.940871215820312500e+03
5.800000190734863281e+00,2.303231239318847656e+00,1.940942993164062500e+03
5.800000190734863281e+00,2.301848649978637695e+00,1.941014160156250000e+03
5.800000190734863281e+00,2.300658702850341797e+00,1.941084716796875000e+03
5.800000190734863281e+00,2.299658298492431641e+00,1.941154663085937500e+03
5.800000190734863281e+00,2.298843622207641602e+00,1.941224243164062500e+03
5.800000190734863281e+00,2.298212766647338867e+00,1.941293457031250000e+03
5.800000190734863281e+00,2.297763347625732422e+00,1.941362426757812500e+03
5.800000190734863281e+00,2.297494173049926758e+00,1.941431274414062500e+03
5.800000190734863281e+00,2.352002382278442383e+00,1.941500000000000000e+03
5.800000190734863281e+00,2.352108478546142578e+00,1.941568725585937500e+03
5.800000190734863281e+00,2.352426767349243164e+00,1.941637573242187500e+03
5.800000190734863281e+00,2.352958679199218750e+00,1.941706542968750000e+03
5.800000190734863281e+00,2.353705406188964844e+00,1.941775756835937500e+03
5.800000190734863281e+00,2.354669570922851562e+00,1.941845336914062500e+03
5.800000190734863281e+00,2.355853796005249023e+00,1.941915283203125000e+03
5.800000190734863281e+00,2.357262134552001953e+00,1.941985839843750000e+03
5.800000190734863281e+00,2.358898401260375977e+00,1.942057006835937500e+03
5.800000190734863281e+00,2.360768318176269531e+00,1.942128784179687500e+03
5.800000190734863281e+00,2.362877368927001953e+00,1.942201416015625000e+03
5.800000190734863281e+00,2.365232467651367188e+00,1.942274902343750000e+03
5.800000190734863281e+00,2.367841482162475586e+00,1.942349365234375000e+03
5.800000190734863281e+00,2.370712757110595703e+00,1.942425048828125000e+03
5.800000190734863281e+00,2.373856544494628906e+00,1.942501831054687500e+03
5.800000190734863281e+00,2.377283096313476562e+00,1.942580078125000000e+03
5.800000190734863281e+00,2.381004571914672852e+00,1.942659790039062500e+03
5.800000190734863281e+00,2.385034561157226562e+00,1.942741210937500000e+03
5.800000190734863281e+00,2.389387607574462891e+00,1.942824340820312500e+03
5.800000190734863281e+00,2.394080638885498047e+00,1.942909423828125000e+03
5.800000190734863281e+00,2.399131298065185547e+00,1.942996582031250000e+03
5.800000190734863281e+00,2.404559850692749023e+00,1.943086181640625000e+03
5.800000190734863281e+00,2.410388946533203125e+00,1.943178222656250000e+03
5.800000190734863281e+00,2.416642904281616211e+00,1.943273071289062500e+03
5.800000190734863281e+00,2.423349618911743164e+00,1.943370849609375000e+03
5.800000190734863281e+00,2.430539131164550781e+00,1.943471923828125000e+03
5.800000190734863281e+00,2.438245773315429688e+00,1.943576660156250000e+03
5.800000190734863281e+00,2.446507215499877930e+00,1.943685180664062500e+03
5.800000190734863281e+00,2.455365419387817383e+00,1.943797851562500000e+03
5.800000190734863281e+00,2.464868068695068359e+00,1.943915283203125000e+03
5.800000190734863281e+00,2.475068092346191406e+00,1.944037719726562500e+03
5.800000190734863281e+00,2.486025094985961914e+00,1.944165771484375000e+03
5.800000190734863281e+00,2.497806310653686523e+00,1.944300048828125000e+03
5.800000667572021484e+00,2.510488271713256836e+00,1.944440917968750000e+03
5.800000190734863281e+00,2.524157047271728516e+00,1.944589355468750000e+03
5.800000190734863281e+00,2.538911342620849609e+00,1.944745971679687500e+03
5.800000190734863281e+00,2.554864406585693359e+00,1.944911865234375000e+03
5.800000190734863281e+00,2.572145938873291016e+00,1.945087890625000000e+03
5.800000190734863281e+00,2.590906143188476562e+00,1.945275390625000000e+03
5.800000190734863281e+00,2.611318588256835938e+00,1.945475708007812500e+03
5.800000190734863281e+00,2.633587360382080078e+00,1.945690551757812500e+03
5.800000190734863281e+00,2.657951116561889648e+00,1.945921630859375000e+03
5.800000190734863281e+00,2.684692382812500000e+00,1.946171508789062500e+03
5.800000190734863281e+00,2.714148044586181641e+00,1.946442749023437500e+03
5.800000190734863281e+00,2.746721982955932617e+00,1.946738403320312500e+03
5.800000190734863281e+00,2.782903432846069336e+00,1.947062622070312500e+03
5.800000190734863281e+00,2.823291063308715820e+00,1.947420043945312500e+03
5.800000190734863281e+00,2.868623971939086914e+00,1.947816650390625000e+03
5.800000190734863281e+00,2.919826269149780273e+00,1.948259765625000000e+03
5.800000190734863281e+00,2.978069305419921875e+00,1.948758789062500000e+03
1.999998092651367188e-01,2.978069305419921875e+00,1.948758666992187500e+03
2.000000476837158203e-01,2.919826269149780273e+00,1.948259765625000000e+03
1.999998092651367188e-01,2.868623733520507812e+00,1.947816650390625000e+03
1.999998092651367188e-01,2.823291063308715820e+00,1.947420043945312500e+03
2.000000476837158203e-01,2.782903432846069336e+00,1.947062622070312500e+03
1.999998092651367188e-01,2.746721982955932617e+00,1.946738403320312500e+03
2.000002861022949219e-01,2.714148044586181641e+00,1.946442749023437500e+03
1.999998092651367188e-01,2.684692382812500000e+00,1.946171508789062500e+03
1.999998092651367188e-01,2.657951116561889648e+00,1.945921630859375000e+03
1.999998092651367188e-01,2.633587360382080078e+00,1.945690551757812500e+03
1.999998092651367188e-01,2.611318588256835938e+00,1.945475708007812500e+03
2.000002861022949219e-01,2.590905904769897461e+00,1.945275390625000000e+03
2.000000476837158203e-01,2.572145938873291016e+00,1.945087890625000000e+03
2.000002861022949219e-01,2.554864406585693359e+00,1.944911865234375000e+03
2.000000476837158203e-01,2.538911342620849609e+00,1.944745971679687500e+03
2.000000476837158203e-01,2.524156808853149414e+00,1.944589355468750000e+03
1.999995708465576172e-01,2.510488033294677734e+00,1.944440917968750000e+03
2.000000476837158203e-01,2.497806310653686523e+00,1.944300048828125000e+03
2.000000476837158203e-01,2.486025094985961914e+00,1.944165771484375000e+03
2.000000476837158203e-01,2.475068092346191406e+00,1.944037719726562500e+03
1.999998092651367188e-01,2.464868068695068359e+00,1.943915283203125000e+03
2.000000476837158203e-01,2.455365419387817383e+00,1.943797851562500000e+03
2.000000476837158203e-01,2.446506977081298828e+00,1.943685180664062500e+03
1.999998092651367188e-01,2.438245773315429688e+00,1.943576660156250000e+03
1.999998092651367188e-01,2.430539131164550781e+00,1.943471923828125000e+03
2.000000476837158203e-01,2.423349618911743164e+00,1.943370849609375000e+03
2.000000476837158203e-01,2.416642904281616211e+00,1.943273071289062500e+03
2.000002861022949219e-01,2.410388946533203125e+00,1.943178222656250000e+03
1.999998092651367188e-01,2.404559850692749023e+00,1.943086181640625000e+03
2.000000476837158203e-01,2.399131059646606445e+00,1.942996582031250000e+03
2.000000476837158203e-01,2.394080400466918945e+00,1.942909423828125000e+03
2.000000476837158203e-01,2.389387607574462891e+00,1.942824340820312500e+03
2.000000476837158203e-01,2.385034561157226562e+00,1.942741210937500000e+03
2.000000476837158203e-01,2.381004571914672852e+00,1.942659790039062500e+03
2.000000476837158203e-01,2.377282857894897461e+00,1.942580078125000000e+03
1.999998092651367188e-01,2.373856544494628906e+00,1.942501831054687500e+03
2.000000476837158203e-01,2.370712757110595703e+00,1.942425048828125000e+03
2.000000476837158203e-01,2.367841243743896484e+00,1.942349365234375000e+03
2.000000476837158203e-01,2.365232467651367188e+00,1.942274902343750000e+03
2.000000476837158203e-01,2.362877130508422852e+00,1.942201416015625000e+03
2.000000476837158203e-01,2.360768079757690430e+00,1.942128784179687500e+03
2.000000476837158203e-01,2.358898401260375977e+00,1.942057006835937500e+03
1.999998092651367188e-01,2.357262134552001953e+00,1.941985839843750000e+03
1.999998092651367188e-01,2.355853796005249023e+00,1.941915283203125000e+03
2.000000476837158203e-01,2.354669570922851562e+00,1.941845336914062500e+03
2.000000476837158203e-01,2.353705406188964844e+00,1.941775756835937500e+03
2.000002861022949219e-01,2.352958679199218750e+00,1.941706542968750000e+03
2.000000476837158203e-01,2.352426767349243164e+00,1.941637573242187500e+03
2.000000476837158203e-01,2.352108240127563477e+00,1.941568725585937500e+03
1.999998092651367188e-01,2.352002382278442383e+00,1.941500000000000000e+03
2.000000476837158203e-01,2.352108240127563477e+00,1.941431274414062500e+03
2.000000476837158203e-01,2.352426767349243164e+00,1.941362426757812500e+03
2.000002861022949219e-01,2.352958679199218750e+00,1.941293457031250000e+03
2.000000476837158203e-01,2.353705406188964844e+00,1.941224243164062500e+03
2.000000476837158203e-01,2.354669570922851562e+00,1.941154663085937500e+03
1.999998092651367188e-01,2.355853796005249023e+00,1.941084716796875000e+03
1.999998092651367188e-01,2.357262134552001953e+00,1.941014160156250000e+03
2.000000476837158203e-01,2.358898401260375977e+00,1.940942993164062500e+03
2.000000476837158203e-01,2.360768079757690430e+00,1.940871215820312500e+03
2.000000476837158203e-01,2.362877130508422852e+00,1.940798583984375000e+03
2.000000476837158203e-01,2.365232467651367188e+00,1.940725097656250000e+03
2.000000476837158203e-01,2.367841243743896484e+00,1.940650634765625000e+03
2.000000476837158203e-01,2.370712757110595703e+00,1.940574951171875000e+03
1.999998092651367188e-01,2.373856544494628906e+00,1.940498168945312500e+03
2.000000476837158203e-01,2.377282857894897461e+00,1.940419921875000000e+03
2.000000476837158203e-01,2.381004571914672852e+00,1.940340209960937500e+03
2.000000476837158203e-01,2.385034561157226562e+00,1.940258789062500000e+03
2.000000476837158203e-01,2.389387607574462891e+00,1.940175659179687500e+03
2.000000476837158203e-01,2.394080400466918945e+00,1.940090576171875000e+03
2.000000476837158203e-01,2.399131059646606445e+00,1.940003417968750000e+03
1.999998092651367188e-01,2.404559850692749023e+00,1.939913818359375000e+03
2.000002861022949219e-01,2.410388946533203125e+00,1.939821777343750000e+03
2.000000476837158203e-01,2.416642904281616211e+00,1.939726928710937500e+03
2.000000476837158203e-01,2.423349618911743164e+00,1.939629150390625000e+03
1.999998092651367188e-01,2.430539131164550781e+00,1.939528076171875000e+03
1.999998092651367188e-01,2.438245773315429688e+00,1.939423339843750000e+03
2.000000476837158203e-01,2.446506977081298828e+00,1.939314819335937500e+03
2.000000476837158203e-01,2.455365419387817383e+00,1.939202148437500000e+03
1.999998092651367188e-01,2.464868068695068359e+00,1.939084716796875000e+03
2.000000476837158203e-01,2.475068092346191406e+00,1.938962280273437500e+03
2.000000476837158203e-01,2.486025094985961914e+00,1.938834228515625000e+03
2.000000476837158203e-01,2.497806310653686523e+00,1.938699951171875000e+03
1.999995708465576172e-01,2.510488033294677734e+00,1.938559082031250000e+03
2.000000476837158203e-01,2.524156808853149414e+00,1.938410644531250000e+03
2.000000476837158203e-01,2.538911342620849609e+00,1.938254028320312500e+03
2.000002861022949219e-01,2.554864406585693359e+00,1.938088134765625000e+03
2.000000476837158203e-01,2.572145938873291016e+00,1.937912109375000000e+03
2.000002861022949219e-01,2.590905904769897461e+00,1.937724609375000000e+03
1.999998092651367188e-01,2.611318588256835938e+00,1.937524291992187500e+03
1.999998092651367188e-01,2.633587360382080078e+00,1.937309448242187500e+03
1.999998092651367188e-01,2.657951116561889648e+00,1.937078369140625000e+03
1.999998092651367188e-01,2.684692382812500000e+00,1.936828491210937500e+03
2.000002861022949219e-01,2.714148044586181641e+00,1.936557250976562500e+03
1.999998092651367188e-01,2.746721982955932617e+00,1.936261596679687500e+03
2.000000476837158203e-01,2.782903432846069336e+00,1.935937377929687500e+03
1.999998092651367188e-01,2.823291063308715820e+00,1.935579956054687500e+03
1.999998092651367188e-01,2.868623733520507812e+00,1.935183349609375000e+03
2.000000476837158203e-01,2.919826269149780273e+00,1.934740234375000000e+03
1.999998092651367188e-01,2.978069305419921875e+00,1.934241333007812500e+03
5.800000190734863281e+00,2.978069305419921875e+00,1.934241210937500000e+03
5.800000190734863281e+00,2.919826269149780273e+00,1.934740234375000000e+03
5.800000190734863281e+00,2.868623971939086914e+00,1.935183349609375000e+03
5.800000190734863281e+00,2.823291063308715820e+00,1.935579956054687500e+03
5.800000190734863281e+00,2.782903432846069336e+00,1.935937377929687500e+03
5.800000190734863281e+00,2.746721982955932617e+00,1.936261596679687500e+03
5.800000190734863281e+00,2.714148044586181641e+00,1.936557250976562500e+03
5.800000190734863281e+00,2.684692382812500000e+00,1.936828491210937500e+03
5.800000190734863281e+00,2.657951116561889648e+00,1.937078369140625000e+03
5.800000190734863281e+00,2.633587360382080078e+00,1.937309448242187500e+03
5.800000190734863281e+00,2.611318588256835938e+00,1.937524291992187500e+03
5.800000190734863281e+00,2.590906143188476562e+00,1.937724609375000000e+03
5.800000190734863281e+00,2.572145938873291016e+00,1.937912109375000000e+03
5.800000190734863281e+00,2.554864406585693359e+00,1.938088134765625000e+03
5.800000190734863281e+00,2.538911342620849609e+00,1.938254028320312500e+03
5.800000190734863281e+00,2.524157047271728516e+00,1.938410644531250000e+03
5.800000667572021484e+00,2.510488271713256836e+00,1.938559082031250000e+03
5.800000190734863281e+00,2.497806310653686523e+00,1.938699951171875000e+03
5.800000190734863281e+00,2.486025094985961914e+00,1.938834228515625000e+03
5.800000190734863281e+00,2.475068092346191406e+00,1.938962280273437500e+03
5.800000190734863281e+00,2.464868068695068359e+00,1.939084716796875000e+03
5.800000190734863281e+00,2.455365419387817383e+00,1.939202148437500000e+03
5.800000190734863281e+00,2.446507215499877930e+00,1.939314819335937500e+03
5.800000190734863281e+00,2.438245773315429688e+00,1.939423339843750000e+03
5.800000190734863281e+00,2.430539131164550781e+00,1.939528076171875000e+03
5.800000190734863281e+00,2.423349618911743164e+00,1.939629150390625000e+03
5.800000190734863281e+00,2.416642904281616211e+00,1.939726928710937500e+03
5.800000190734863281e+00,2.410388946533203125e+00,1.939821777343750000e+03
5.800000190734863281e+00,2.404559850692749023e+00,1.939913818359375000e+03
5.800000190734863281e+00,2.399131298065185547e+00,1.940003417968750000e+03
5.800000190734863281e+00,2.394080638885498047e+00,1.940090576171875000e+03
5.800000190734863281e+00,2.389387607574462891e+00,1.940175659179687500e+03
5.800000190734863281e+00,2.385034561157226562e+00,1.940258789062500000e+03
5.800000190734863281e+00,2.381004571914672852e+00,1.940340209960937500e+03
5.800000190734863281e+00,2.377283096313476562e+00,1.940419921875000000e+03
5.800000190734863281e+00,2.373856544494628906e+00,1.940498168945312500e+03
5.800000190734863281e+00,2.370712757110595703e+00,1.940574951171875000e+03
5.800000190734863281e+00,2.367841482162475586e+00,1.940650634765625000e+03
5.800000190734863281e+00,2.365232467651367188e+00,1.940725097656250000e+03
5.800000190734863281e+00,2.362877368927001953e+00,1.940798583984375000e+03
5.800000190734863281e+00,2.360768318176269531e+00,1.940871215820312500e+03
5.800000190734863281e+00,2.358898401260375977e+00,1.940942993164062500e+03
5.800000190734863281e+00,2.357262134552001953e+00,1.941014160156250000e+03
5.800000190734863281e+00,2.355853796005249023e+00,1.941084716796875000e+03
5.800000190734863281e+00,2.354669570922851562e+00,1.941154663085937500e+03
5.800000190734863281e+00,2.353705406188964844e+00,1.941224243164062500e+03
5.800000190734863281e+00,2.352958679199218750e+00,1.941293457031250000e+03
5.800000190734863281e+00,2.352426767349243164e+00,1.941362426757812500e+03
5.800000190734863281e+00,2.352108478546142578e+00,1.941431274414062500e+03
5.800000190734863281e+00,2.406864643096923828e+00,1.941500000000000000e+03
5.800000190734863281e+00,2.406987190246582031e+00,1.941568725585937500e+03
5.800000190734863281e+00,2.407355308532714844e+00,1.941637573242187500e+03
5.800000190734863281e+00,2.407970190048217773e+00,1.941706542968750000e+03
5.800000190734863281e+00,2.408833503723144531e+00,1.941775756835937500e+03
5.800000190734863281e+00,2.409947633743286133e+00,1.941845336914062500e+03
5.800000190734863281e+00,2.411316633224487305e+00,1.941915283203125000e+03
5.800000190734863281e+00,2.412944316864013672e+00,1.941985839843750000e+03
5.800000190734863281e+00,2.414835691452026367e+00,1.942057006835937500e+03
5.800000667572021484e+00,2.416996955871582031e+00,1.942128784179687500e+03
5.800000190734863281e+00,2.419434785842895508e+00,1.942201416015625000e+03
5.800000190734863281e+00,2.422157049179077148e+00,1.942274902343750000e+03
5.800000190734863281e+00,2.425172567367553711e+00,1.942349365234375000e+03
5.800000190734863281e+00,2.428491592407226562e+00,1.942425048828125000e+03
5.800000190734863281e+00,2.432125091552734375e+00,1.942501831054687500e+03
5.800000190734863281e+00,2.436085700988769531e+00,1.942580078125000000e+03
5.800000190734863281e+00,2.440387248992919922e+00,1.942659790039062500e+03
5.800000190734863281e+00,2.445045232772827148e+00,1.942741210937500000e+03
5.800000190734863281e+00,2.450077056884765625e+00,1.942824340820312500e+03
5.800000190734863281e+00,2.455501317977905273e+00,1.942909423828125000e+03
5.800000190734863281e+00,2.461338996887207031e+00,1.942996582031250000e+03
5.800000190734863281e+00,2.467613935470581055e+00,1.943086181640625000e+03
5.800000190734863281e+00,2.474351406097412109e+00,1.943178222656250000e+03
5.800000190734863281e+00,2.481580257415771484e+00,1.943273071289062500e+03
5.800000190734863281e+00,2.489332199096679688e+00,1.943370849609375000e+03
5.800000190734863281e+00,2.497642278671264648e+00,1.943471923828125000e+03
5.800000190734863281e+00,2.506550073623657227e+00,1.943576660156250000e+03
5.800000190734863281e+00,2.516098976135253906e+00,1.943685180664062500e+03
5.800000190734863281e+00,2.526338100433349609e+00,1.943797851562500000e+03
5.800000190734863281e+00,2.537321567535400391e+00,1.943915283203125000e+03
5.800000190734863281e+00,2.549111366271972656e+00,1.944037719726562500e+03
5.800000190734863281e+00,2.561776161193847656e+00,1.944165771484375000e+03
5.800000190734863281e+00,2.575393676757812500e+00,1.944300048828125000e+03
5.800000190734863281e+00,2.590052127838134766e+00,1.944440917968750000e+03
5.800000190734863281e+00,2.605851173400878906e+00,1.944589355468750000e+03
5.800000667572021484e+00,2.622905254364013672e+00,1.944745971679687500e+03
5.800000190734863281e+00,2.641344785690307617e+00,1.944911865234375000e+03
5.800000190734863281e+00,2.661319732666015625e+00,1.945087890625000000e+03
5.800000190734863281e+00,2.683003664016723633e+00,1.945275390625000000e+03
5.800000190734863281e+00,2.706597805023193359e+00,1.945475708007812500e+03
5.800000190734863281e+00,2.732337236404418945e+00,1.945690551757812500e+03
5.800000190734863281e+00,2.760498285293579102e+00,1.945921630859375000e+03
5.800000190734863281e+00,2.791407585144042969e+00,1.946171508789062500e+03
5.800000190734863281e+00,2.825453996658325195e+00,1.946442749023437500e+03
5.800000190734863281e+00,2.863104820251464844e+00,1.946738403320312500e+03
5.800000190734863281e+00,2.904925584793090820e+00,1.947062622070312500e+03
5.800000190734863281e+00,2.951607942581176758e+00,1.947420043945312500e+03
1.999998092651367188e-01,2.951607704162597656e+00,1.947420043945312500e+03
2.000000476837158203e-01,2.904925346374511719e+00,1.947062622070312500e+03
2.000000476837158203e-01,2.863104581832885742e+00,1.946738403320312500e+03
2.000000476837158203e-01,2.825453996658325195e+00,1.946442749023437500e+03
2.000000476837158203e-01,2.791407346725463867e+00,1.946171508789062500e+03
2.000000476837158203e-01,2.760498046875000000e+00,1.945921630859375000e+03
2.000000476837158203e-01,2.732337236404418945e+00,1.945690551757812500e+03
2.000002861022949219e-01,2.706597566604614258e+00,1.945475708007812500e+03
2.000000476837158203e-01,2.683003425598144531e+00,1.945275390625000000e+03
2.000000476837158203e-01,2.661319732666015625e+00,1.945087890625000000e+03
2.000000476837158203e-01,2.641344547271728516e+00,1.944911865234375000e+03
2.000000476837158203e-01,2.622905254364013672e+00,1.944745971679687500e+03
2.000000476837158203e-01,2.605851173400878906e+00,1.944589355468750000e+03
1.999998092651367188e-01,2.590051889419555664e+00,1.944440917968750000e+03
2.000000476837158203e-01,2.575393676757812500e+00,1.944300048828125000e+03
2.000000476837158203e-01,2.561776161193847656e+00,1.944165771484375000e+03
2.000002861022949219e-01,2.549111366271972656e+00,1.944037719726562500e+03
2.000002861022949219e-01,2.537321567535400391e+00,1.943915283203125000e+03
2.000000476837158203e-01,2.526337862014770508e+00,1.943797851562500000e+03
1.999998092651367188e-01,2.516098976135253906e+00,1.943685180664062500e+03
2.000000476837158203e-01,2.506549835205078125e+00,1.943576660156250000e+03
2.000002861022949219e-01,2.497642278671264648e+00,1.943471923828125000e+03
2.000002861022949219e-01,2.489331960678100586e+00,1.943370849609375000e+03
2.000000476837158203e-01,2.481580257415771484e+00,1.943273071289062500e+03
2.000000476837158203e-01,2.474351406097412109e+00,1.943178222656250000e+03
2.000002861022949219e-01,2.467613697052001953e+00,1.943086181640625000e+03
2.000000476837158203e-01,2.461338996887207031e+00,1.942996582031250000e+03
1.999998092651367188e-01,2.455501079559326172e+00,1.942909423828125000e+03
2.000002861022949219e-01,2.450076818466186523e+00,1.942824340820312500e+03
2.000002861022949219e-01,2.445045232772827148e+00,1.942741210937500000e+03
2.000000476837158203e-01,2.440387248992919922e+00,1.942659790039062500e+03
2.000000476837158203e-01,2.436085700988769531e+00,1.942580078125000000e+03
2.000000476837158203e-01,2.432125091552734375e+00,1.942501831054687500e+03
2.000002861022949219e-01,2.428491353988647461e+00,1.942425048828125000e+03
2.000002861022949219e-01,2.425172567367553711e+00,1.942349365234375000e+03
2.000000476837158203e-01,2.422156810760498047e+00,1.942274902343750000e+03
2.000000476837158203e-01,2.419434547424316406e+00,1.942201416015625000e+03
1.999998092651367188e-01,2.416996955871582031e+00,1.942128784179687500e+03
2.000000476837158203e-01,2.414835691452026367e+00,1.942057006835937500e+03
2.000000476837158203e-01,2.412944316864013672e+00,1.941985839843750000e+03
2.000000476837158203e-01,2.411316633224487305e+00,1.941915283203125000e+03
2.000000476837158203e-01,2.409947633743286133e+00,1.941845336914062500e+03
2.000000476837158203e-01,2.408833265304565430e+00,1.941775756835937500e+03
2.000000476837158203e-01,2.407970190048217773e+00,1.941706542968750000e+03
2.000000476837158203e-01,2.407355308532714844e+00,1.941637573242187500e+03
2.000002861022949219e-01,2.406987190246582031e+00,1.941568725585937500e+03
2.000002861022949219e-01,2.406864643096923828e+00,1.941500000000000000e+03
2.000002861022949219e-01,2.406987190246582031e+00,1.941431274414062500e+03
2.000000476837158203e-01,2.407355308532714844e+00,1.941362426757812500e+03
2.000000476837158203e-01,2.407970190048217773e+00,1.941293457031250000e+03
2.000000476837158203e-01,2.408833265304565430e+00,1.941224243164062500e+03
2.000000476837158203e-01,2.409947633743286133e+00,1.941154663085937500e+03
2.000000476837158203e-01,2.411316633224487305e+00,1.941084716796875000e+03
2.000000476837158203e-01,2.412944316864013672e+00,1.941014160156250000e+03
2.000000476837158203e-01,2.414835691452026367e+00,1.940942993164062500e+03
1.999998092651367188e-01,2.416996955871582031e+00,1.940871215820312500e+03
2.000000476837158203e-01,2.419434547424316406e+00,1.940798583984375000e+03
2.000000476837158203e-01,2.422156810760498047e+00,1.940725097656250000e+03
2.000002861022949219e-01,2.425172567367553711e+00,1.940650634765625000e+03
2.000002861022949219e-01,2.428491353988647461e+00,1.940574951171875000e+03
2.000000476837158203e-01,2.432125091552734375e+00,1.940498168945312500e+03
2.000000476837158203e-01,2.436085700988769531e+00,1.940419921875000000e+03
2.000000476837158203e-01,2.440387248992919922e+00,1.940340209960937500e+03
2.000002861022949219e-01,2.445045232772827148e+00,1.940258789062500000e+03
2.000002861022949219e-01,2.450076818466186523e+00,1.940175659179687500e+03
1.999998092651367188e-01,2.455501079559326172e+00,1.940090576171875000e+03
2.000000476837158203e-01,2.461338996887207031e+00,1.940003417968750000e+03
2.000002861022949219e-01,2.467613697052001953e+00,1.939913818359375000e+03
2.000000476837158203e-01,2.474351406097412109e+00,1.939821777343750000e+03
2.000000476837158203e-01,2.481580257415771484e+00,1.939726928710937500e+03
2.000002861022949219e-01,2.489331960678100586e+00,1.939629150390625000e+03
2.000002861022949219e-01,2.497642278671264648e+00,1.939528076171875000e+03
2.000000476837158203e-01,2.506549835205078125e+00,1.939423339843750000e+03
1.999998092651367188e-01,2.516098976135253906e+00,1.939314819335937500e+03
2.000000476837158203e-01,2.526337862014770508e+00,1.939202148437500000e+03
2.000002861022949219e-01,2.537321567535400391e+00,1.939084716796875000e+03
2.000002861022949219e-01,2.549111366271972656e+00,1.938962280273437500e+03
2.000000476837158203e-01,2.561776161193847656e+00,1.938834228515625000e+03
2.000000476837158203e-01,2.575393676757812500e+00,1.938699951171875000e+03
1.999998092651367188e-01,2.590051889419555664e+00,1.938559082031250000e+03
2.000000476837158203e-01,2.605851173400878906e+00,1.938410644531250000e+03
2.000000476837158203e-01,2.622905254364013672e+00,1.938254028320312500e+03
2.000000476837158203e-01,2.641344547271728516e+00,1.938088134765625000e+03
2.000000476837158203e-01,2.661319732666015625e+00,1.937912109375000000e+03
2.000000476837158203e-01,2.683003425598144531e+00,1.937724609375000000e+03
2.000002861022949219e-01,2.706597566604614258e+00,1.937524291992187500e+03
2.000000476837158203e-01,2.732337236404418945e+00,1.937309448242187500e+03
2.000000476837158203e-01,2.760498046875000000e+00,1.937078369140625000e+03
2.000000476837158203e-01,2.791407346725463867e+00,1.936828491210937500e+03
2.000000476837158203e-01,2.825453996658325195e+00,1.936557250976562500e+03
2.000000476837158203e-01,2.863104581832885742e+00,1.936261596679687500e+03
2.000000476837158203e-01,2.904925346374511719e+00,1.935937377929687500e+03
1.999998092651367188e-01,2.951607704162597656e+00,1.935579956054687500e+03
5.800000190734863281e+00,2.951607942581176758e+00,1.935579956054687500e+03
5.800000190734863281e+00,2.904925584793090820e+00,1.935937377929687500e+03
5.800000190734863281e+00,2.863104820251464844e+00,1.936261596679687500e+03
5.800000190734863281e+00,2.825453996658325195e+00,1.936557250976562500e+03
5.800000190734863281e+00,2.791407585144042969e+00,1.936828491210937500e+03
5.800000190734863281e+00,2.760498285293579102e+00,1.937078369140625000e+03
5.800000190734863281e+00,2.732337236404418945e+00,1.937309448242187500e+03
5.800000190734863281e+00,2.706597805023193359e+00,1.937524291992187500e+03
5.800000190734863281e+00,2.683003664016723633e+00,1.937724609375000000e+03
5.800000190734863281e+00,2.661319732666015625e+00,1.937912109375000000e+03
5.800000190734863281e+00,2.641344785690307617e+00,1.938088134765625000e+03
5.800000667572021484e+00,2.622905254364013672e+00,1.938254028320312500e+03
5.800000190734863281e+00,2.605851173400878906e+00,1.938410644531250000e+03
5.800000190734863281e+00,2.590052127838134766e+00,1.938559082031250000e+03
5.800000190734863281e+00,2.575393676757812500e+00,1.938699951171875000e+03
5.800000190734863281e+00,2.561776161193847656e+00,1.938834228515625000e+03
5.800000190734863281e+00,2.549111366271972656e+00,1.938962280273437500e+03
5.800000190734863281e+00,2.537321567535400391e+00,1.939084716796875000e+03
5.800000190734863281e+00,2.526338100433349609e+00,1.939202148437500000e+03
5.800000190734863281e+00,2.516098976135253906e+00,1.939314819335937500e+03
5.800000190734863281e+00,2.506550073623657227e+00,1.939423339843750000e+03
5.800000190734863281e+00,2.497642278671264648e+00,1.939528076171875000e+03
5.800000190734863281e+00,2.489332199096679688e+00,1.939629150390625000e+03
5.800000190734863281e+00,2.481580257415771484e+00,1.939726928710937500e+03
5.800000190734863281e+00,2.474351406097412109e+00,1.939821777343750000e+03
5.800000190734863281e+00,2.467613935470581055e+00,1.939913818359375000e+03
5.800000190734863281e+00,2.461338996887207031e+00,1.940003417968750000e+03
5.800000190734863281e+00,2.455501317977905273e+00,1.940090576171875000e+03
5.800000190734863281e+00,2.450077056884765625e+00,1.940175659179687500e+03
5.800000190734863281e+00,2.445045232772827148e+00,1.940258789062500000e+03
5.800000190734863281e+00,2.440387248992919922e+00,1.940340209960937500e+03
5.800000190734863281e+00,2.436085700988769531e+00,1.940419921875000000e+03
5.800000190734863281e+00,2.432125091552734375e+00,1.940498168945312500e+03
5.800000190734863281e+00,2.428491592407226562e+00,1.940574951171875000e+03
5.800000190734863281e+00,2.425172567367553711e+00,1.940650634765625000e+03
5.800000190734863281e+00,2.422157049179077148e+00,1.940725097656250000e+03
5.800000190734863281e+00,2.419434785842895508e+00,1.940798583984375000e+03
5.800000667572021484e+00,2.416996955871582031e+00,1.940871215820312500e+03
5.800000190734863281e+00,2.414835691452026367e+00,1.940942993164062500e+03
5.800000190734863281e+00,2.412944316864013672e+00,1.941014160156250000e+03
5.800000190734863281e+00,2.411316633224487305e+00,1.941084716796875000e+03
5.800000190734863281e+00,2.409947633743286133e+00,1.941154663085937500e+03
5.800000190734863281e+00,2.408833503723144531e+00,1.941224243164062500e+03
5.800000190734863281e+00,2.407970190048217773e+00,1.941293457031250000e+03
5.800000190734863281e+00,2.407355308532714844e+00,1.941362426757812500e+03
5.800000190734863281e+00,2.406987190246582031e+00,1.941431274414062500e+03
5.800000190734863281e+00,2.462034940719604492e+00,1.941500000000000000e+03
5.800000190734863281e+00,2.462174177169799805e+00,1.941568725585937500e+03
5.800000190734863281e+00,2.462592124938964844e+00,1.941637573242187500e+03
5.800000190734863281e+00,2.463290214538574219e+00,1.941706542968750000e+03
5.800000190734863281e+00,2.464270353317260742e+00,1.941775756835937500e+03
5.800000190734863281e+00,2.465535879135131836e+00,1.941845336914062500e+03
5.800000190734863281e+00,2.467090368270874023e+00,1.941915283203125000e+03
5.800000190734863281e+00,2.468938827514648438e+00,1.941985839843750000e+03
5.800000190734863281e+00,2.471086740493774414e+00,1.942057006835937500e+03
5.800000190734863281e+00,2.473540782928466797e+00,1.942128784179687500e+03
5.800000190734863281e+00,2.476309299468994141e+00,1.942201416015625000e+03
5.800000190734863281e+00,2.479400634765625000e+00,1.942274902343750000e+03
5.800000190734863281e+00,2.482825040817260742e+00,1.942349365234375000e+03
5.800000190734863281e+00,2.486594200134277344e+00,1.942425048828125000e+03
5.800000190734863281e+00,2.490720272064208984e+00,1.942501831054687500e+03
5.800000190734863281e+00,2.495218038558959961e+00,1.942580078125000000e+03
5.800000190734863281e+00,2.500102996826171875e+00,1.942659790039062500e+03
5.800000190734863281e+00,2.505392551422119141e+00,1.942741210937500000e+03
5.800000190734863281e+00,2.511106491088867188e+00,1.942824340820312500e+03
5.800000190734863281e+00,2.517266273498535156e+00,1.942909423828125000e+03
5.800000190734863281e+00,2.523895740509033203e+00,1.942996582031250000e+03
5.800000190734863281e+00,2.531021595001220703e+00,1.943086181640625000e+03
5.800000190734863281e+00,2.538672447204589844e+00,1.943178222656250000e+03
5.800000190734863281e+00,2.546881675720214844e+00,1.943273071289062500e+03
5.800000190734863281e+00,2.555684566497802734e+00,1.943370849609375000e+03
5.800000190734863281e+00,2.565121650695800781e+00,1.943471923828125000e+03
5.800000190734863281e+00,2.575237274169921875e+00,1.943576660156250000e+03
5.800000190734863281e+00,2.586081027984619141e+00,1.943685180664062500e+03
5.800000190734863281e+00,2.597708463668823242e+00,1.943797851562500000e+03
5.800000190734863281e+00,2.610181570053100586e+00,1.943915283203125000e+03
5.800000190734863281e+00,2.623569965362548828e+00,1.944037719726562500e+03
5.800000190734863281e+00,2.637952089309692383e+00,1.944165771484375000e+03
5.800000190734863281e+00,2.653415918350219727e+00,1.944300048828125000e+03
5.800000190734863281e+00,2.670061826705932617e+00,1.944440917968750000e+03
5.800000190734863281e+00,2.688003540039062500e+00,1.944589355468750000e+03
5.800000190734863281e+00,2.707370042800903320e+00,1.944745971679687500e+03
5.800000190734863281e+00,2.728309869766235352e+00,1.944911865234375000e+03
5.800000190734863281e+00,2.750993251800537109e+00,1.945087890625000000e+03
5.800000190734863281e+00,2.775617599487304688e+00,1.945275390625000000e+03
5.800000190734863281e+00,2.802411079406738281e+00,1.945475708007812500e+03
5.800000190734863281e+00,2.831640720367431641e+00,1.945690551757812500e+03
5.800000190734863281e+00,2.863620281219482422e+00,1.945921630859375000e+03
5.800000190734863281e+00,2.898720979690551758e+00,1.946171508789062500e+03
5.800000190734863281e+00,2.937383890151977539e+00,1.946442749023437500e+03
5.800000190734863281e+00,2.980140209197998047e+00,1.946738403320312500e+03
1.999998092651367188e-01,2.980140209197998047e+00,1.946738403320312500e+03
2.000002861022949219e-01,2.937383890151977539e+00,1.946442749023437500e+03
1.999998092651367188e-01,2.898720741271972656e+00,1.946171508789062500e+03
2.000000476837158203e-01,2.863620281219482422e+00,1.945921630859375000e+03
2.000000476837158203e-01,2.831640720367431641e+00,1.945690551757812500e+03
2.000000476837158203e-01,2.802411079406738281e+00,1.945475708007812500e+03
2.000000476837158203e-01,2.775617599487304688e+00,1.945275390625000000e+03
2.000000476837158203e-01,2.750993251800537109e+00,1.945087890625000000e+03
2.000000476837158203e-01,2.728309631347656250e+00,1.944911865234375000e+03
1.999998092651367188e-01,2.707370042800903320e+00,1.944745971679687500e+03
1.999998092651367188e-01,2.688003540039062500e+00,1.944589355468750000e+03
2.000000476837158203e-01,2.670061826705932617e+00,1.944440917968750000e+03
1.999998092651367188e-01,2.653415918350219727e+00,1.944300048828125000e+03
1.999998092651367188e-01,2.637951850891113281e+00,1.944165771484375000e+03
2.000000476837158203e-01,2.623569965362548828e+00,1.944037719726562500e+03
2.000000476837158203e-01,2.610181570053100586e+00,1.943915283203125000e+03
2.000002861022949219e-01,2.597708225250244141e+00,1.943797851562500000e+03
2.000000476837158203e-01,2.586081027984619141e+00,1.943685180664062500e+03
2.000000476837158203e-01,2.575237035751342773e+00,1.943576660156250000e+03
2.000002861022949219e-01,2.565121650695800781e+00,1.943471923828125000e+03
2.000000476837158203e-01,2.555684566497802734e+00,1.943370849609375000e+03
2.000000476837158203e-01,2.546881437301635742e+00,1.943273071289062500e+03
1.999998092651367188e-01,2.538672447204589844e+00,1.943178222656250000e+03
1.999998092651367188e-01,2.531021356582641602e+00,1.943086181640625000e+03
1.999998092651367188e-01,2.523895740509033203e+00,1.942996582031250000e+03
2.000002861022949219e-01,2.517266273498535156e+00,1.942909423828125000e+03
2.000000476837158203e-01,2.511106491088867188e+00,1.942824340820312500e+03
2.000000476837158203e-01,2.505392551422119141e+00,1.942741210937500000e+03
2.000000476837158203e-01,2.500102996826171875e+00,1.942659790039062500e+03
1.999998092651367188e-01,2.495218038558959961e+00,1.942580078125000000e+03
2.000002861022949219e-01,2.490720272064208984e+00,1.942501831054687500e+03
2.000000476837158203e-01,2.486594200134277344e+00,1.942425048828125000e+03
2.000000476837158203e-01,2.482825040817260742e+00,1.942349365234375000e+03
2.000002861022949219e-01,2.479400634765625000e+00,1.942274902343750000e+03
2.000000476837158203e-01,2.476309299468994141e+00,1.942201416015625000e+03
2.000000476837158203e-01,2.473540782928466797e+00,1.942128784179687500e+03
2.000000476837158203e-01,2.471086502075195312e+00,1.942057006835937500e+03
1.999998092651367188e-01,2.468938827514648438e+00,1.941985839843750000e+03
2.000000476837158203e-01,2.467090368270874023e+00,1.941915283203125000e+03
2.000002861022949219e-01,2.465535879135131836e+00,1.941845336914062500e+03
2.000000476837158203e-01,2.464270353317260742e+00,1.941775756835937500e+03
2.000002861022949219e-01,2.463289976119995117e+00,1.941706542968750000e+03
2.000000476837158203e-01,2.462592124938964844e+00,1.941637573242187500e+03
2.000000476837158203e-01,2.462173938751220703e+00,1.941568725585937500e+03
2.000000476837158203e-01,2.462034702301025391e+00,1.941500000000000000e+03
2.000000476837158203e-01,2.462173938751220703e+00,1.941431274414062500e+03
2.000000476837158203e-01,2.462592124938964844e+00,1.941362426757812500e+03
2.000002861022949219e-01,2.463289976119995117e+00,1.941293457031250000e+03
2.000000476837158203e-01,2.464270353317260742e+00,1.941224243164062500e+03
2.000002861022949219e-01,2.465535879135131836e+00,1.941154663085937500e+03
2.000000476837158203e-01,2.467090368270874023e+00,1.941084716796875000e+03
1.999998092651367188e-01,2.468938827514648438e+00,1.941014160156250000e+03
2.000000476837158203e-01,2.471086502075195312e+00,1.940942993164062500e+03
2.000000476837158203e-01,2.473540782928466797e+00,1.940871215820312500e+03
2.000000476837158203e-01,2.476309299468994141e+00,1.940798583984375000e+03
2.000002861022949219e-01,2.479400634765625000e+00,1.940725097656250000e+03
2.000000476837158203e-01,2.482825040817260742e+00,1.940650634765625000e+03
2.000000476837158203e-01,2.486594200134277344e+00,1.940574951171875000e+03
2.000002861022949219e-01,2.490720272064208984e+00,1.940498168945312500e+03
1.999998092651367188e-01,2.495218038558959961e+00,1.940419921875000000e+03
2.000000476837158203e-01,2.500102996826171875e+00,1.940340209960937500e+03
2.000000476837158203e-01,2.505392551422119141e+00,1.940258789062500000e+03
2.000000476837158203e-01,2.511106491088867188e+00,1.940175659179687500e+03
2.000002861022949219e-01,2.517266273498535156e+00,1.940090576171875000e+03
1.999998092651367188e-01,2.523895740509033203e+00,1.940003417968750000e+03
1.999998092651367188e-01,2.531021356582641602e+00,1.939913818359375000e+03
1.999998092651367188e-01,2.538672447204589844e+00,1.939821777343750000e+03
2.000000476837158203e-01,2.546881437301635742e+00,1.939726928710937500e+03
2.000000476837158203e-01,2.555684566497802734e+00,1.939629150390625000e+03
2.000002861022949219e-01,2.565121650695800781e+00,1.939528076171875000e+03
2.000000476837158203e-01,2.575237035751342773e+00,1.939423339843750000e+03
2.000000476837158203e-01,2.586081027984619141e+00,1.939314819335937500e+03
2.000002861022949219e-01,2.597708225250244141e+00,1.939202148437500000e+03
2.000000476837158203e-01,2.610181570053100586e+00,1.939084716796875000e+03
2.000000476837158203e-01,2.623569965362548828e+00,1.938962280273437500e+03
1.999998092651367188e-01,2.637951850891113281e+00,1.938834228515625000e+03
1.999998092651367188e-01,2.653415918350219727e+00,1.938699951171875000e+03
2.000000476837158203e-01,2.670061826705932617e+00,1.938559082031250000e+03
1.999998092651367188e-01,2.688003540039062500e+00,1.938410644531250000e+03
1.999998092651367188e-01,2.707370042800903320e+00,1.938254028320312500e+03
2.000000476837158203e-01,2.728309631347656250e+00,1.938088134765625000e+03
2.000000476837158203e-01,2.750993251800537109e+00,1.937912109375000000e+03
2.000000476837158203e-01,2.775617599487304688e+00,1.937724609375000000e+03
2.000000476837158203e-01,2.802411079406738281e+00,1.937524291992187500e+03
2.000000476837158203e-01,2.831640720367431641e+00,1.937309448242187500e+03
2.000000476837158203e-01,2.863620281219482422e+00,1.937078369140625000e+03
1.999998092651367188e-01,2.898720741271972656e+00,1.936828491210937500e+03
2.000002861022949219e-01,2.937383890151977539e+00,1.936557250976562500e+03
1.999998092651367188e-01,2.980140209197998047e+00,1.936261596679687500e+03
5.800000190734863281e+00,2.980140209197998047e+00,1.936261596679687500e+03
5.800000190734863281e+00,2.937383890151977539e+00,1.936557250976562500e+03
5.800000190734863281e+00,2.898720979690551758e+00,1.936828491210937500e+03
5.800000190734863281e+00,2.863620281219482422e+00,1.937078369140625000e+03
5.800000190734863281e+00,2.831640720367431641e+00,1.937309448242187500e+03
5.800000190734863281e+00,2.802411079406738281e+00,1.937524291992187500e+03
5.800000190734863281e+00,2.775617599487304688e+00,1.937724609375000000e+03
5.800000190734863281e+00,2.750993251800537109e+00,1.937912109375000000e+03
5.800000190734863281e+00,2.728309869766235352e+00,1.938088134765625000e+03
5.800000190734863281e+00,2.707370042800903320e+00,1.938254028320312500e+03
5.800000190734863281e+00,2.688003540039062500e+00,1.938410644531250000e+03
5.800000190734863281e+00,2.670061826705932617e+00,1.938559082031250000e+03
5.800000190734863281e+00,2.653415918350219727e+00,1.938699951171875000e+03
5.800000190734863281e+00,2.637952089309692383e+00,1.938834228515625000e+03
5.800000190734863281e+00,2.623569965362548828e+00,1.938962280273437500e+03
5.800000190734863281e+00,2.610181570053100586e+00,1.939084716796875000e+03
5.800000190734863281e+00,2.597708463668823242e+00,1.939202148437500000e+03
5.800000190734863281e+00,2.586081027984619141e+00,1.939314819335937500e+03
5.800000190734863281e+00,2.575237274169921875e+00,1.939423339843750000e+03
5.800000190734863281e+00,2.565121650695800781e+00,1.939528076171875000e+03
5.800000190734863281e+00,2.555684566497802734e+00,1.939629150390625000e+03
5.800000190734863281e+00,2.546881675720214844e+00,1.939726928710937500e+03
5.800000190734863281e+00,2.538672447204589844e+00,1.939821777343750000e+03
5.800000190734863281e+00,2.531021595001220703e+00,1.939913818359375000e+03
5.800000190734863281e+00,2.523895740509033203e+00,1.940003417968750000e+03
5.800000190734863281e+00,2.517266273498535156e+00,1.940090576171875000e+03
5.800000190734863281e+00,2.511106491088867188e+00,1.940175659179687500e+03
5.800000190734863281e+00,2.505392551422119141e+00,1.940258789062500000e+03
5.800000190734863281e+00,2.500102996826171875e+00,1.940340209960937500e+03
5.800000190734863281e+00,2.495218038558959961e+00,1.940419921875000000e+03
5.800000190734863281e+00,2.490720272064208984e+00,1.940498168945312500e+03
5.800000190734863281e+00,2.486594200134277344e+00,1.940574951171875000e+03
5.800000190734863281e+00,2.482825040817260742e+00,1.940650634765625000e+03
5.800000190734863281e+00,2.479400634765625000e+00,1.940725097656250000e+03
5.800000190734863281e+00,2.476309299468994141e+00,1.940798583984375000e+03
5.800000190734863281e+00,2.473540782928466797e+00,1.940871215820312500e+03
5.800000190734863281e+00,2.471086740493774414e+00,1.940942993164062500e+03
5.800000190734863281e+00,2.468938827514648438e+00,1.941014160156250000e+03
5.800000190734863281e+00,2.467090368270874023e+00,1.941084716796875000e+03
5.800000190734863281e+00,2.465535879135131836e+00,1.941154663085937500e+03
5.800000190734863281e+00,2.464270353317260742e+00,1.941224243164062500e+03
5.800000190734863281e+00,2.463290214538574219e+00,1.941293457031250000e+03
5.800000190734863281e+00,2.462592124938964844e+00,1.941362426757812500e+03
5.800000190734863281e+00,2.462174177169799805e+00,1.941431274414062500e+03
5.800000190734863281e+00,2.517556428909301758e+00,1.941500000000000000e+03
5.800000190734863281e+00,2.517712354660034180e+00,1.941568725585937500e+03
5.800000190734863281e+00,2.518180608749389648e+00,1.941637573242187500e+03
5.800000190734863281e+00,2.518962621688842773e+00,1.941706542968750000e+03
5.800000667572021484e+00,2.520060777664184570e+00,1.941775756835937500e+03
5.800000190734863281e+00,2.521478176116943359e+00,1.941845336914062500e+03
5.800000190734863281e+00,2.523219585418701172e+00,1.941915283203125000e+03
5.800000667572021484e+00,2.525290012359619141e+00,1.941985839843750000e+03
5.800000190734863281e+00,2.527695894241333008e+00,1.942057006835937500e+03
5.800000190734863281e+00,2.530445098876953125e+00,1.942128784179687500e+03
5.800000190734863281e+00,2.533546209335327148e+00,1.942201416015625000e+03
5.800000190734863281e+00,2.537009000778198242e+00,1.942274902343750000e+03
5.800000190734863281e+00,2.540844917297363281e+00,1.942349365234375000e+03
5.800000190734863281e+00,2.545066833496093750e+00,1.942425048828125000e+03
5.800000190734863281e+00,2.549689054489135742e+00,1.942501831054687500e+03
5.800000190734863281e+00,2.554727077484130859e+00,1.942580078125000000e+03
5.800000190734863281e+00,2.560199022293090820e+00,1.942659790039062500e+03
5.800000190734863281e+00,2.566124439239501953e+00,1.942741210937500000e+03
5.800000190734863281e+00,2.572525024414062500e+00,1.942824340820312500e+03
5.800000190734863281e+00,2.579424858093261719e+00,1.942909423828125000e+03
5.800000190734863281e+00,2.586851119995117188e+00,1.942996582031250000e+03
5.800000190734863281e+00,2.594832897186279297e+00,1.943086181640625000e+03
5.800000190734863281e+00,2.603403568267822266e+00,1.943178222656250000e+03
5.800000190734863281e+00,2.612598896026611328e+00,1.943273071289062500e+03
5.800000190734863281e+00,2.622459888458251953e+00,1.943370849609375000e+03
5.800000190734863281e+00,2.633030891418457031e+00,1.943471923828125000e+03
5.800000190734863281e+00,2.644361972808837891e+00,1.943576660156250000e+03
5.800000190734863281e+00,2.656508922576904297e+00,1.943685180664062500e+03
5.800000190734863281e+00,2.669533729553222656e+00,1.943797851562500000e+03
5.800000190734863281e+00,2.683505535125732422e+00,1.943915283203125000e+03
5.800000190734863281e+00,2.698502779006958008e+00,1.944037719726562500e+03
5.800000190734863281e+00,2.714612960815429688e+00,1.944165771484375000e+03
5.800000190734863281e+00,2.731935262680053711e+00,1.944300048828125000e+03
5.800000190734863281e+00,2.750581502914428711e+00,1.944440917968750000e+03
5.800000190734863281e+00,2.770678997039794922e+00,1.944589355468750000e+03
5.800000190734863281e+00,2.792372941970825195e+00,1.944745971679687500e+03
5.800000190734863281e+00,2.815829038619995117e+00,1.944911865234375000e+03
5.800000667572021484e+00,2.841238498687744141e+00,1.945087890625000000e+03
5.800000190734863281e+00,2.868821620941162109e+00,1.945275390625000000e+03
5.800000190734863281e+00,2.898834705352783203e+00,1.945475708007812500e+03
5.800000190734863281e+00,2.931576967239379883e+00,1.945690551757812500e+03
5.800000190734863281e+00,2.967399597167968750e+00,1.945921630859375000e+03
2.000000476837158203e-01,2.967399597167968750e+00,1.945921630859375000e+03
2.000000476837158203e-01,2.931576967239379883e+00,1.945690551757812500e+03
2.000000476837158203e-01,2.898834705352783203e+00,1.945475708007812500e+03
2.000002861022949219e-01,2.868821620941162109e+00,1.945275390625000000e+03
2.000000476837158203e-01,2.841238260269165039e+00,1.945087890625000000e+03
2.000000476837158203e-01,2.815828800201416016e+00,1.944911865234375000e+03
2.000000476837158203e-01,2.792372703552246094e+00,1.944745971679687500e+03
1.999998092651367188e-01,2.770678997039794922e+00,1.944589355468750000e+03
2.000000476837158203e-01,2.750581502914428711e+00,1.944440917968750000e+03
2.000002861022949219e-01,2.731935262680053711e+00,1.944300048828125000e+03
2.000000476837158203e-01,2.714612960815429688e+00,1.944165771484375000e+03
2.000000476837158203e-01,2.698502779006958008e+00,1.944037719726562500e+03
2.000002861022949219e-01,2.683505535125732422e+00,1.943915283203125000e+03
1.999998092651367188e-01,2.669533491134643555e+00,1.943797851562500000e+03
2.000000476837158203e-01,2.656508922576904297e+00,1.943685180664062500e+03
2.000000476837158203e-01,2.644361972808837891e+00,1.943576660156250000e+03
2.000002861022949219e-01,2.633030891418457031e+00,1.943471923828125000e+03
2.000000476837158203e-01,2.622459888458251953e+00,1.943370849609375000e+03
2.000000476837158203e-01,2.612598896026611328e+00,1.943273071289062500e+03
1.999998092651367188e-01,2.603403568267822266e+00,1.943178222656250000e+03
2.000000476837158203e-01,2.594832897186279297e+00,1.943086181640625000e+03
2.000000476837158203e-01,2.586851119995117188e+00,1.942996582031250000e+03
2.000000476837158203e-01,2.579424858093261719e+00,1.942909423828125000e+03
2.000002861022949219e-01,2.572524785995483398e+00,1.942824340820312500e+03
2.000002861022949219e-01,2.566124439239501953e+00,1.942741210937500000e+03
2.000000476837158203e-01,2.560199022293090820e+00,1.942659790039062500e+03
1.999998092651367188e-01,2.554727077484130859e+00,1.942580078125000000e+03
1.999998092651367188e-01,2.549689054489135742e+00,1.942501831054687500e+03
2.000000476837158203e-01,2.545066833496093750e+00,1.942425048828125000e+03
2.000002861022949219e-01,2.540844917297363281e+00,1.942349365234375000e+03
2.000002861022949219e-01,2.537009000778198242e+00,1.942274902343750000e+03
1.999998092651367188e-01,2.533546209335327148e+00,1.942201416015625000e+03
2.000000476837158203e-01,2.530445098876953125e+00,1.942128784179687500e+03
2.000000476837158203e-01,2.527695894241333008e+00,1.942057006835937500e+03
1.999998092651367188e-01,2.525290012359619141e+00,1.941985839843750000e+03
2.000000476837158203e-01,2.523219585418701172e+00,1.941915283203125000e+03
2.000000476837158203e-01,2.521478176116943359e+00,1.941845336914062500e+03
1.999998092651367188e-01,2.520060539245605469e+00,1.941775756835937500e+03
2.000000476837158203e-01,2.518962621688842773e+00,1.941706542968750000e+03
2.000000476837158203e-01,2.518180608749389648e+00,1.941637573242187500e+03
2.000002861022949219e-01,2.517712116241455078e+00,1.941568725585937500e+03
2.000000476837158203e-01,2.517556428909301758e+00,1.941500000000000000e+03
2.000002861022949219e-01,2.517712116241455078e+00,1.941431274414062500e+03
2.000000476837158203e-01,2.518180608749389648e+00,1.941362426757812500e+03
2.000000476837158203e-01,2.518962621688842773e+00,1.941293457031250000e+03
1.999998092651367188e-01,2.520060539245605469e+00,1.941224243164062500e+03
2.000000476837158203e-01,2.521478176116943359e+00,1.941154663085937500e+03
2.000000476837158203e-01,2.523219585418701172e+00,1.941084716796875000e+03
1.999998092651367188e-01,2.525290012359619141e+00,1.941014160156250000e+03
2.000000476837158203e-01,2.527695894241333008e+00,1.940942993164062500e+03
2.000000476837158203e-01,2.530445098876953125e+00,1.940871215820312500e+03
1.999998092651367188e-01,2.533546209335327148e+00,1.940798583984375000e+03
2.000002861022949219e-01,2.537009000778198242e+00,1.940725097656250000e+03
2.000002861022949219e-01,2.540844917297363281e+00,1.940650634765625000e+03
2.000000476837158203e-01,2.545066833496093750e+00,1.940574951171875000e+03
1.999998092651367188e-01,2.549689054489135742e+00,1.940498168945312500e+03
1.999998092651367188e-01,2.554727077484130859e+00,1.940419921875000000e+03
2.000000476837158203e-01,2.560199022293090820e+00,1.940340209960937500e+03
2.000002861022949219e-01,2.566124439239501953e+00,1.940258789062500000e+03
2.000002861022949219e-01,2.572524785995483398e+00,1.940175659179687500e+03
2.000000476837158203e-01,2.579424858093261719e+00,1.940090576171875000e+03
2.000000476837158203e-01,2.586851119995117188e+00,1.940003417968750000e+03
2.000000476837158203e-01,2.594832897186279297e+00,1.939913818359375000e+03
1.999998092651367188e-01,2.603403568267822266e+00,1.939821777343750000e+03
2.000000476837158203e-01,2.612598896026611328e+00,1.939726928710937500e+03
2.000000476837158203e-01,2.622459888458251953e+00,1.939629150390625000e+03
2.000002861022949219e-01,2.633030891418457031e+00,1.939528076171875000e+03
2.000000476837158203e-01,2.644361972808837891e+00,1.939423339843750000e+03
2.000000476837158203e-01,2.656508922576904297e+00,1.939314819335937500e+03
1.999998092651367188e-01,2.669533491134643555e+00,1.939202148437500000e+03
2.000002861022949219e-01,2.683505535125732422e+00,1.939084716796875000e+03
2.000000476837158203e-01,2.698502779006958008e+00,1.938962280273437500e+03
2.000000476837158203e-01,2.714612960815429688e+00,1.938834228515625000e+03
2.000002861022949219e-01,2.731935262680053711e+00,1.938699951171875000e+03
2.000000476837158203e-01,2.750581502914428711e+00,1.938559082031250000e+03
1.999998092651367188e-01,2.770678997039794922e+00,1.938410644531250000e+03
2.000000476837158203e-01,2.792372703552246094e+00,1.938254028320312500e+03
2.000000476837158203e-01,2.815828800201416016e+00,1.938088134765625000e+03
2.000000476837158203e-01,2.841238260269165039e+00,1.937912109375000000e+03
2.000002861022949219e-01,2.868821620941162109e+00,1.937724609375000000e+03
2.000000476837158203e-01,2.898834705352783203e+00,1.937524291992187500e+03
2.000000476837158203e-01,2.931576967239379883e+00,1.937309448242187500e+03
2.000000476837158203e-01,2.967399597167968750e+00,1.937078369140625000e+03
5.800000190734863281e+00,2.967399597167968750e+00,1.937078369140625000e+03
5.800000190734863281e+00,2.931576967239379883e+00,1.937309448242187500e+03
5.800000190734863281e+00,2.898834705352783203e+00,1.937524291992187500e+03
5.800000190734863281e+00,2.868821620941162109e+00,1.937724609375000000e+03
5.800000667572021484e+00,2.841238498687744141e+00,1.937912109375000000e+03
5.800000190734863281e+00,2.815829038619995117e+00,1.938088134765625000e+03
5.800000190734863281e+00,2.792372941970825195e+00,1.938254028320312500e+03
5.800000190734863281e+00,2.770678997039794922e+00,1.938410644531250000e+03
5.800000190734863281e+00,2.750581502914428711e+00,1.938559082031250000e+03
5.800000190734863281e+00,2.731935262680053711e+00,1.938699951171875000e+03
5.800000190734863281e+00,2.714612960815429688e+00,1.938834228515625000e+03
5.800000190734863281e+00,2.698502779006958008e+00,1.938962280273437500e+03
5.800000190734863281e+00,2.683505535125732422e+00,1.939084716796875000e+03
5.800000190734863281e+00,2.669533729553222656e+00,1.939202148437500000e+03
5.800000190734863281e+00,2.656508922576904297e+00,1.939314819335937500e+03
5.800000190734863281e+00,2.644361972808837891e+00,1.939423339843750000e+03
5.800000190734863281e+00,2.633030891418457031e+00,1.939528076171875000e+03
5.800000190734863281e+00,2.622459888458251953e+00,1.939629150390625000e+03
5.800000190734863281e+00,2.612598896026611328e+00,1.939726928710937500e+03
5.800000190734863281e+00,2.603403568267822266e+00,1.939821777343750000e+03
5.800000190734863281e+00,2.594832897186279297e+00,1.939913818359375000e+03
5.800000190734863281e+00,2.586851119995117188e+00,1.940003417968750000e+03
5.800000190734863281e+00,2.579424858093261719e+00,1.940090576171875000e+03
5.800000190734863281e+00,2.572525024414062500e+00,1.940175659179687500e+03
5.800000190734863281e+00,2.566124439239501953e+00,1.940258789062500000e+03
5.800000190734863281e+00,2.560199022293090820e+00,1.940340209960937500e+03
5.800000190734863281e+00,2.554727077484130859e+00,1.940419921875000000e+03
5.800000190734863281e+00,2.549689054489135742e+00,1.940498168945312500e+03
5.800000190734863281e+00,2.545066833496093750e+00,1.940574951171875000e+03
5.800000190734863281e+00,2.540844917297363281e+00,1.940650634765625000e+03
5.800000190734863281e+00,2.537009000778198242e+00,1.940725097656250000e+03
5.800000190734863281e+00,2.533546209335327148e+00,1.940798583984375000e+03
5.800000190734863281e+00,2.530445098876953125e+00,1.940871215820312500e+03
5.800000190734863281e+00,2.527695894241333008e+00,1.940942993164062500e+03
5.800000667572021484e+00,2.525290012359619141e+00,1.941014160156250000e+03
5.800000190734863281e+00,2.523219585418701172e+00,1.941084716796875000e+03
5.800000190734863281e+00,2.521478176116943359e+00,1.941154663085937500e+03
5.800000667572021484e+00,2.520060777664184570e+00,1.941224243164062500e+03
5.800000190734863281e+00,2.518962621688842773e+00,1.941293457031250000e+03
5.800000190734863281e+00,2.518180608749389648e+00,1.941362426757812500e+03
5.800000190734863281e+00,2.517712354660034180e+00,1.941431274414062500e+03
5.800000190734863281e+00,2.573474407196044922e+00,1.941500000000000000e+03
5.800000190734863281e+00,2.573647260665893555e+00,1.941568725585937500e+03
5.800000190734863281e+00,2.574166059494018555e+00,1.941637573242187500e+03
5.800000190734863281e+00,2.575032472610473633e+00,1.941706542968750000e+03
5.800000190734863281e+00,2.576249122619628906e+00,1.941775756835937500e+03
5.800000190734863281e+00,2.577819824218750000e+00,1.941845336914062500e+03
5.800000190734863281e+00,2.579749345779418945e+00,1.941915283203125000e+03
5.800000190734863281e+00,2.582043647766113281e+00,1.941985839843750000e+03
5.800000667572021484e+00,2.584709405899047852e+00,1.942057006835937500e+03
5.800000190734863281e+00,2.587755680084228516e+00,1.942128784179687500e+03
5.800000190734863281e+00,2.591191768646240234e+00,1.942201416015625000e+03
5.800000190734863281e+00,2.595028638839721680e+00,1.942274902343750000e+03
5.800000190734863281e+00,2.599279165267944336e+00,1.942349365234375000e+03
5.800000190734863281e+00,2.603957176208496094e+00,1.942425048828125000e+03
5.800000190734863281e+00,2.609078645706176758e+00,1.942501831054687500e+03
5.800000190734863281e+00,2.614661216735839844e+00,1.942580078125000000e+03
5.800000190734863281e+00,2.620724201202392578e+00,1.942659790039062500e+03
5.800000190734863281e+00,2.627289772033691406e+00,1.942741210937500000e+03
5.800000190734863281e+00,2.634381771087646484e+00,1.942824340820312500e+03
5.800000190734863281e+00,2.642027378082275391e+00,1.942909423828125000e+03
5.800000190734863281e+00,2.650255680084228516e+00,1.942996582031250000e+03
5.800000190734863281e+00,2.659100055694580078e+00,1.943086181640625000e+03
5.800000190734863281e+00,2.668596506118774414e+00,1.943178222656250000e+03
5.800000190734863281e+00,2.678785562515258789e+00,1.943273071289062500e+03
5.800000190734863281e+00,2.689711809158325195e+00,1.943370849609375000e+03
5.800000190734863281e+00,2.701425075531005859e+00,1.943471923828125000e+03
5.800000190734863281e+00,2.713980436325073242e+00,1.943576660156250000e+03
5.800000190734863281e+00,2.727439641952514648e+00,1.943685180664062500e+03
5.800000190734863281e+00,2.741871356964111328e+00,1.943797851562500000e+03
5.800000190734863281e+00,2.757353067398071289e+00,1.943915283203125000e+03
5.800000190734863281e+00,2.773970603942871094e+00,1.944037719726562500e+03
5.800000190734863281e+00,2.791821479797363281e+00,1.944165771484375000e+03
5.800000190734863281e+00,2.811015129089355469e+00,1.944300048828125000e+03
5.800000190734863281e+00,2.831676244735717773e+00,1.944440917968750000e+03
5.800000190734863281e+00,2.853945016860961914e+00,1.944589355468750000e+03
5.800000667572021484e+00,2.877982616424560547e+00,1.944745971679687500e+03
5.800000190734863281e+00,2.903973102569580078e+00,1.944911865234375000e+03
5.800000190734863281e+00,2.932127714157104492e+00,1.945087890625000000e+03
5.800000190734863281e+00,2.962691068649291992e+00,1.945275390625000000e+03
5.800000190734863281e+00,2.995946884155273438e+00,1.945475708007812500e+03
2.000002861022949219e-01,2.995946884155273438e+00,1.945475708007812500e+03
2.000000476837158203e-01,2.962690830230712891e+00,1.945275390625000000e+03
1.999998092651367188e-01,2.932127714157104492e+00,1.945087890625000000e+03
2.000002861022949219e-01,2.903972864151000977e+00,1.944911865234375000e+03
1.999998092651367188e-01,2.877982616424560547e+00,1.944745971679687500e+03
2.000002861022949219e-01,2.853944778442382812e+00,1.944589355468750000e+03
1.999998092651367188e-01,2.831676006317138672e+00,1.944440917968750000e+03
2.000000476837158203e-01,2.811015129089355469e+00,1.944300048828125000e+03
1.999998092651367188e-01,2.791821479797363281e+00,1.944165771484375000e+03
1.999998092651367188e-01,2.773970603942871094e+00,1.944037719726562500e+03
2.000000476837158203e-01,2.757352828979492188e+00,1.943915283203125000e+03
2.000002861022949219e-01,2.741871356964111328e+00,1.943797851562500000e+03
2.000000476837158203e-01,2.727439403533935547e+00,1.943685180664062500e+03
2.000000476837158203e-01,2.713980197906494141e+00,1.943576660156250000e+03
1.999998092651367188e-01,2.701425075531005859e+00,1.943471923828125000e+03
1.999998092651367188e-01,2.689711809158325195e+00,1.943370849609375000e+03
2.000002861022949219e-01,2.678785324096679688e+00,1.943273071289062500e+03
2.000000476837158203e-01,2.668596506118774414e+00,1.943178222656250000e+03
2.000000476837158203e-01,2.659100055694580078e+00,1.943086181640625000e+03
2.000002861022949219e-01,2.650255680084228516e+00,1.942996582031250000e+03
2.000002861022949219e-01,2.642027139663696289e+00,1.942909423828125000e+03
2.000000476837158203e-01,2.634381771087646484e+00,1.942824340820312500e+03
1.999998092651367188e-01,2.627289772033691406e+00,1.942741210937500000e+03
2.000002861022949219e-01,2.620724201202392578e+00,1.942659790039062500e+03
2.000000476837158203e-01,2.614660978317260742e+00,1.942580078125000000e+03
2.000000476837158203e-01,2.609078645706176758e+00,1.942501831054687500e+03
2.000000476837158203e-01,2.603957176208496094e+00,1.942425048828125000e+03
2.000000476837158203e-01,2.599278926849365234e+00,1.942349365234375000e+03
2.000000476837158203e-01,2.595028638839721680e+00,1.942274902343750000e+03
2.000000476837158203e-01,2.591191768646240234e+00,1.942201416015625000e+03
2.000000476837158203e-01,2.587755441665649414e+00,1.942128784179687500e+03
1.999998092651367188e-01,2.584709405899047852e+00,1.942057006835937500e+03
2.000000476837158203e-01,2.582043409347534180e+00,1.941985839843750000e+03
2.000000476837158203e-01,2.579749107360839844e+00,1.941915283203125000e+03
2.000000476837158203e-01,2.577819824218750000e+00,1.941845336914062500e+03
2.000000476837158203e-01,2.576249122619628906e+00,1.941775756835937500e+03
2.000002861022949219e-01,2.575032234191894531e+00,1.941706542968750000e+03
2.000000476837158203e-01,2.574165821075439453e+00,1.941637573242187500e+03
2.000002861022949219e-01,2.573647022247314453e+00,1.941568725585937500e+03
1.999998092651367188e-01,2.573474407196044922e+00,1.941500000000000000e+03
2.000002861022949219e-01,2.573647022247314453e+00,1.941431274414062500e+03
2.000000476837158203e-01,2.574165821075439453e+00,1.941362426757812500e+03
2.000002861022949219e-01,2.575032234191894531e+00,1.941293457031250000e+03
2.000000476837158203e-01,2.576249122619628906e+00,1.941224243164062500e+03
2.000000476837158203e-01,2.577819824218750000e+00,1.941154663085937500e+03
2.000000476837158203e-01,2.579749107360839844e+00,1.941084716796875000e+03
2.000000476837158203e-01,2.582043409347534180e+00,1.941014160156250000e+03
1.999998092651367188e-01,2.584709405899047852e+00,1.940942993164062500e+03
2.000000476837158203e-01,2.587755441665649414e+00,1.940871215820312500e+03
2.000000476837158203e-01,2.591191768646240234e+00,1.940798583984375000e+03
2.000000476837158203e-01,2.595028638839721680e+00,1.940725097656250000e+03
2.000000476837158203e-01,2.599278926849365234e+00,1.940650634765625000e+03
2.000000476837158203e-01,2.603957176208496094e+00,1.940574951171875000e+03
2.000000476837158203e-01,2.609078645706176758e+00,1.940498168945312500e+03
2.000000476837158203e-01,2.614660978317260742e+00,1.940419921875000000e+03
2.000002861022949219e-01,2.620724201202392578e+00,1.940340209960937500e+03
1.999998092651367188e-01,2.627289772033691406e+00,1.940258789062500000e+03
2.000000476837158203e-01,2.634381771087646484e+00,1.940175659179687500e+03
2.000002861022949219e-01,2.642027139663696289e+00,1.940090576171875000e+03
2.000002861022949219e-01,2.650255680084228516e+00,1.940003417968750000e+03
2.000000476837158203e-01,2.659100055694580078e+00,1.939913818359375000e+03
2.000000476837158203e-01,2.668596506118774414e+00,1.939821777343750000e+03
2.000002861022949219e-01,2.678785324096679688e+00,1.939726928710937500e+03
1.999998092651367188e-01,2.689711809158325195e+00,1.939629150390625000e+03
1.999998092651367188e-01,2.701425075531005859e+00,1.939528076171875000e+03
2.000000476837158203e-01,2.713980197906494141e+00,1.939423339843750000e+03
2.000000476837158203e-01,2.727439403533935547e+00,1.939314819335937500e+03
2.000002861022949219e-01,2.741871356964111328e+00,1.939202148437500000e+03
2.000000476837158203e-01,2.757352828979492188e+00,1.939084716796875000e+03
1.999998092651367188e-01,2.773970603942871094e+00,1.938962280273437500e+03
1.999998092651367188e-01,2.791821479797363281e+00,1.938834228515625000e+03
2.000000476837158203e-01,2.811015129089355469e+00,1.938699951171875000e+03
1.999998092651367188e-01,2.831676006317138672e+00,1.938559082031250000e+03
2.000002861022949219e-01,2.853944778442382812e+00,1.938410644531250000e+03
1.999998092651367188e-01,2.877982616424560547e+00,1.938254028320312500e+03
2.000002861022949219e-01,2.903972864151000977e+00,1.938088134765625000e+03
1.999998092651367188e-01,2.932127714157104492e+00,1.937912109375000000e+03
2.000000476837158203e-01,2.962690830230712891e+00,1.937724609375000000e+03
2.000002861022949219e-01,2.995946884155273438e+00,1.937524291992187500e+03
5.800000190734863281e+00,2.995946884155273438e+00,1.937524291992187500e+03
5.800000190734863281e+00,2.962691068649291992e+00,1.937724609375000000e+03
5.800000190734863281e+00,2.932127714157104492e+00,1.937912109375000000e+03
5.800000190734863281e+00,2.903973102569580078e+00,1.938088134765625000e+03
5.800000667572021484e+00,2.877982616424560547e+00,1.938254028320312500e+03
5.800000190734863281e+00,2.853945016860961914e+00,1.938410644531250000e+03
5.800000190734863281e+00,2.831676244735717773e+00,1.938559082031250000e+03
5.800000190734863281e+00,2.811015129089355469e+00,1.938699951171875000e+03
5.800000190734863281e+00,2.791821479797363281e+00,1.938834228515625000e+03
5.800000190734863281e+00,2.773970603942871094e+00,1.938962280273437500e+03
5.800000190734863281e+00,2.757353067398071289e+00,1.939084716796875000e+03
5.800000190734863281e+00,2.741871356964111328e+00,1.939202148437500000e+03
5.800000190734863281e+00,2.727439641952514648e+00,1.939314819335937500e+03
5.800000190734863281e+00,2.713980436325073242e+00,1.939423339843750000e+03
5.800000190734863281e+00,2.701425075531005859e+00,1.939528076171875000e+03
5.800000190734863281e+00,2.689711809158325195e+00,1.939629150390625000e+03
5.800000190734863281e+00,2.678785562515258789e+00,1.939726928710937500e+03
5.800000190734863281e+00,2.668596506118774414e+00,1.939821777343750000e+03
5.800000190734863281e+00,2.659100055694580078e+00,1.939913818359375000e+03
5.800000190734863281e+00,2.650255680084228516e+00,1.940003417968750000e+03
5.800000190734863281e+00,2.642027378082275391e+00,1.940090576171875000e+03
5.800000190734863281e+00,2.634381771087646484e+00,1.940175659179687500e+03
5.800000190734863281e+00,2.627289772033691406e+00,1.940258789062500000e+03
5.800000190734863281e+00,2.620724201202392578e+00,1.940340209960937500e+03
5.800000190734863281e+00,2.614661216735839844e+00,1.940419921875000000e+03
5.800000190734863281e+00,2.609078645706176758e+00,1.940498168945312500e+03
5.800000190734863281e+00,2.603957176208496094e+00,1.940574951171875000e+03
5.800000190734863281e+00,2.599279165267944336e+00,1.940650634765625000e+03
5.800000190734863281e+00,2.595028638839721680e+00,1.940725097656250000e+03
5.800000190734863281e+00,2.591191768646240234e+00,1.940798583984375000e+03
5.800000190734863281e+00,2.587755680084228516e+00,1.940871215820312500e+03
5.800000667572021484e+00,2.584709405899047852e+00,1.940942993164062500e+03
5.800000190734863281e+00,2.582043647766113281e+00,1.941014160156250000e+03
5.800000190734863281e+00,2.579749345779418945e+00,1.941084716796875000e+03
5.800000190734863281e+00,2.577819824218750000e+00,1.941154663085937500e+03
5.800000190734863281e+00,2.576249122619628906e+00,1.941224243164062500e+03
5.800000190734863281e+00,2.575032472610473633e+00,1.941293457031250000e+03
5.800000190734863281e+00,2.574166059494018555e+00,1.941362426757812500e+03
5.800000190734863281e+00,2.573647260665893555e+00,1.941431274414062500e+03
5.800000190734863281e+00,2.629834890365600586e+00,1.941500000000000000e+03
5.800000190734863281e+00,2.630024671554565430e+00,1.941568725585937500e+03
5.800000190734863281e+00,2.630594491958618164e+00,1.941637573242187500e+03
5.800000190734863281e+00,2.631546020507812500e+00,1.941706542968750000e+03
5.800000190734863281e+00,2.632882356643676758e+00,1.941775756835937500e+03
5.800000190734863281e+00,2.634607315063476562e+00,1.941845336914062500e+03
5.800000190734863281e+00,2.636726379394531250e+00,1.941915283203125000e+03
5.800000667572021484e+00,2.639245986938476562e+00,1.941985839843750000e+03
5.800000190734863281e+00,2.642174005508422852e+00,1.942057006835937500e+03
5.800000190734863281e+00,2.645519733428955078e+00,1.942128784179687500e+03
5.800000190734863281e+00,2.649293422698974609e+00,1.942201416015625000e+03
5.800000190734863281e+00,2.653507471084594727e+00,1.942274902343750000e+03
5.800000190734863281e+00,2.658175706863403320e+00,1.942349365234375000e+03
5.800000190734863281e+00,2.663313388824462891e+00,1.942425048828125000e+03
5.800000190734863281e+00,2.668938159942626953e+00,1.942501831054687500e+03
5.800000190734863281e+00,2.675069332122802734e+00,1.942580078125000000e+03
5.800000190734863281e+00,2.681728363037109375e+00,1.942659790039062500e+03
5.800000190734863281e+00,2.688939094543457031e+00,1.942741210937500000e+03
5.800000190734863281e+00,2.696728229522705078e+00,1.942824340820312500e+03
5.800000190734863281e+00,2.705125093460083008e+00,1.942909423828125000e+03
5.800000190734863281e+00,2.714162111282348633e+00,1.942996582031250000e+03
5.800000190734863281e+00,2.723875761032104492e+00,1.943086181640625000e+03
5.800000190734863281e+00,2.734305381774902344e+00,1.943178222656250000e+03
5.800000190734863281e+00,2.745495796203613281e+00,1.943273071289062500e+03
5.800000190734863281e+00,2.757495880126953125e+00,1.943370849609375000e+03
5.800000190734863281e+00,2.770360231399536133e+00,1.943471923828125000e+03
5.800000190734863281e+00,2.784149646759033203e+00,1.943576660156250000e+03
5.800000190734863281e+00,2.798931598663330078e+00,1.943685180664062500e+03
5.800000190734863281e+00,2.814781665802001953e+00,1.943797851562500000e+03
5.800000190734863281e+00,2.831784963607788086e+00,1.943915283203125000e+03
5.800000190734863281e+00,2.850035667419433594e+00,1.944037719726562500e+03
5.800000190734863281e+00,2.869640827178955078e+00,1.944165771484375000e+03
5.800000190734863281e+00,2.890720844268798828e+00,1.944300048828125000e+03
5.800000190734863281e+00,2.913412332534790039e+00,1.944440917968750000e+03
5.800000190734863281e+00,2.937869787216186523e+00,1.944589355468750000e+03
5.800000190734863281e+00,2.964269876480102539e+00,1.944745971679687500e+03
5.800000667572021484e+00,2.992814540863037109e+00,1.944911865234375000e+03
2.000000476837158203e-01,2.992814540863037109e+00,1.944911865234375000e+03
1.999998092651367188e-01,2.964269638061523438e+00,1.944745971679687500e+03
2.000002861022949219e-01,2.937869548797607422e+00,1.944589355468750000e+03
1.999998092651367188e-01,2.913412332534790039e+00,1.944440917968750000e+03
2.000000476837158203e-01,2.890720844268798828e+00,1.944300048828125000e+03
2.000000476837158203e-01,2.869640827178955078e+00,1.944165771484375000e+03
2.000000476837158203e-01,2.850035667419433594e+00,1.944037719726562500e+03
2.000000476837158203e-01,2.831784725189208984e+00,1.943915283203125000e+03
2.000002861022949219e-01,2.814781665802001953e+00,1.943797851562500000e+03
1.999998092651367188e-01,2.798931598663330078e+00,1.943685180664062500e+03
2.000000476837158203e-01,2.784149408340454102e+00,1.943576660156250000e+03
2.000000476837158203e-01,2.770360231399536133e+00,1.943471923828125000e+03
2.000000476837158203e-01,2.757495880126953125e+00,1.943370849609375000e+03
2.000000476837158203e-01,2.745495796203613281e+00,1.943273071289062500e+03
1.999998092651367188e-01,2.734305381774902344e+00,1.943178222656250000e+03
1.999998092651367188e-01,2.723875761032104492e+00,1.943086181640625000e+03
2.000000476837158203e-01,2.714162111282348633e+00,1.942996582031250000e+03
2.000000476837158203e-01,2.705124855041503906e+00,1.942909423828125000e+03
1.999998092651367188e-01,2.696728229522705078e+00,1.942824340820312500e+03
2.000000476837158203e-01,2.688939094543457031e+00,1.942741210937500000e+03
2.000000476837158203e-01,2.681728363037109375e+00,1.942659790039062500e+03
2.000000476837158203e-01,2.675069332122802734e+00,1.942580078125000000e+03
2.000000476837158203e-01,2.668938159942626953e+00,1.942501831054687500e+03
2.000000476837158203e-01,2.663313388824462891e+00,1.942425048828125000e+03
2.000002861022949219e-01,2.658175468444824219e+00,1.942349365234375000e+03
2.000000476837158203e-01,2.653507471084594727e+00,1.942274902343750000e+03
1.999998092651367188e-01,2.649293422698974609e+00,1.942201416015625000e+03
2.000000476837158203e-01,2.645519495010375977e+00,1.942128784179687500e+03
2.000000476837158203e-01,2.642174005508422852e+00,1.942057006835937500e+03
1.999998092651367188e-01,2.639245986938476562e+00,1.941985839843750000e+03
2.000000476837158203e-01,2.636726379394531250e+00,1.941915283203125000e+03
2.000002861022949219e-01,2.634607315063476562e+00,1.941845336914062500e+03
1.999998092651367188e-01,2.632882356643676758e+00,1.941775756835937500e+03
2.000002861022949219e-01,2.631546020507812500e+00,1.941706542968750000e+03
2.000000476837158203e-01,2.630594253540039062e+00,1.941637573242187500e+03
2.000000476837158203e-01,2.630024433135986328e+00,1.941568725585937500e+03
2.000000476837158203e-01,2.629834651947021484e+00,1.941500000000000000e+03
2.000000476837158203e-01,2.630024433135986328e+00,1.941431274414062500e+03
2.000000476837158203e-01,2.630594253540039062e+00,1.941362426757812500e+03
2.000002861022949219e-01,2.631546020507812500e+00,1.941293457031250000e+03
1.999998092651367188e-01,2.632882356643676758e+00,1.941224243164062500e+03
2.000002861022949219e-01,2.634607315063476562e+00,1.941154663085937500e+03
2.000000476837158203e-01,2.636726379394531250e+00,1.941084716796875000e+03
1.999998092651367188e-01,2.639245986938476562e+00,1.941014160156250000e+03
2.000000476837158203e-01,2.642174005508422852e+00,1.940942993164062500e+03
2.000000476837158203e-01,2.645519495010375977e+00,1.940871215820312500e+03
1.999998092651367188e-01,2.649293422698974609e+00,1.940798583984375000e+03
2.000000476837158203e-01,2.653507471084594727e+00,1.940725097656250000e+03
2.000002861022949219e-01,2.658175468444824219e+00,1.940650634765625000e+03
2.000000476837158203e-01,2.663313388824462891e+00,1.940574951171875000e+03
2.000000476837158203e-01,2.668938159942626953e+00,1.940498168945312500e+03
2.000000476837158203e-01,2.675069332122802734e+00,1.940419921875000000e+03
2.000000476837158203e-01,2.681728363037109375e+00,1.940340209960937500e+03
2.000000476837158203e-01,2.688939094543457031e+00,1.940258789062500000e+03
1.999998092651367188e-01,2.696728229522705078e+00,1.940175659179687500e+03
2.000000476837158203e-01,2.705124855041503906e+00,1.940090576171875000e+03
2.000000476837158203e-01,2.714162111282348633e+00,1.940003417968750000e+03
1.999998092651367188e-01,2.723875761032104492e+00,1.939913818359375000e+03
1.999998092651367188e-01,2.734305381774902344e+00,1.939821777343750000e+03
2.000000476837158203e-01,2.745495796203613281e+00,1.939726928710937500e+03
2.000000476837158203e-01,2.757495880126953125e+00,1.939629150390625000e+03
2.000000476837158203e-01,2.770360231399536133e+00,1.939528076171875000e+03
2.000000476837158203e-01,2.784149408340454102e+00,1.939423339843750000e+03
1.999998092651367188e-01,2.798931598663330078e+00,1.939314819335937500e+03
2.000002861022949219e-01,2.814781665802001953e+00,1.939202148437500000e+03
2.000000476837158203e-01,2.831784725189208984e+00,1.939084716796875000e+03
2.000000476837158203e-01,2.850035667419433594e+00,1.938962280273437500e+03
2.000000476837158203e-01,2.869640827178955078e+00,1.938834228515625000e+03
2.000000476837158203e-01,2.890720844268798828e+00,1.938699951171875000e+03
1.999998092651367188e-01,2.913412332534790039e+00,1.938559082031250000e+03
2.000002861022949219e-01,2.937869548797607422e+00,1.938410644531250000e+03
1.999998092651367188e-01,2.964269638061523438e+00,1.938254028320312500e+03
2.000000476837158203e-01,2.992814540863037109e+00,1.938088134765625000e+03
5.800000667572021484e+00,2.992814540863037109e+00,1.938088134765625000e+03
5.800000190734863281e+00,2.964269876480102539e+00,1.938254028320312500e+03
5.800000190734863281e+00,2.937869787216186523e+00,1.938410644531250000e+03
5.800000190734863281e+00,2.913412332534790039e+00,1.938559082031250000e+03
5.800000190734863281e+00,2.890720844268798828e+00,1.938699951171875000e+03
5.800000190734863281e+00,2.869640827178955078e+00,1.938834228515625000e+03
5.800000190734863281e+00,2.850035667419433594e+00,1.938962280273437500e+03
5.800000190734863281e+00,2.831784963607788086e+00,1.939084716796875000e+03
5.800000190734863281e+00,2.814781665802001953e+00,1.939202148437500000e+03
5.800000190734863281e+00,2.798931598663330078e+00,1.939314819335937500e+03
5.800000190734863281e+00,2.784149646759033203e+00,1.939423339843750000e+03
5.800000190734863281e+00,2.770360231399536133e+00,1.939528076171875000e+03
5.800000190734863281e+00,2.757495880126953125e+00,1.939629150390625000e+03
5.800000190734863281e+00,2.745495796203613281e+00,1.939726928710937500e+03
5.800000190734863281e+00,2.734305381774902344e+00,1.939821777343750000e+03
5.800000190734863281e+00,2.723875761032104492e+00,1.939913818359375000e+03
5.800000190734863281e+00,2.714162111282348633e+00,1.940003417968750000e+03
5.800000190734863281e+00,2.705125093460083008e+00,1.940090576171875000e+03
5.800000190734863281e+00,2.696728229522705078e+00,1.940175659179687500e+03
5.800000190734863281e+00,2.688939094543457031e+00,1.940258789062500000e+03
5.800000190734863281e+00,2.681728363037109375e+00,1.940340209960937500e+03
5.800000190734863281e+00,2.675069332122802734e+00,1.940419921875000000e+03
5.800000190734863281e+00,2.668938159942626953e+00,1.940498168945312500e+03
5.800000190734863281e+00,2.663313388824462891e+00,1.940574951171875000e+03
5.800000190734863281e+00,2.658175706863403320e+00,1.940650634765625000e+03
5.800000190734863281e+00,2.653507471084594727e+00,1.940725097656250000e+03
5.800000190734863281e+00,2.649293422698974609e+00,1.940798583984375000e+03
5.800000190734863281e+00,2.645519733428955078e+00,1.940871215820312500e+03
5.800000190734863281e+00,2.642174005508422852e+00,1.940942993164062500e+03
5.800000667572021484e+00,2.639245986938476562e+00,1.941014160156250000e+03
5.800000190734863281e+00,2.636726379394531250e+00,1.941084716796875000e+03
5.800000190734863281e+00,2.634607315063476562e+00,1.941154663085937500e+03
5.800000190734863281e+00,2.632882356643676758e+00,1.941224243164062500e+03
5.800000190734863281e+00,2.631546020507812500e+00,1.941293457031250000e+03
5.800000190734863281e+00,2.630594491958618164e+00,1.941362426757812500e+03
5.800000190734863281e+00,2.630024671554565430e+00,1.941431274414062500e+03
5.800000190734863281e+00,2.686685323715209961e+00,1.941500000000000000e+03
5.800000190734863281e+00,2.686892271041870117e+00,1.941568725585937500e+03
5.800000190734863281e+00,2.687513351440429688e+00,1.941637573242187500e+03
5.800000190734863281e+00,2.688550949096679688e+00,1.941706542968750000e+03
5.800000190734863281e+00,2.690007925033569336e+00,1.941775756835937500e+03
5.800000190734863281e+00,2.691888570785522461e+00,1.941845336914062500e+03
5.800000190734863281e+00,2.694198846817016602e+00,1.941915283203125000e+03
5.800000190734863281e+00,2.696945905685424805e+00,1.941985839843750000e+03
5.800000190734863281e+00,2.700138330459594727e+00,1.942057006835937500e+03
5.800000190734863281e+00,2.703785896301269531e+00,1.942128784179687500e+03
5.800000190734863281e+00,2.707900285720825195e+00,1.942201416015625000e+03
5.800000190734863281e+00,2.712494611740112305e+00,1.942274902343750000e+03
5.800000190734863281e+00,2.717584133148193359e+00,1.942349365234375000e+03
5.800000190734863281e+00,2.723185777664184570e+00,1.942425048828125000e+03
5.800000190734863281e+00,2.729318141937255859e+00,1.942501831054687500e+03
5.800000190734863281e+00,2.736002922058105469e+00,1.942580078125000000e+03
5.800000190734863281e+00,2.743262767791748047e+00,1.942659790039062500e+03
5.800000190734863281e+00,2.751124382019042969e+00,1.942741210937500000e+03
5.800000190734863281e+00,2.759616613388061523e+00,1.942824340820312500e+03
5.800000190734863281e+00,2.768771409988403320e+00,1.942909423828125000e+03
5.800000190734863281e+00,2.778624296188354492e+00,1.942996582031250000e+03
5.800000190734863281e+00,2.789214611053466797e+00,1.943086181640625000e+03
5.800000190734863281e+00,2.800585746765136719e+00,1.943178222656250000e+03
5.800000190734863281e+00,2.812786102294921875e+00,1.943273071289062500e+03
5.800000190734863281e+00,2.825869321823120117e+00,1.943370849609375000e+03
5.800000190734863281e+00,2.839894771575927734e+00,1.943471923828125000e+03
5.800000190734863281e+00,2.854928970336914062e+00,1.943576660156250000e+03
5.800000190734863281e+00,2.871045112609863281e+00,1.943685180664062500e+03
5.800000190734863281e+00,2.888326168060302734e+00,1.943797851562500000e+03
5.800000190734863281e+00,2.906863927841186523e+00,1.943915283203125000e+03
5.800000190734863281e+00,2.926762104034423828e+00,1.944037719726562500e+03
5.800000190734863281e+00,2.948136806488037109e+00,1.944165771484375000e+03
5.800000190734863281e+00,2.971119642257690430e+00,1.944300048828125000e+03
5.800000667572021484e+00,2.995859384536743164e+00,1.944440917968750000e+03
2.000000476837158203e-01,2.995859146118164062e+00,1.944440917968750000e+03
2.000000476837158203e-01,2.971119642257690430e+00,1.944300048828125000e+03
2.000002861022949219e-01,2.948136568069458008e+00,1.944165771484375000e+03
2.000000476837158203e-01,2.926761865615844727e+00,1.944037719726562500e+03
2.000000476837158203e-01,2.906863689422607422e+00,1.943915283203125000e+03
2.000002861022949219e-01,2.888325929641723633e+00,1.943797851562500000e+03
2.000002861022949219e-01,2.871044874191284180e+00,1.943685180664062500e+03
1.999998092651367188e-01,2.854928970336914062e+00,1.943576660156250000e+03
2.000000476837158203e-01,2.839894771575927734e+00,1.943471923828125000e+03
2.000000476837158203e-01,2.825869321823120117e+00,1.943370849609375000e+03
2.000000476837158203e-01,2.812786102294921875e+00,1.943273071289062500e+03
1.999998092651367188e-01,2.800585746765136719e+00,1.943178222656250000e+03
2.000000476837158203e-01,2.789214611053466797e+00,1.943086181640625000e+03
1.999998092651367188e-01,2.778624296188354492e+00,1.942996582031250000e+03
2.000000476837158203e-01,2.768771171569824219e+00,1.942909423828125000e+03
2.000000476837158203e-01,2.759616613388061523e+00,1.942824340820312500e+03
2.000000476837158203e-01,2.751124382019042969e+00,1.942741210937500000e+03
1.999998092651367188e-01,2.743262767791748047e+00,1.942659790039062500e+03
1.999998092651367188e-01,2.736002683639526367e+00,1.942580078125000000e+03
2.000000476837158203e-01,2.729318141937255859e+00,1.942501831054687500e+03
2.000000476837158203e-01,2.723185539245605469e+00,1.942425048828125000e+03
2.000000476837158203e-01,2.717584133148193359e+00,1.942349365234375000e+03
2.000000476837158203e-01,2.712494611740112305e+00,1.942274902343750000e+03
2.000000476837158203e-01,2.707900047302246094e+00,1.942201416015625000e+03
2.000000476837158203e-01,2.703785657882690430e+00,1.942128784179687500e+03
2.000000476837158203e-01,2.700138092041015625e+00,1.942057006835937500e+03
2.000000476837158203e-01,2.696945905685424805e+00,1.941985839843750000e+03
2.000002861022949219e-01,2.694198846817016602e+00,1.941915283203125000e+03
2.000002861022949219e-01,2.691888570785522461e+00,1.941845336914062500e+03
2.000000476837158203e-01,2.690007686614990234e+00,1.941775756835937500e+03
2.000000476837158203e-01,2.688550949096679688e+00,1.941706542968750000e+03
2.000000476837158203e-01,2.687513351440429688e+00,1.941637573242187500e+03
1.999998092651367188e-01,2.686892032623291016e+00,1.941568725585937500e+03
1.999998092651367188e-01,2.686685323715209961e+00,1.941500000000000000e+03
1.999998092651367188e-01,2.686892032623291016e+00,1.941431274414062500e+03
2.000000476837158203e-01,2.687513351440429688e+00,1.941362426757812500e+03
2.000000476837158203e-01,2.688550949096679688e+00,1.941293457031250000e+03
2.000000476837158203e-01,2.690007686614990234e+00,1.941224243164062500e+03
2.000002861022949219e-01,2.691888570785522461e+00,1.941154663085937500e+03
2.000002861022949219e-01,2.694198846817016602e+00,1.941084716796875000e+03
2.000000476837158203e-01,2.696945905685424805e+00,1.941014160156250000e+03
2.000000476837158203e-01,2.700138092041015625e+00,1.940942993164062500e+03
2.000000476837158203e-01,2.703785657882690430e+00,1.940871215820312500e+03
2.000000476837158203e-01,2.707900047302246094e+00,1.940798583984375000e+03
2.000000476837158203e-01,2.712494611740112305e+00,1.940725097656250000e+03
2.000000476837158203e-01,2.717584133148193359e+00,1.940650634765625000e+03
2.000000476837158203e-01,2.723185539245605469e+00,1.940574951171875000e+03
2.000000476837158203e-01,2.729318141937255859e+00,1.940498168945312500e+03
1.999998092651367188e-01,2.736002683639526367e+00,1.940419921875000000e+03
1.999998092651367188e-01,2.743262767791748047e+00,1.940340209960937500e+03
2.000000476837158203e-01,2.751124382019042969e+00,1.940258789062500000e+03
2.000000476837158203e-01,2.759616613388061523e+00,1.940175659179687500e+03
2.000000476837158203e-01,2.768771171569824219e+00,1.940090576171875000e+03
1.999998092651367188e-01,2.778624296188354492e+00,1.940003417968750000e+03
2.000000476837158203e-01,2.789214611053466797e+00,1.939913818359375000e+03
1.999998092651367188e-01,2.800585746765136719e+00,1.939821777343750000e+03
2.000000476837158203e-01,2.812786102294921875e+00,1.939726928710937500e+03
2.000000476837158203e-01,2.825869321823120117e+00,1.939629150390625000e+03
2.000000476837158203e-01,2.839894771575927734e+00,1.939528076171875000e+03
1.999998092651367188e-01,2.854928970336914062e+00,1.939423339843750000e+03
2.000002861022949219e-01,2.871044874191284180e+00,1.939314819335937500e+03
2.000002861022949219e-01,2.888325929641723633e+00,1.939202148437500000e+03
2.000000476837158203e-01,2.906863689422607422e+00,1.939084716796875000e+03
2.000000476837158203e-01,2.926761865615844727e+00,1.938962280273437500e+03
2.000002861022949219e-01,2.948136568069458008e+00,1.938834228515625000e+03
2.000000476837158203e-01,2.971119642257690430e+00,1.938699951171875000e+03
2.000000476837158203e-01,2.995859146118164062e+00,1.938559082031250000e+03
5.800000667572021484e+00,2.995859384536743164e+00,1.938559082031250000e+03
5.800000190734863281e+00,2.971119642257690430e+00,1.938699951171875000e+03
5.800000190734863281e+00,2.948136806488037109e+00,1.938834228515625000e+03
5.800000190734863281e+00,2.926762104034423828e+00,1.938962280273437500e+03
5.800000190734863281e+00,2.906863927841186523e+00,1.939084716796875000e+03
5.800000190734863281e+00,2.888326168060302734e+00,1.939202148437500000e+03
5.800000190734863281e+00,2.871045112609863281e+00,1.939314819335937500e+03
5.800000190734863281e+00,2.854928970336914062e+00,1.939423339843750000e+03
5.800000190734863281e+00,2.839894771575927734e+00,1.939528076171875000e+03
5.800000190734863281e+00,2.825869321823120117e+00,1.939629150390625000e+03
5.800000190734863281e+00,2.812786102294921875e+00,1.939726928710937500e+03
5.800000190734863281e+00,2.800585746765136719e+00,1.939821777343750000e+03
5.800000190734863281e+00,2.789214611053466797e+00,1.939913818359375000e+03
5.800000190734863281e+00,2.778624296188354492e+00,1.940003417968750000e+03
5.800000190734863281e+00,2.768771409988403320e+00,1.940090576171875000e+03
5.800000190734863281e+00,2.759616613388061523e+00,1.940175659179687500e+03
5.800000190734863281e+00,2.751124382019042969e+00,1.940258789062500000e+03
5.800000190734863281e+00,2.743262767791748047e+00,1.940340209960937500e+03
5.800000190734863281e+00,2.736002922058105469e+00,1.940419921875000000e+03
5.800000190734863281e+00,2.729318141937255859e+00,1.940498168945312500e+03
5.800000190734863281e+00,2.723185777664184570e+00,1.940574951171875000e+03
5.800000190734863281e+00,2.717584133148193359e+00,1.940650634765625000e+03
5.800000190734863281e+00,2.712494611740112305e+00,1.940725097656250000e+03
5.800000190734863281e+00,2.707900285720825195e+00,1.940798583984375000e+03
5.800000190734863281e+00,2.703785896301269531e+00,1.940871215820312500e+03
5.800000190734863281e+00,2.700138330459594727e+00,1.940942993164062500e+03
5.800000190734863281e+00,2.696945905685424805e+00,1.941014160156250000e+03
5.800000190734863281e+00,2.694198846817016602e+00,1.941084716796875000e+03
5.800000190734863281e+00,2.691888570785522461e+00,1.941154663085937500e+03
5.800000190734863281e+00,2.690007925033569336e+00,1.941224243164062500e+03
5.800000190734863281e+00,2.688550949096679688e+00,1.941293457031250000e+03
5.800000190734863281e+00,2.687513351440429688e+00,1.941362426757812500e+03
5.800000190734863281e+00,2.686892271041870117e+00,1.941431274414062500e+03
5.800000190734863281e+00,2.744074821472167969e+00,1.941500000000000000e+03
5.800000190734863281e+00,2.744298934936523438e+00,1.941568725585937500e+03
5.800000190734863281e+00,2.744972229003906250e+00,1.941637573242187500e+03
5.800000190734863281e+00,2.746096611022949219e+00,1.941706542968750000e+03
5.800000190734863281e+00,2.747675180435180664e+00,1.941775756835937500e+03
5.800000190734863281e+00,2.749712944030761719e+00,1.941845336914062500e+03
5.800000190734863281e+00,2.752216339111328125e+00,1.941915283203125000e+03
5.800000667572021484e+00,2.755193233489990234e+00,1.941985839843750000e+03
5.800000190734863281e+00,2.758652210235595703e+00,1.942057006835937500e+03
5.800000190734863281e+00,2.762604475021362305e+00,1.942128784179687500e+03
5.800000190734863281e+00,2.767062664031982422e+00,1.942201416015625000e+03
5.800000190734863281e+00,2.772041320800781250e+00,1.942274902343750000e+03
5.800000190734863281e+00,2.777556180953979492e+00,1.942349365234375000e+03
5.800000190734863281e+00,2.783625841140747070e+00,1.942425048828125000e+03
5.800000190734863281e+00,2.790270805358886719e+00,1.942501831054687500e+03
5.800000190734863281e+00,2.797513961791992188e+00,1.942580078125000000e+03
5.800000190734863281e+00,2.805380821228027344e+00,1.942659790039062500e+03
5.800000190734863281e+00,2.813899517059326172e+00,1.942741210937500000e+03
5.800000190734863281e+00,2.823101282119750977e+00,1.942824340820312500e+03
5.800000190734863281e+00,2.833021402359008789e+00,1.942909423828125000e+03
5.800000190734863281e+00,2.843697547912597656e+00,1.942996582031250000e+03
5.800000190734863281e+00,2.855172872543334961e+00,1.943086181640625000e+03
5.800000190734863281e+00,2.867494583129882812e+00,1.943178222656250000e+03
5.800000190734863281e+00,2.880714654922485352e+00,1.943273071289062500e+03
5.800000190734863281e+00,2.894891262054443359e+00,1.943370849609375000e+03
5.800000190734863281e+00,2.910088777542114258e+00,1.943471923828125000e+03
5.800000190734863281e+00,2.926379203796386719e+00,1.943576660156250000e+03
5.800000190734863281e+00,2.943842411041259766e+00,1.943685180664062500e+03
5.800000667572021484e+00,2.962567806243896484e+00,1.943797851562500000e+03
5.800000190734863281e+00,2.982654571533203125e+00,1.943915283203125000e+03
2.000000476837158203e-01,2.982654571533203125e+00,1.943915283203125000e+03
1.999998092651367188e-01,2.962567806243896484e+00,1.943797851562500000e+03
2.000000476837158203e-01,2.943842411041259766e+00,1.943685180664062500e+03
2.000000476837158203e-01,2.926379203796386719e+00,1.943576660156250000e+03
2.000000476837158203e-01,2.910088777542114258e+00,1.943471923828125000e+03
2.000000476837158203e-01,2.894891262054443359e+00,1.943370849609375000e+03
1.999998092651367188e-01,2.880714416503906250e+00,1.943273071289062500e+03
1.999998092651367188e-01,2.867494344711303711e+00,1.943178222656250000e+03
2.000002861022949219e-01,2.855172872543334961e+00,1.943086181640625000e+03
2.000000476837158203e-01,2.843697547912597656e+00,1.942996582031250000e+03
2.000000476837158203e-01,2.833021163940429688e+00,1.942909423828125000e+03
2.000000476837158203e-01,2.823101282119750977e+00,1.942824340820312500e+03
2.000000476837158203e-01,2.813899517059326172e+00,1.942741210937500000e+03
1.999998092651367188e-01,2.805380821228027344e+00,1.942659790039062500e+03
2.000000476837158203e-01,2.797513961791992188e+00,1.942580078125000000e+03
2.000002861022949219e-01,2.790270805358886719e+00,1.942501831054687500e+03
2.000000476837158203e-01,2.783625841140747070e+00,1.942425048828125000e+03
1.999998092651367188e-01,2.777556180953979492e+00,1.942349365234375000e+03
2.000000476837158203e-01,2.772041082382202148e+00,1.942274902343750000e+03
2.000002861022949219e-01,2.767062664031982422e+00,1.942201416015625000e+03
2.000000476837158203e-01,2.762604475021362305e+00,1.942128784179687500e+03
2.000000476837158203e-01,2.758651971817016602e+00,1.942057006835937500e+03
1.999998092651367188e-01,2.755192995071411133e+00,1.941985839843750000e+03
2.000002861022949219e-01,2.752216339111328125e+00,1.941915283203125000e+03
2.000000476837158203e-01,2.749712944030761719e+00,1.941845336914062500e+03
2.000000476837158203e-01,2.747674942016601562e+00,1.941775756835937500e+03
1.999998092651367188e-01,2.746096372604370117e+00,1.941706542968750000e+03
1.999998092651367188e-01,2.744972229003906250e+00,1.941637573242187500e+03
1.999998092651367188e-01,2.744298934936523438e+00,1.941568725585937500e+03
1.999998092651367188e-01,2.744074821472167969e+00,1.941500000000000000e+03
1.999998092651367188e-01,2.744298934936523438e+00,1.941431274414062500e+03
1.999998092651367188e-01,2.744972229003906250e+00,1.941362426757812500e+03
1.999998092651367188e-01,2.746096372604370117e+00,1.941293457031250000e+03
2.000000476837158203e-01,2.747674942016601562e+00,1.941224243164062500e+03
2.000000476837158203e-01,2.749712944030761719e+00,1.941154663085937500e+03
2.000002861022949219e-01,2.752216339111328125e+00,1.941084716796875000e+03
1.999998092651367188e-01,2.755192995071411133e+00,1.941014160156250000e+03
2.000000476837158203e-01,2.758651971817016602e+00,1.940942993164062500e+03
2.000000476837158203e-01,2.762604475021362305e+00,1.940871215820312500e+03
2.000002861022949219e-01,2.767062664031982422e+00,1.940798583984375000e+03
2.000000476837158203e-01,2.772041082382202148e+00,1.940725097656250000e+03
1.999998092651367188e-01,2.777556180953979492e+00,1.940650634765625000e+03
2.000000476837158203e-01,2.783625841140747070e+00,1.940574951171875000e+03
2.000002861022949219e-01,2.790270805358886719e+00,1.940498168945312500e+03
2.000000476837158203e-01,2.797513961791992188e+00,1.940419921875000000e+03
1.999998092651367188e-01,2.805380821228027344e+00,1.940340209960937500e+03
2.000000476837158203e-01,2.813899517059326172e+00,1.940258789062500000e+03
2.000000476837158203e-01,2.823101282119750977e+00,1.940175659179687500e+03
2.000000476837158203e-01,2.833021163940429688e+00,1.940090576171875000e+03
2.000000476837158203e-01,2.843697547912597656e+00,1.940003417968750000e+03
2.000002861022949219e-01,2.855172872543334961e+00,1.939913818359375000e+03
1.999998092651367188e-01,2.867494344711303711e+00,1.939821777343750000e+03
1.999998092651367188e-01,2.880714416503906250e+00,1.939726928710937500e+03
2.000000476837158203e-01,2.894891262054443359e+00,1.939629150390625000e+03
2.000000476837158203e-01,2.910088777542114258e+00,1.939528076171875000e+03
2.000000476837158203e-01,2.926379203796386719e+00,1.939423339843750000e+03
2.000000476837158203e-01,2.943842411041259766e+00,1.939314819335937500e+03
1.999998092651367188e-01,2.962567806243896484e+00,1.939202148437500000e+03
2.000000476837158203e-01,2.982654571533203125e+00,1.939084716796875000e+03
5.800000190734863281e+00,2.982654571533203125e+00,1.939084716796875000e+03
5.800000667572021484e+00,2.962567806243896484e+00,1.939202148437500000e+03
5.800000190734863281e+00,2.943842411041259766e+00,1.939314819335937500e+03
5.800000190734863281e+00,2.926379203796386719e+00,1.939423339843750000e+03
5.800000190734863281e+00,2.910088777542114258e+00,1.939528076171875000e+03
5.800000190734863281e+00,2.894891262054443359e+00,1.939629150390625000e+03
5.800000190734863281e+00,2.880714654922485352e+00,1.939726928710937500e+03
5.800000190734863281e+00,2.867494583129882812e+00,1.939821777343750000e+03
5.800000190734863281e+00,2.855172872543334961e+00,1.939913818359375000e+03
5.800000190734863281e+00,2.843697547912597656e+00,1.940003417968750000e+03
5.800000190734863281e+00,2.833021402359008789e+00,1.940090576171875000e+03
5.800000190734863281e+00,2.823101282119750977e+00,1.940175659179687500e+03
5.800000190734863281e+00,2.813899517059326172e+00,1.940258789062500000e+03
5.800000190734863281e+00,2.805380821228027344e+00,1.940340209960937500e+03
5.800000190734863281e+00,2.797513961791992188e+00,1.940419921875000000e+03
5.800000190734863281e+00,2.790270805358886719e+00,1.940498168945312500e+03
5.800000190734863281e+00,2.783625841140747070e+00,1.940574951171875000e+03
5.800000190734863281e+00,2.777556180953979492e+00,1.940650634765625000e+03
5.800000190734863281e+00,2.772041320800781250e+00,1.940725097656250000e+03
5.800000190734863281e+00,2.767062664031982422e+00,1.940798583984375000e+03
5.800000190734863281e+00,2.762604475021362305e+00,1.940871215820312500e+03
5.800000190734863281e+00,2.758652210235595703e+00,1.940942993164062500e+03
5.800000667572021484e+00,2.755193233489990234e+00,1.941014160156250000e+03
5.800000190734863281e+00,2.752216339111328125e+00,1.941084716796875000e+03
5.800000190734863281e+00,2.749712944030761719e+00,1.941154663085937500e+03
5.800000190734863281e+00,2.747675180435180664e+00,1.941224243164062500e+03
5.800000190734863281e+00,2.746096611022949219e+00,1.941293457031250000e+03
5.800000190734863281e+00,2.744972229003906250e+00,1.941362426757812500e+03
5.800000190734863281e+00,2.744298934936523438e+00,1.941431274414062500e+03
5.800000190734863281e+00,2.802054405212402344e+00,1.941500000000000000e+03
5.800000190734863281e+00,2.802295923233032227e+00,1.941568725585937500e+03
5.800000190734863281e+00,2.803021669387817383e+00,1.941637573242187500e+03
5.800000190734863281e+00,2.804233551025390625e+00,1.941706542968750000e+03
5.800000190734863281e+00,2.805935144424438477e+00,1.941775756835937500e+03
5.800000190734863281e+00,2.808131933212280273e+00,1.941845336914062500e+03
5.800000190734863281e+00,2.810830354690551758e+00,1.941915283203125000e+03
5.800000190734863281e+00,2.814038991928100586e+00,1.941985839843750000e+03
5.800000190734863281e+00,2.817767620086669922e+00,1.942057006835937500e+03
5.800000190734863281e+00,2.822027683258056641e+00,1.942128784179687500e+03
5.800000190734863281e+00,2.826833486557006836e+00,1.942201416015625000e+03
5.800000190734863281e+00,2.832200050354003906e+00,1.942274902343750000e+03
5.800000190734863281e+00,2.838144540786743164e+00,1.942349365234375000e+03
5.800000190734863281e+00,2.844687223434448242e+00,1.942425048828125000e+03
5.800000190734863281e+00,2.851850032806396484e+00,1.942501831054687500e+03
5.800000190734863281e+00,2.859657526016235352e+00,1.942580078125000000e+03
5.800000190734863281e+00,2.868137359619140625e+00,1.942659790039062500e+03
5.800000190734863281e+00,2.877319812774658203e+00,1.942741210937500000e+03
5.800000190734863281e+00,2.887238740921020508e+00,1.942824340820312500e+03
5.800000190734863281e+00,2.897931575775146484e+00,1.942909423828125000e+03
5.800000190734863281e+00,2.909439802169799805e+00,1.942996582031250000e+03
5.800000190734863281e+00,2.921809434890747070e+00,1.943086181640625000e+03
5.800000190734863281e+00,2.935091018676757812e+00,1.943178222656250000e+03
5.800000190734863281e+00,2.949341297149658203e+00,1.943273071289062500e+03
5.800000190734863281e+00,2.964622497558593750e+00,1.943370849609375000e+03
5.800000190734863281e+00,2.981004476547241211e+00,1.943471923828125000e+03
5.800000190734863281e+00,2.998564243316650391e+00,1.943576660156250000e+03
1.999998092651367188e-01,2.998564243316650391e+00,1.943576660156250000e+03
2.000000476837158203e-01,2.981004238128662109e+00,1.943471923828125000e+03
2.000000476837158203e-01,2.964622497558593750e+00,1.943370849609375000e+03
2.000000476837158203e-01,2.949341058731079102e+00,1.943273071289062500e+03
2.000000476837158203e-01,2.935091018676757812e+00,1.943178222656250000e+03
2.000000476837158203e-01,2.921809196472167969e+00,1.943086181640625000e+03
1.999998092651367188e-01,2.909439802169799805e+00,1.942996582031250000e+03
2.000000476837158203e-01,2.897931575775146484e+00,1.942909423828125000e+03
2.000000476837158203e-01,2.887238502502441406e+00,1.942824340820312500e+03
2.000000476837158203e-01,2.877319812774658203e+00,1.942741210937500000e+03
2.000000476837158203e-01,2.868137121200561523e+00,1.942659790039062500e+03
2.000000476837158203e-01,2.859657526016235352e+00,1.942580078125000000e+03
2.000000476837158203e-01,2.851850032806396484e+00,1.942501831054687500e+03
2.000000476837158203e-01,2.844687223434448242e+00,1.942425048828125000e+03
2.000000476837158203e-01,2.838144540786743164e+00,1.942349365234375000e+03
2.000000476837158203e-01,2.832199811935424805e+00,1.942274902343750000e+03
2.000000476837158203e-01,2.826833248138427734e+00,1.942201416015625000e+03
2.000000476837158203e-01,2.822027683258056641e+00,1.942128784179687500e+03
2.000000476837158203e-01,2.817767381668090820e+00,1.942057006835937500e+03
1.999998092651367188e-01,2.814038753509521484e+00,1.941985839843750000e+03
2.000002861022949219e-01,2.810830116271972656e+00,1.941915283203125000e+03
1.999998092651367188e-01,2.808131694793701172e+00,1.941845336914062500e+03
2.000000476837158203e-01,2.805934906005859375e+00,1.941775756835937500e+03
2.000000476837158203e-01,2.804233312606811523e+00,1.941706542968750000e+03
2.000000476837158203e-01,2.803021430969238281e+00,1.941637573242187500e+03
2.000000476837158203e-01,2.802295923233032227e+00,1.941568725585937500e+03
2.000000476837158203e-01,2.802054166793823242e+00,1.941500000000000000e+03
2.000000476837158203e-01,2.802295923233032227e+00,1.941431274414062500e+03
2.000000476837158203e-01,2.803021430969238281e+00,1.941362426757812500e+03
2.000000476837158203e-01,2.804233312606811523e+00,1.941293457031250000e+03
2.000000476837158203e-01,2.805934906005859375e+00,1.941224243164062500e+03
1.999998092651367188e-01,2.808131694793701172e+00,1.941154663085937500e+03
2.000002861022949219e-01,2.810830116271972656e+00,1.941084716796875000e+03
1.999998092651367188e-01,2.814038753509521484e+00,1.941014160156250000e+03
2.000000476837158203e-01,2.817767381668090820e+00,1.940942993164062500e+03
2.000000476837158203e-01,2.822027683258056641e+00,1.940871215820312500e+03
2.000000476837158203e-01,2.826833248138427734e+00,1.940798583984375000e+03
2.000000476837158203e-01,2.832199811935424805e+00,1.940725097656250000e+03
2.000000476837158203e-01,2.838144540786743164e+00,1.940650634765625000e+03
2.000000476837158203e-01,2.844687223434448242e+00,1.940574951171875000e+03
2.000000476837158203e-01,2.851850032806396484e+00,1.940498168945312500e+03
2.000000476837158203e-01,2.859657526016235352e+00,1.940419921875000000e+03
2.000000476837158203e-01,2.868137121200561523e+00,1.940340209960937500e+03
2.000000476837158203e-01,2.877319812774658203e+00,1.940258789062500000e+03
2.000000476837158203e-01,2.887238502502441406e+00,1.940175659179687500e+03
2.000000476837158203e-01,2.897931575775146484e+00,1.940090576171875000e+03
1.999998092651367188e-01,2.909439802169799805e+00,1.940003417968750000e+03
2.000000476837158203e-01,2.921809196472167969e+00,1.939913818359375000e+03
2.000000476837158203e-01,2.935091018676757812e+00,1.939821777343750000e+03
2.000000476837158203e-01,2.949341058731079102e+00,1.939726928710937500e+03
2.000000476837158203e-01,2.964622497558593750e+00,1.939629150390625000e+03
2.000000476837158203e-01,2.981004238128662109e+00,1.939528076171875000e+03
1.999998092651367188e-01,2.998564243316650391e+00,1.939423339843750000e+03
5.800000190734863281e+00,2.998564243316650391e+00,1.939423339843750000e+03
5.800000190734863281e+00,2.981004476547241211e+00,1.939528076171875000e+03
5.800000190734863281e+00,2.964622497558593750e+00,1.939629150390625000e+03
5.800000190734863281e+00,2.949341297149658203e+00,1.939726928710937500e+03
5.800000190734863281e+00,2.935091018676757812e+00,1.939821777343750000e+03
5.800000190734863281e+00,2.921809434890747070e+00,1.939913818359375000e+03
5.800000190734863281e+00,2.909439802169799805e+00,1.940003417968750000e+03
5.800000190734863281e+00,2.897931575775146484e+00,1.940090576171875000e+03
5.800000190734863281e+00,2.887238740921020508e+00,1.940175659179687500e+03
5.800000190734863281e+00,2.877319812774658203e+00,1.940258789062500000e+03
5.800000190734863281e+00,2.868137359619140625e+00,1.940340209960937500e+03
5.800000190734863281e+00,2.859657526016235352e+00,1.940419921875000000e+03
5.800000190734863281e+00,2.851850032806396484e+00,1.940498168945312500e+03
5.800000190734863281e+00,2.844687223434448242e+00,1.940574951171875000e+03
5.800000190734863281e+00,2.838144540786743164e+00,1.940650634765625000e+03
5.800000190734863281e+00,2.832200050354003906e+00,1.940725097656250000e+03
5.800000190734863281e+00,2.826833486557006836e+00,1.940798583984375000e+03
5.800000190734863281e+00,2.822027683258056641e+00,1.940871215820312500e+03
5.800000190734863281e+00,2.817767620086669922e+00,1.940942993164062500e+03
5.800000190734863281e+00,2.814038991928100586e+00,1.941014160156250000e+03
5.800000190734863281e+00,2.810830354690551758e+00,1.941084716796875000e+03
5.800000190734863281e+00,2.808131933212280273e+00,1.941154663085937500e+03
5.800000190734863281e+00,2.805935144424438477e+00,1.941224243164062500e+03
5.800000190734863281e+00,2.804233551025390625e+00,1.941293457031250000e+03
5.800000190734863281e+00,2.803021669387817383e+00,1.941362426757812500e+03
5.800000190734863281e+00,2.802295923233032227e+00,1.941431274414062500e+03
5.800000190734863281e+00,2.860676527023315430e+00,1.941500000000000000e+03
5.800000190734863281e+00,2.860935926437377930e+00,1.941568725585937500e+03
5.800000190734863281e+00,2.861714601516723633e+00,1.941637573242187500e+03
5.800000190734863281e+00,2.863014936447143555e+00,1.941706542968750000e+03
5.800000190734863281e+00,2.864840984344482422e+00,1.941775756835937500e+03
5.800000190734863281e+00,2.867198228836059570e+00,1.941845336914062500e+03
5.800000190734863281e+00,2.870094060897827148e+00,1.941915283203125000e+03
5.800000190734863281e+00,2.873537063598632812e+00,1.941985839843750000e+03
5.800000190734863281e+00,2.877538204193115234e+00,1.942057006835937500e+03
5.800000190734863281e+00,2.882109880447387695e+00,1.942128784179687500e+03
5.800000190734863281e+00,2.887266874313354492e+00,1.942201416015625000e+03
5.800000190734863281e+00,2.893025398254394531e+00,1.942274902343750000e+03
5.800000190734863281e+00,2.899404525756835938e+00,1.942349365234375000e+03
5.800000190734863281e+00,2.906425476074218750e+00,1.942425048828125000e+03
5.800000190734863281e+00,2.914111614227294922e+00,1.942501831054687500e+03
5.800000190734863281e+00,2.922490119934082031e+00,1.942580078125000000e+03
5.800000190734863281e+00,2.931589603424072266e+00,1.942659790039062500e+03
5.800000190734863281e+00,2.941443204879760742e+00,1.942741210937500000e+03
5.800000190734863281e+00,2.952087163925170898e+00,1.942824340820312500e+03
5.800000190734863281e+00,2.963561534881591797e+00,1.942909423828125000e+03
5.800000190734863281e+00,2.975910902023315430e+00,1.942996582031250000e+03
5.800000190734863281e+00,2.989184379577636719e+00,1.943086181640625000e+03
2.000000476837158203e-01,2.989184379577636719e+00,1.943086181640625000e+03
1.999998092651367188e-01,2.975910663604736328e+00,1.942996582031250000e+03
2.000000476837158203e-01,2.963561534881591797e+00,1.942909423828125000e+03
2.000000476837158203e-01,2.952086925506591797e+00,1.942824340820312500e+03
1.999998092651367188e-01,2.941442966461181641e+00,1.942741210937500000e+03
2.000000476837158203e-01,2.931589365005493164e+00,1.942659790039062500e+03
2.000002861022949219e-01,2.922489881515502930e+00,1.942580078125000000e+03
2.000000476837158203e-01,2.914111614227294922e+00,1.942501831054687500e+03
1.999998092651367188e-01,2.906425476074218750e+00,1.942425048828125000e+03
2.000000476837158203e-01,2.899404525756835938e+00,1.942349365234375000e+03
2.000000476837158203e-01,2.893025398254394531e+00,1.942274902343750000e+03
1.999998092651367188e-01,2.887266635894775391e+00,1.942201416015625000e+03
2.000000476837158203e-01,2.882109880447387695e+00,1.942128784179687500e+03
1.999998092651367188e-01,2.877538204193115234e+00,1.942057006835937500e+03
2.000000476837158203e-01,2.873537063598632812e+00,1.941985839843750000e+03
2.000000476837158203e-01,2.870093822479248047e+00,1.941915283203125000e+03
2.000000476837158203e-01,2.867198228836059570e+00,1.941845336914062500e+03
2.000002861022949219e-01,2.864840745925903320e+00,1.941775756835937500e+03
2.000000476837158203e-01,2.863014698028564453e+00,1.941706542968750000e+03
2.000000476837158203e-01,2.861714363098144531e+00,1.941637573242187500e+03
2.000000476837158203e-01,2.860935688018798828e+00,1.941568725585937500e+03
2.000000476837158203e-01,2.860676527023315430e+00,1.941500000000000000e+03
2.000000476837158203e-01,2.860935688018798828e+00,1.941431274414062500e+03
2.000000476837158203e-01,2.861714363098144531e+00,1.941362426757812500e+03
2.000000476837158203e-01,2.863014698028564453e+00,1.941293457031250000e+03
2.000002861022949219e-01,2.864840745925903320e+00,1.941224243164062500e+03
2.000000476837158203e-01,2.867198228836059570e+00,1.941154663085937500e+03
2.000000476837158203e-01,2.870093822479248047e+00,1.941084716796875000e+03
2.000000476837158203e-01,2.873537063598632812e+00,1.941014160156250000e+03
1.999998092651367188e-01,2.877538204193115234e+00,1.940942993164062500e+03
2.000000476837158203e-01,2.882109880447387695e+00,1.940871215820312500e+03
1.999998092651367188e-01,2.887266635894775391e+00,1.940798583984375000e+03
2.000000476837158203e-01,2.893025398254394531e+00,1.940725097656250000e+03
2.000000476837158203e-01,2.899404525756835938e+00,1.940650634765625000e+03
1.999998092651367188e-01,2.906425476074218750e+00,1.940574951171875000e+03
2.000000476837158203e-01,2.914111614227294922e+00,1.940498168945312500e+03
2.000002861022949219e-01,2.922489881515502930e+00,1.940419921875000000e+03
2.000000476837158203e-01,2.931589365005493164e+00,1.940340209960937500e+03
1.999998092651367188e-01,2.941442966461181641e+00,1.940258789062500000e+03
2.000000476837158203e-01,2.952086925506591797e+00,1.940175659179687500e+03
2.000000476837158203e-01,2.963561534881591797e+00,1.940090576171875000e+03
1.999998092651367188e-01,2.975910663604736328e+00,1.940003417968750000e+03
2.000000476837158203e-01,2.989184379577636719e+00,1.939913818359375000e+03
5.800000190734863281e+00,2.989184379577636719e+00,1.939913818359375000e+03
5.800000190734863281e+00,2.975910902023315430e+00,1.940003417968750000e+03
5.800000190734863281e+00,2.963561534881591797e+00,1.940090576171875000e+03
5.800000190734863281e+00,2.952087163925170898e+00,1.940175659179687500e+03
5.800000190734863281e+00,2.941443204879760742e+00,1.940258789062500000e+03
5.800000190734863281e+00,2.931589603424072266e+00,1.940340209960937500e+03
5.800000190734863281e+00,2.922490119934082031e+00,1.940419921875000000e+03
5.800000190734863281e+00,2.914111614227294922e+00,1.940498168945312500e+03
5.800000190734863281e+00,2.906425476074218750e+00,1.940574951171875000e+03
5.800000190734863281e+00,2.899404525756835938e+00,1.940650634765625000e+03
5.800000190734863281e+00,2.893025398254394531e+00,1.940725097656250000e+03
5.800000190734863281e+00,2.887266874313354492e+00,1.940798583984375000e+03
5.800000190734863281e+00,2.882109880447387695e+00,1.940871215820312500e+03
5.800000190734863281e+00,2.877538204193115234e+00,1.940942993164062500e+03
5.800000190734863281e+00,2.873537063598632812e+00,1.941014160156250000e+03
5.800000190734863281e+00,2.870094060897827148e+00,1.941084716796875000e+03
5.800000190734863281e+00,2.867198228836059570e+00,1.941154663085937500e+03
5.800000190734863281e+00,2.864840984344482422e+00,1.941224243164062500e+03
5.800000190734863281e+00,2.863014936447143555e+00,1.941293457031250000e+03
5.800000190734863281e+00,2.861714601516723633e+00,1.941362426757812500e+03
5.800000190734863281e+00,2.860935926437377930e+00,1.941431274414062500e+03
5.800000190734863281e+00,2.919996261596679688e+00,1.941500000000000000e+03
5.800000190734863281e+00,2.920273542404174805e+00,1.941568725585937500e+03
5.800000190734863281e+00,2.921105861663818359e+00,1.941637573242187500e+03
5.800000190734863281e+00,2.922495841979980469e+00,1.941706542968750000e+03
5.800000190734863281e+00,2.924448013305664062e+00,1.941775756835937500e+03
5.800000190734863281e+00,2.926967620849609375e+00,1.941845336914062500e+03
5.800000190734863281e+00,2.930062770843505859e+00,1.941915283203125000e+03
5.800000190734863281e+00,2.933743238449096680e+00,1.941985839843750000e+03
5.800000190734863281e+00,2.938020229339599609e+00,1.942057006835937500e+03
5.800000190734863281e+00,2.942906856536865234e+00,1.942128784179687500e+03
5.800000190734863281e+00,2.948419332504272461e+00,1.942201416015625000e+03
5.800000190734863281e+00,2.954574823379516602e+00,1.942274902343750000e+03
5.800000190734863281e+00,2.961393594741821289e+00,1.942349365234375000e+03
5.800000190734863281e+00,2.968898296356201172e+00,1.942425048828125000e+03
5.800000190734863281e+00,2.977114677429199219e+00,1.942501831054687500e+03
5.800000190734863281e+00,2.986070156097412109e+00,1.942580078125000000e+03
5.800000190734863281e+00,2.995796918869018555e+00,1.942659790039062500e+03
2.000000476837158203e-01,2.995796680450439453e+00,1.942659790039062500e+03
2.000000476837158203e-01,2.986069917678833008e+00,1.942580078125000000e+03
1.999998092651367188e-01,2.977114439010620117e+00,1.942501831054687500e+03
2.000000476837158203e-01,2.968898296356201172e+00,1.942425048828125000e+03
2.000000476837158203e-01,2.961393594741821289e+00,1.942349365234375000e+03
2.000002861022949219e-01,2.954574584960937500e+00,1.942274902343750000e+03
2.000000476837158203e-01,2.948419094085693359e+00,1.942201416015625000e+03
2.000002861022949219e-01,2.942906856536865234e+00,1.942128784179687500e+03
2.000000476837158203e-01,2.938019990921020508e+00,1.942057006835937500e+03
2.000000476837158203e-01,2.933743000030517578e+00,1.941985839843750000e+03
2.000000476837158203e-01,2.930062770843505859e+00,1.941915283203125000e+03
2.000000476837158203e-01,2.926967620849609375e+00,1.941845336914062500e+03
2.000000476837158203e-01,2.924447774887084961e+00,1.941775756835937500e+03
2.000002861022949219e-01,2.922495841979980469e+00,1.941706542968750000e+03
2.000000476837158203e-01,2.921105861663818359e+00,1.941637573242187500e+03
2.000000476837158203e-01,2.920273303985595703e+00,1.941568725585937500e+03
2.000000476837158203e-01,2.919996261596679688e+00,1.941500000000000000e+03
2.000000476837158203e-01,2.920273303985595703e+00,1.941431274414062500e+03
2.000000476837158203e-01,2.921105861663818359e+00,1.941362426757812500e+03
2.000002861022949219e-01,2.922495841979980469e+00,1.941293457031250000e+03
2.000000476837158203e-01,2.924447774887084961e+00,1.941224243164062500e+03
2.000000476837158203e-01,2.926967620849609375e+00,1.941154663085937500e+03
2.000000476837158203e-01,2.930062770843505859e+00,1.941084716796875000e+03
2.000000476837158203e-01,2.933743000030517578e+00,1.941014160156250000e+03
2.000000476837158203e-01,2.938019990921020508e+00,1.940942993164062500e+03
2.000002861022949219e-01,2.942906856536865234e+00,1.940871215820312500e+03
2.000000476837158203e-01,2.948419094085693359e+00,1.940798583984375000e+03
2.000002861022949219e-01,2.954574584960937500e+00,1.940725097656250000e+03
2.000000476837158203e-01,2.961393594741821289e+00,1.940650634765625000e+03
2.000000476837158203e-01,2.968898296356201172e+00,1.940574951171875000e+03
1.999998092651367188e-01,2.977114439010620117e+00,1.940498168945312500e+03
2.000000476837158203e-01,2.986069917678833008e+00,1.940419921875000000e+03
2.000000476837158203e-01,2.995796680450439453e+00,1.940340209960937500e+03
5.800000190734863281e+00,2.995796918869018555e+00,1.940340209960937500e+03
5.800000190734863281e+00,2.986070156097412109e+00,1.940419921875000000e+03
5.800000190734863281e+00,2.977114677429199219e+00,1.940498168945312500e+03
5.800000190734863281e+00,2.968898296356201172e+00,1.940574951171875000e+03
5.800000190734863281e+00,2.961393594741821289e+00,1.940650634765625000e+03
5.800000190734863281e+00,2.954574823379516602e+00,1.940725097656250000e+03
5.800000190734863281e+00,2.948419332504272461e+00,1.940798583984375000e+03
5.800000190734863281e+00,2.942906856536865234e+00,1.940871215820312500e+03
5.800000190734863281e+00,2.938020229339599609e+00,1.940942993164062500e+03
5.800000190734863281e+00,2.933743238449096680e+00,1.941014160156250000e+03
5.800000190734863281e+00,2.930062770843505859e+00,1.941084716796875000e+03
5.800000190734863281e+00,2.926967620849609375e+00,1.941154663085937500e+03
5.800000190734863281e+00,2.924448013305664062e+00,1.941224243164062500e+03
5.800000190734863281e+00,2.922495841979980469e+00,1.941293457031250000e+03
5.800000190734863281e+00,2.921105861663818359e+00,1.941362426757812500e+03
5.800000190734863281e+00,2.920273542404174805e+00,1.941431274414062500e+03
5.800000190734863281e+00,2.980071067810058594e+00,1.941500000000000000e+03
5.800000190734863281e+00,2.980366230010986328e+00,1.941568725585937500e+03
5.800000190734863281e+00,2.981252908706665039e+00,1.941637573242187500e+03
5.800000190734863281e+00,2.982733726501464844e+00,1.941706542968750000e+03
5.800000190734863281e+00,2.984813213348388672e+00,1.941775756835937500e+03
5.800000190734863281e+00,2.987497329711914062e+00,1.941845336914062500e+03
5.800000190734863281e+00,2.990794897079467773e+00,1.941915283203125000e+03
5.800000190734863281e+00,2.994715690612792969e+00,1.941985839843750000e+03
5.800000190734863281e+00,2.999271631240844727e+00,1.942057006835937500e+03
2.000000476837158203e-01,2.999271631240844727e+00,1.942057006835937500e+03
1.999998092651367188e-01,2.994715452194213867e+00,1.941985839843750000e+03
2.000000476837158203e-01,2.990794658660888672e+00,1.941915283203125000e+03
2.000000476837158203e-01,2.987497329711914062e+00,1.941845336914062500e+03
2.000000476837158203e-01,2.984812974929809570e+00,1.941775756835937500e+03
2.000000476837158203e-01,2.982733726501464844e+00,1.941706542968750000e+03
2.000000476837158203e-01,2.981252670288085938e+00,1.941637573242187500e+03
2.000000476837158203e-01,2.980366230010986328e+00,1.941568725585937500e+03
2.000000476837158203e-01,2.980070829391479492e+00,1.941500000000000000e+03
2.000000476837158203e-01,2.980366230010986328e+00,1.941431274414062500e+03
2.000000476837158203e-01,2.981252670288085938e+00,1.941362426757812500e+03
2.000000476837158203e-01,2.982733726501464844e+00,1.941293457031250000e+03
2.000000476837158203e-01,2.984812974929809570e+00,1.941224243164062500e+03
2.000000476837158203e-01,2.987497329711914062e+00,1.941154663085937500e+03
2.000000476837158203e-01,2.990794658660888672e+00,1.941084716796875000e+03
1.999998092651367188e-01,2.994715452194213867e+00,1.941014160156250000e+03
2.000000476837158203e-01,2.999271631240844727e+00,1.940942993164062500e+03
5.800000190734863281e+00,2.999271631240844727e+00,1.940942993164062500e+03
5.800000190734863281e+00,2.994715690612792969e+00,1.941014160156250000e+03
5.800000190734863281e+00,2.990794897079467773e+00,1.941084716796875000e+03
5.800000190734863281e+00,2.987497329711914062e+00,1.941154663085937500e+03
5.800000190734863281e+00,2.984813213348388672e+00,1.941224243164062500e+03
5.800000190734863281e+00,2.982733726501464844e+00,1.941293457031250000e+03
5.800000190734863281e+00,2.981252908706665039e+00,1.941362426757812500e+03
5.800000190734863281e+00,2.980366230010986328e+00,1.941431274414062500e+03
